primary_key,age,income,years_experience,target
12a1e1dc-8d8a-4427-9503-7180bd4e823c,56.0,70794.0,12.0,0.0
d83bf1d9-591f-4486-9dae-3c4f1398b48d,46.0,109459.0,0.0,0.0
d11e506c-7561-4332-b41c-ac80d2842404,32.0,147932.0,13.0,0.0
eadf729e-76c4-4e5f-bad6-268766afde46,25.0,80192.0,28.0,1.0
3415c2aa-e9fa-4e8e-9abd-f3da478f2ae3,38.0,57703.0,2.0,0.0
77f1256e-565c-4721-8daf-915daea01d60,56.0,114193.0,23.0,1.0
0329bb64-0b14-402d-9ff7-05bb9b41963b,36.0,99165.0,0.0,0.0
a5528004-ba6a-448a-9a7f-760cde93569f,40.0,97650.0,9.0,0.0
5fb9acc7-e1c8-48dd-9872-2f6b013fcb9a,28.0,86516.0,12.0,0.0
42a03b85-7387-4602-bf12-fb3feffda170,28.0,129981.0,35.0,1.0
6f5915fd-b922-47f1-93ce-5bf443a658cd,41.0,131398.0,8.0,0.0
47df12e3-4123-44cc-87b0-578e6da5e109,53.0,121110.0,13.0,0.0
a9799ef5-2726-49f7-92c9-7d3fbd1a8c19,57.0,127885.0,35.0,1.0
53432033-69a6-4b08-9388-e2d3e8af8161,41.0,52257.0,9.0,0.0
7a33f935-7244-490f-956d-3f61a1f52799,20.0,130588.0,39.0,0.0
f8b94a6b-6faa-447d-8a4e-be0eccb0d360,39.0,133356.0,22.0,0.0
4f25fc79-e3f5-4e11-89ed-bd4e3e881d6a,19.0,113509.0,34.0,1.0
27dfcf5e-45a4-4e4d-bc08-8410aac08add,41.0,121273.0,6.0,0.0
ba420b81-60b4-495e-9e64-26387bbdd350,47.0,81672.0,34.0,0.0
baf3cd85-1d51-40f7-a0c2-42a6981d8b9c,55.0,93308.0,1.0,1.0
f5a23290-55be-4adc-a18b-fde56db4a43f,19.0,107583.0,14.0,1.0
249319b4-4f23-4710-8082-e6ae9ab4aa3a,38.0,149336.0,8.0,0.0
9e7457dd-9177-4389-9174-fc6a5ebd0ca1,50.0,52113.0,16.0,0.0
398c915d-1717-4e8a-8da5-e4ac7445cc6e,29.0,30694.0,38.0,0.0
79d62906-7342-41c4-8e69-23f87669f4a8,39.0,45588.0,17.0,0.0
dc72940e-5bfa-4a18-9720-426c73b31332,42.0,91756.0,14.0,1.0
afe721cd-c08c-43e6-8dfe-21c99327a997,44.0,94085.0,17.0,1.0
0bd47f09-a111-424a-9044-7f3066f4ea4f,59.0,141359.0,23.0,1.0
b317dfa1-b9e5-4523-bbe4-8f061919bb42,45.0,144384.0,22.0,0.0
474944ff-a48c-4345-aa38-fef74d1b40b7,33.0,91142.0,11.0,1.0
d9aef4d9-1689-4ce3-bd9d-0df137227e77,32.0,94373.0,22.0,1.0
9754834d-89c8-4444-ab36-468df193241a,20.0,115603.0,20.0,0.0
41bfbbd9-8004-4806-8b6b-4ebb413549a5,54.0,36704.0,25.0,0.0
a49a9a3c-fc0b-43de-91fb-fe2b55d46ab0,24.0,70136.0,7.0,0.0
22a3b0b5-f543-4936-bec8-46d22cbf3bef,38.0,97507.0,29.0,0.0
2cef2217-1c01-493c-85af-5c20dbffb207,26.0,77361.0,33.0,0.0
6b93714f-4fb4-4150-9edd-c940e7e45ae1,56.0,88847.0,1.0,0.0
ccbac264-30fe-4688-987f-26340bd4e4b9,35.0,136359.0,4.0,1.0
69a8f04f-3400-48f4-90b2-f7ab49b8d961,21.0,41441.0,30.0,0.0
0c839040-4086-4eec-a3bb-91088fcd7f7a,42.0,127012.0,32.0,0.0
73d6bdd9-c31a-47d3-a8e3-4cadf0c90dd4,31.0,148906.0,3.0,1.0
645f6575-92e1-4ee2-98cd-c9d778ba8220,26.0,44677.0,5.0,1.0
b848b9cb-8591-4254-a152-61154dbc5c93,43.0,57818.0,22.0,1.0
86631e81-c9b6-48f7-9b5f-f1f97cc81008,19.0,31868.0,18.0,1.0
fb2d8fb4-4d53-4287-99a6-8e0603cde577,37.0,113591.0,7.0,1.0
b68701cf-d954-44da-8586-bbe3b8ddc149,45.0,97264.0,38.0,0.0
3f34c157-46b6-4af0-8d47-438c88c3ab35,24.0,103168.0,12.0,0.0
649e95b2-0138-45aa-a2da-4ae224e9f565,25.0,42043.0,0.0,1.0
379f0a42-6d91-4336-a000-940cd87ebe91,52.0,101939.0,5.0,1.0
1a3ca168-c687-4603-822e-951134e3c0a6,31.0,45732.0,6.0,1.0
c6159555-ca51-4ae8-bf21-82ec6218252b,34.0,85244.0,26.0,1.0
e8c36255-debb-4b1c-8070-4a9771437b22,53.0,48526.0,14.0,0.0
41e52c33-3baf-43dc-8e30-daf7d5bfc145,57.0,39340.0,33.0,1.0
5a54b497-8da7-4b63-b418-f18501a5df25,21.0,134488.0,22.0,1.0
298eac49-a1c0-49b1-8c6b-50cd81f3581c,19.0,52394.0,23.0,0.0
643e3872-a8b6-4a31-b0a5-6e38c9439af3,23.0,128557.0,14.0,0.0
fc04fc94-c257-40e0-b38a-2295a32f0073,59.0,34102.0,34.0,0.0
7db42099-5563-472e-be66-0f790e79691b,21.0,131846.0,3.0,1.0
be74bcee-679f-4068-af83-2376a176df19,46.0,49159.0,36.0,1.0
e414084c-85df-4c40-9934-1ea564a6b4b5,35.0,95092.0,16.0,0.0
eeadb5ba-41ef-4e21-822a-39e2afa5b142,43.0,36212.0,30.0,1.0
9e829c0a-3879-4aec-a996-48bc6dbea744,51.0,127360.0,37.0,1.0
d21cb827-7e33-4662-86d5-b5f0a3fd3a41,27.0,67405.0,9.0,0.0
e3d30d1d-28bd-4bcd-9807-1757c2d5b1f3,53.0,107061.0,26.0,0.0
a24eca9a-0310-4d06-aef3-93e40e075ac6,31.0,124296.0,5.0,0.0
48d39dff-5312-48ab-8939-6703afc33209,48.0,85186.0,5.0,1.0
38ae781c-e5a6-4e09-b0ff-dfe769563798,32.0,74239.0,14.0,0.0
78974d11-5ac8-4a9a-8738-aa01e7d58559,25.0,140804.0,3.0,1.0
e2d9c57f-9f7c-4197-8e85-f13e5d9469fc,31.0,122993.0,39.0,1.0
4d1eda77-a08a-4449-bfd0-5173ce264b95,40.0,143551.0,6.0,1.0
860405c6-8fa6-41f4-aa1c-a2947c2473d9,57.0,40532.0,25.0,0.0
ca45d0df-de54-40e7-8e1e-d040f3a79cb0,38.0,109054.0,30.0,0.0
15a0df0d-f0c2-4ab7-a531-747caa7644e4,33.0,102012.0,1.0,0.0
01e42d69-f903-4c00-a5be-dbfee2dc2c32,35.0,147836.0,27.0,1.0
e2a9bedd-9853-4ec5-b928-ac1552ad0197,41.0,115279.0,12.0,0.0
e85c1533-d4c5-4c53-ba11-84af3f7570f6,43.0,96540.0,17.0,0.0
89415283-d71e-42aa-8cb0-ac48155e6929,42.0,138590.0,29.0,1.0
407ebddb-832a-460e-8361-7760c1bbf00f,58.0,133021.0,10.0,1.0
0d7be851-7299-4b93-aae0-5e73a548fcd7,46.0,33271.0,12.0,0.0
b5fedd1e-fb4f-48da-a05d-e42df07c6720,32.0,75482.0,23.0,0.0
496734e2-9a49-4423-a031-033a8f452358,18.0,30209.0,28.0,1.0
ba7f6191-348c-4579-a992-f64ced8eb827,42.0,120999.0,4.0,1.0
f50f7823-3a93-4eb0-8c43-9e981937a581,24.0,35539.0,34.0,1.0
f4a358a4-50e3-498f-82c1-4acccdd47b09,26.0,144841.0,18.0,0.0
a0c66189-a724-407f-bc44-0dde77ae5b99,41.0,49977.0,12.0,0.0
c4a1b53a-b8bf-42ae-8edd-759e98c351a7,18.0,104142.0,4.0,1.0
ea038d3a-b2ec-467b-aff7-4bc8809fbe6b,25.0,139920.0,13.0,0.0
ffb813c0-1ce5-4b6f-bf09-daaa9f751bd0,41.0,129588.0,37.0,0.0
c69ff4f9-b31e-4098-a803-a5424f21b25b,28.0,98684.0,21.0,0.0
c4d52692-a93c-45c9-989a-b58cb6fad680,34.0,129072.0,8.0,1.0
3d2941f6-b25d-4585-a404-71d757ed352f,25.0,35607.0,39.0,0.0
3da80e23-c3cc-421d-a4bd-def7506fcb1e,52.0,115122.0,25.0,1.0
8af25fd8-4adc-40c1-b81d-681e3c6d5380,52.0,124786.0,4.0,0.0
3de05d7d-d639-4cd8-b205-092ea355cd12,50.0,81939.0,28.0,1.0
b0fce13f-b3d7-43d0-991d-b6ff6882d5f3,22.0,48594.0,21.0,1.0
3f714a2b-2597-4471-a7bf-ec1bd7cc9580,59.0,88382.0,2.0,0.0
9bd9cca2-b47c-4ada-a59f-d59d9a2ef697,56.0,37399.0,27.0,0.0
aead9c17-b455-4482-8698-c431e815e60f,58.0,55117.0,37.0,1.0
36275eea-87a8-4cfc-b388-c5b9c628bbed,45.0,128662.0,13.0,1.0
830611d0-39a6-4df8-85e4-fa3ac5f0724b,24.0,63617.0,13.0,0.0
f85113e3-7033-4a2a-b0d6-a109b9c7c783,26.0,37498.0,10.0,1.0
d4174791-4a7e-4cb5-a229-7f1d297183eb,25.0,132826.0,8.0,1.0
18cc2f24-dec3-4d38-9651-67d1eab95167,29.0,147232.0,37.0,0.0
65d6fa5f-4617-4399-8d51-d7c0abaa8893,51.0,141077.0,5.0,0.0
adcd7c45-a9da-4f33-9a2f-630fddcb87a6,50.0,146519.0,0.0,0.0
70e52bcb-48b7-4248-a768-64c1375ec450,40.0,80624.0,24.0,0.0
c9c8d779-873e-464f-95e2-808fdafcf32a,41.0,39628.0,15.0,1.0
bba5e393-455b-4da1-a28c-4100b5ec3976,54.0,30329.0,14.0,0.0
d64a2c5e-34cb-4920-9ab2-6838d9811449,52.0,68619.0,33.0,0.0
e852adf0-ecff-4ebe-9f2c-a7654459bae3,57.0,37032.0,16.0,0.0
64534a8e-5a96-4f09-8f41-7fc96ced3a30,39.0,78094.0,2.0,0.0
d49fba13-198e-4fe1-a00d-4a4d374c2e50,44.0,68034.0,2.0,1.0
c878a61b-19e2-47e5-a9d3-c5aa1cb5721d,52.0,132658.0,36.0,1.0
d52f89d4-85e9-4e3a-a8d9-d09dcfd923d4,18.0,116158.0,16.0,0.0
82b0c298-5d31-43e8-8727-7c040a0c4a84,52.0,85264.0,37.0,0.0
3f14f35e-a97d-49f5-b7a6-2e95606aed23,54.0,124120.0,0.0,0.0
ae2e614d-8014-4e8f-a1b9-c6403ac94a1d,31.0,77850.0,6.0,0.0
660b2b06-9b6f-4081-b14a-a18274f772d8,20.0,34722.0,25.0,1.0
2838d382-c435-4336-944d-53a76df52031,18.0,47772.0,38.0,1.0
cde16273-dfd8-4873-bbf2-7ec83f1c2066,22.0,116105.0,18.0,1.0
c265bf74-cf03-488e-a044-b4154bb87bc6,43.0,71679.0,29.0,1.0
d122cca2-f075-44cd-a7ba-8ab33559ab61,31.0,98771.0,13.0,0.0
5f24aca3-aac4-4437-92e5-234bd9c12592,56.0,34576.0,12.0,1.0
a79fe8ba-7a1a-47d3-aa30-a4c1659cd77d,44.0,56707.0,19.0,1.0
eef10228-df6b-4740-82b2-9bd6202717a6,26.0,129404.0,25.0,0.0
68a37804-53d8-4db1-a3aa-008f0a0703a0,32.0,71632.0,26.0,1.0
c80e656f-2024-4dc4-817a-5573e331b5e5,32.0,71476.0,24.0,1.0
6d158af7-b0ce-4347-a86b-8f41285c8ecc,43.0,147220.0,8.0,1.0
7e0c42e1-b5c4-4424-9797-eb7fd7ed5722,59.0,60285.0,11.0,0.0
58b38f36-5f65-4420-8118-fd0d9901e5b1,30.0,54154.0,9.0,0.0
ccac8685-049d-470f-8f21-33ae2e355b76,49.0,50054.0,5.0,0.0
3ae844a3-e734-4382-ab8e-047cf19ec837,56.0,47165.0,33.0,0.0
8aec4502-3d30-4a90-97c0-38c5cd25c754,49.0,44439.0,18.0,1.0
67b13a07-fd7b-40ae-a6b8-00b656e0ca1d,21.0,148211.0,5.0,1.0
3255b322-2ae2-4ecb-8e25-722ad3de50b6,47.0,74518.0,1.0,0.0
cf08a292-00c5-4504-b51a-4967bc3846c0,54.0,118051.0,14.0,0.0
4fb36a81-cb53-4a38-84ea-cdc2cbb30a95,40.0,56962.0,16.0,0.0
893122b9-a628-435a-8a02-32f4725cbf65,56.0,83934.0,15.0,1.0
0c441534-230d-49f1-ad11-c5818234bf1c,32.0,138085.0,27.0,1.0
e2518504-e27d-40ab-acb5-9f42e7c837e4,46.0,67763.0,20.0,0.0
ed338cef-693d-403a-92d9-f9668fbe2ecf,53.0,146189.0,7.0,0.0
88e189b7-6c6e-4b1d-b800-4a312afe95f4,30.0,140290.0,9.0,0.0
e3b2b888-f000-409c-839c-2ef1c0c7a655,49.0,94094.0,9.0,0.0
3cbd2d03-ba7c-444e-967a-2eb59e0c8b33,24.0,140814.0,9.0,0.0
01cfc103-bcba-47fc-8b78-ed4274d6d2e3,39.0,49464.0,8.0,0.0
bb2f15e3-1a47-4d30-8640-5dda71963f78,45.0,72036.0,27.0,0.0
84f74fe1-49ae-4473-bc2d-1bc53f9757f9,19.0,125949.0,23.0,0.0
49b08679-c622-48f2-86d3-a63be01d41fa,59.0,63270.0,18.0,1.0
a629ddb9-2b0d-4c1a-ada7-ab93112705ae,23.0,72299.0,32.0,0.0
ef9884e1-9a7d-400b-9178-8ca1509bafa8,45.0,115805.0,3.0,1.0
5988b6ed-1222-473d-9e63-4303899886e3,45.0,61541.0,2.0,0.0
cdaf3ec5-d940-4c5e-8db1-d730b9abb88f,37.0,103545.0,11.0,1.0
89138475-f49b-4f87-829c-175b55b3ad00,47.0,112543.0,17.0,0.0
2bf9b28c-34c4-41fc-a76d-37cdbe0595f8,28.0,121998.0,22.0,0.0
689b6ccc-96cd-4f0e-9041-0619a0f09097,45.0,107078.0,19.0,1.0
d707fd2c-c8c3-4691-9634-01d05f566847,42.0,112970.0,5.0,0.0
9d2f4f32-119f-4d45-9a0c-89977856baee,56.0,59765.0,33.0,1.0
36c9b9b7-e38f-419f-ae58-ce27519c90e1,50.0,53769.0,1.0,1.0
62a49284-2ecc-42b6-8691-ebb5aaf17dda,18.0,118001.0,29.0,1.0
0ddf72ce-5abd-4076-96e3-e290d016a72b,44.0,117404.0,8.0,0.0
ded36d00-ef5f-49e7-8cd6-79ac8adc1c46,30.0,50156.0,26.0,1.0
20b48a53-f51a-49ad-b7f1-cb3b3ea24096,58.0,115836.0,33.0,0.0
cabb1a7a-da24-4522-808e-16f563ad9bfb,20.0,148706.0,39.0,1.0
80983638-ce62-4144-91c4-0d2efd8bacd9,56.0,80481.0,23.0,0.0
b538e306-e990-4efa-8c0c-db4edaafde5e,23.0,43435.0,16.0,1.0
4dfe6040-165d-47ae-943d-8e9fb2f1b0d6,25.0,99650.0,28.0,1.0
d2143278-296c-4e89-8805-7e6cc721e825,44.0,76336.0,35.0,0.0
0f85d6b4-9763-4ce5-a3c9-db07eac4b52a,26.0,66135.0,11.0,0.0
7e741e76-4629-4f62-b7d0-8b7ab76d2210,54.0,103631.0,30.0,0.0
bb7ab87c-a5dd-4253-b723-135f396e62e1,50.0,67909.0,8.0,0.0
49d32afd-7551-4e7f-83f8-e41cf281f5c9,59.0,99487.0,18.0,0.0
798849f1-86f0-404f-bc1b-d925a94ffe14,41.0,51468.0,16.0,0.0
0e7895ed-a86f-4507-a6b0-7a1a4b38309e,32.0,122609.0,1.0,0.0
ca861846-7ebc-4a61-920b-d244c9aff605,49.0,77655.0,39.0,0.0
c7f03f23-21b0-48ce-a39e-ab11efc6175f,49.0,64341.0,4.0,0.0
ef938e97-d06b-46ab-a194-d8f8291528de,41.0,141663.0,38.0,1.0
1d54a07a-8fd8-4967-b95c-79d76a8b922b,58.0,94182.0,15.0,1.0
900fc39a-0514-4ed7-8de4-1f19ecb4d23d,29.0,81786.0,16.0,1.0
9043efc2-044a-4d73-af28-dda1cfc575ae,56.0,98304.0,26.0,1.0
463a42a2-0944-4a5d-b749-40e395030756,19.0,133606.0,6.0,0.0
901ad80e-8103-42c9-a66e-c045dd7247bf,20.0,76514.0,7.0,1.0
dd4cf781-15e2-4e1b-8a0d-537a97752db1,54.0,63979.0,7.0,1.0
13c9078a-4d52-46ab-8a3e-764b9d45f998,34.0,120887.0,22.0,1.0
b2de6c66-dd68-4fa6-a124-fa8daf79d266,19.0,110981.0,31.0,0.0
fda1270b-47c2-402e-aa81-5b7eee0932e3,19.0,85107.0,17.0,0.0
774bad21-160b-4446-8d18-ec299d5993a0,45.0,144119.0,37.0,1.0
f144e65b-fe3d-466a-9015-0ad30329e756,40.0,31160.0,11.0,1.0
42e572b8-46c1-41e7-baeb-1c61da2dd947,54.0,117897.0,14.0,1.0
7d64a348-9cd3-4751-865b-3c2b0a825321,49.0,102577.0,27.0,0.0
8f028295-dd29-42d6-8a56-002d1639a62e,50.0,114303.0,37.0,1.0
4fe8b0ef-1b82-465f-a63d-9446091e101f,18.0,40846.0,30.0,1.0
96ead374-2494-4abf-9f00-0b9545298bd0,36.0,134180.0,8.0,0.0
9be57b41-def1-4d12-b427-82c0fd80772b,19.0,49924.0,7.0,1.0
cd37d0cc-176a-4f0d-b387-be7d3cd234bf,43.0,141193.0,18.0,1.0
4918e010-13b0-4943-ba64-055466c62761,49.0,43882.0,7.0,1.0
ea97b9aa-0a15-4a12-a4e4-b11a41ad94d6,23.0,110274.0,33.0,1.0
effe1b9c-645b-4a4c-9ef7-69bd42a6c7c9,49.0,116555.0,3.0,1.0
86f55dac-d8ab-48b5-825b-2c32640d076c,21.0,31095.0,30.0,1.0
a3613103-2ecb-4cfb-a9a0-c1882e092885,28.0,134205.0,37.0,1.0
84cedc61-fe4a-4d25-9f26-42f417faa746,34.0,70983.0,2.0,1.0
89d45249-1312-4253-a0db-5ab19946eea4,55.0,141215.0,34.0,0.0
aee3974a-45f9-4e6b-aacb-5215390842e2,41.0,44123.0,18.0,1.0
aceac787-37eb-4d3e-be7a-381c27846654,22.0,123668.0,28.0,1.0
071c0c2b-0ac7-40ad-9b23-d6205f27e8ee,51.0,96615.0,9.0,1.0
c428540e-d597-48ff-8378-4a11f0df4e5e,23.0,125193.0,11.0,0.0
4bb9b44a-3f75-4db0-8036-4f1ceb7961d5,39.0,75278.0,29.0,1.0
8f2cc528-b862-4c14-9ab6-13e0193ccca9,28.0,127911.0,29.0,0.0
41b3dbfb-aa58-41fb-bd25-677084386b87,33.0,120290.0,17.0,1.0
ae6a3377-af9d-47dc-8922-61320c2a6578,50.0,81999.0,23.0,0.0
d9c561f5-caf1-4f04-8371-675b126db188,26.0,61153.0,31.0,0.0
da15af55-563a-4eec-baa2-ff06c5c9d418,23.0,48344.0,8.0,0.0
eb5fd6a6-46d6-41de-b47d-45311c576122,33.0,129777.0,23.0,1.0
78bd0206-7ce9-44ff-9f5f-1095f9c879b7,46.0,67656.0,25.0,1.0
410dd777-9a07-4692-805c-8de33f665acb,20.0,100515.0,2.0,0.0
86ebbe6a-49ea-48de-a599-26ecc46d5074,37.0,31212.0,22.0,1.0
92dce5d0-4488-47c9-baf9-b5d55544cff2,53.0,39001.0,10.0,0.0
df0a6039-1a4e-4100-bcc5-b23e69a52d85,36.0,108784.0,9.0,1.0
084d4786-02b0-49de-8d84-a12ba78ac375,43.0,128723.0,35.0,1.0
fa30e1ae-38f0-4367-92ef-c69c1eb913ab,20.0,111144.0,12.0,0.0
de500b8e-ccce-45fe-90e7-224194879390,36.0,66427.0,28.0,0.0
397515cd-054f-41b8-a713-aaf387b4aa71,37.0,61368.0,37.0,1.0
1266774b-ef83-4ad7-8c19-bf671689c041,49.0,100819.0,12.0,0.0
c2f5b550-8af6-4209-9d1a-4bd3266225d7,24.0,91160.0,25.0,0.0
f84f3912-e80d-4c40-8d3c-a6bbb3b1ede6,58.0,55854.0,19.0,1.0
50294c94-6e23-4b9c-971d-46c722759458,50.0,40715.0,4.0,0.0
a3006f61-90f1-4153-85f6-6a1f3f0438b9,57.0,111701.0,19.0,1.0
712fa2ed-095c-4fda-a081-6fa8a5b272e8,56.0,88784.0,13.0,1.0
8fca1635-4a37-4671-9423-4a356a603cb4,35.0,129644.0,13.0,0.0
c90a6199-d6ae-4df0-b2be-32a3a80e70fb,57.0,56797.0,7.0,0.0
1ee65f18-35db-46f6-8177-3ed4525f1bda,18.0,77573.0,12.0,0.0
ae3a9bf0-dfec-4142-a748-d7be86d46bc1,28.0,106120.0,23.0,1.0
ce9fa534-4295-44e4-b016-9232689c5050,45.0,44780.0,14.0,0.0
ce7afa29-33e0-43f4-8acd-4aa99b31fa95,42.0,67905.0,0.0,1.0
5ba13c9d-c1a2-41cf-97b8-0d0121431699,40.0,51573.0,21.0,0.0
69182f19-15db-4d98-9b32-2cba0081e33a,48.0,146049.0,33.0,0.0
25ec9f8d-8a1f-460a-8121-5efe9b6fe6cb,47.0,63359.0,39.0,1.0
8d2c648d-acbf-4df2-97be-1b5944a303bc,59.0,96062.0,2.0,0.0
ce514662-ff78-4029-a70d-b3005d9596b7,52.0,103391.0,25.0,0.0
4f0cd7b7-dceb-4ef0-851b-034a2dd66102,24.0,73463.0,13.0,1.0
f100b4a2-4832-4c45-b3d1-528f69451124,33.0,129596.0,7.0,0.0
a539c9b8-0d42-4bfc-9036-0aeac5ac6862,43.0,146342.0,15.0,0.0
07ea4990-e0f5-4553-8f3e-d04a958adb45,19.0,125018.0,20.0,1.0
7690f0cd-9aaf-4ab4-bd1d-881261204b0d,18.0,46571.0,9.0,0.0
620425a3-c00e-4528-af40-822de9917233,29.0,127276.0,24.0,0.0
f41e24ca-c776-4a9e-b730-e45d32ea3261,22.0,49142.0,37.0,1.0
ad2c96c5-d981-4d75-bebd-b37868c47e30,54.0,55104.0,21.0,0.0
4adf8ed9-e668-4f46-a017-5b9fe835a2a6,49.0,38625.0,3.0,0.0
d6fb78f7-391c-4478-8f8d-370292d37232,26.0,69199.0,3.0,0.0
a4c2ffbe-457f-4182-adad-1475b232a7ef,58.0,45926.0,29.0,1.0
f9b7166e-c37e-4987-bdd7-50019df6034c,52.0,61218.0,1.0,0.0
a02da490-d457-4c74-9645-2bb31720b3c0,36.0,74472.0,28.0,1.0
0f8cf7c7-178f-46a7-b6a3-162d32608783,33.0,121916.0,35.0,0.0
fab5d8a2-1b1c-4ef2-ab79-aafd4942dfc2,20.0,50566.0,20.0,0.0
d245bd27-1dcb-4886-bdcb-f7d4ab9352a2,37.0,86125.0,20.0,0.0
a470e606-5901-4f3b-b60b-da66a893d5e7,41.0,63205.0,20.0,0.0
5bc867e8-fcb4-4067-84ef-17cb55307aec,50.0,139084.0,3.0,0.0
0532dc9c-90f3-45f2-b6b5-6bde1152428c,41.0,59717.0,0.0,0.0
1eb4c852-02e4-464e-a46e-b09bb60a7024,28.0,79984.0,25.0,0.0
7b17fe1b-535d-4d54-8c7c-b5ffe71ece16,25.0,137292.0,1.0,0.0
b531381b-cd0c-486a-91a2-62fc30d70cb9,53.0,55135.0,8.0,0.0
9c5323be-4c8c-4513-9b58-8363479a83e3,55.0,58164.0,17.0,1.0
b996363c-8d3c-49ae-b23b-6ed8d8551f67,57.0,104489.0,10.0,0.0
19ef0140-7b93-4989-b7c2-562a04671eba,37.0,68562.0,24.0,1.0
a7d01011-9f60-4119-86d7-caf7ac5e611a,52.0,99110.0,25.0,1.0
9644371c-351a-4c3d-9735-f69378233aba,42.0,50169.0,35.0,0.0
a407f529-5271-4ca1-99e2-f5581e240905,52.0,89858.0,34.0,1.0
2d76e320-0486-4a31-b547-e277b9bce1fc,42.0,51604.0,37.0,1.0
f5edb364-cf2a-45b0-b110-837baacf448a,46.0,119670.0,2.0,1.0
32846c6e-a74b-4e63-9f24-fdf9a43f79f4,35.0,144605.0,34.0,1.0
eeba5150-490c-4e0f-a09c-590cf8e6559a,35.0,118738.0,39.0,0.0
9673c21a-4af7-42d3-8810-09c8e7c3c42f,19.0,30684.0,21.0,1.0
b528aba3-a1a0-4868-9487-da2ea580de60,52.0,132537.0,7.0,0.0
8a884945-5527-4170-84e4-4a5256d0df9d,33.0,145265.0,14.0,1.0
5cfd43a3-a289-4c4f-b30e-88946d1a5282,58.0,141301.0,6.0,1.0
80ba74ad-2c73-40ad-a043-9356a82149d2,53.0,38007.0,18.0,1.0
6393d1cd-992b-4aa7-8f9b-1ad532ee936c,50.0,144915.0,39.0,0.0
46c89b22-7437-4a1d-99ee-13d51a8b9484,21.0,130632.0,16.0,0.0
9088e757-ee5d-406f-94db-49ac9ced8fa3,50.0,147419.0,0.0,0.0
23a0e497-f9b3-4e5c-aa00-29300da48326,31.0,71787.0,28.0,0.0
a9d26c49-c1ce-4c33-a072-030c9fd5409d,38.0,79582.0,12.0,1.0
4431a2db-a665-4482-84b8-1f2d55c3076b,37.0,104791.0,28.0,0.0
73afd235-2ae7-42a2-886f-aeba8c58f624,25.0,127798.0,5.0,1.0
49bf7515-cec0-4a5f-8d67-9931bc97df02,24.0,113629.0,4.0,0.0
88e971bd-2bb2-4d2b-bd26-6cb4a9e59ecc,20.0,35782.0,33.0,1.0
ecb1def3-7078-4e07-9804-200d4db3bf6d,34.0,96770.0,10.0,1.0
f3efee4b-b6e1-4036-8338-8598256a623e,50.0,87645.0,8.0,0.0
647c0550-98bf-4b8c-a7ac-86499a2b1131,29.0,133509.0,37.0,1.0
7aa41d90-1624-4f15-be07-406d125d21c8,39.0,129724.0,39.0,1.0
e18cb154-eee9-469b-b61d-c9157eab0ac9,39.0,61996.0,8.0,1.0
145830ed-5229-4bfe-8b6c-3bcb92198e91,47.0,59204.0,7.0,1.0
3cd83e45-0411-4f13-9413-e13ac79e83f2,55.0,47152.0,39.0,1.0
35cb244b-9fd5-47bf-a2f7-9ab709344a12,55.0,85186.0,2.0,0.0
b300aec6-893e-4720-b3ce-49002bfcc571,25.0,137900.0,12.0,0.0
79c65775-6330-413e-851b-2baaa037c3cb,44.0,120555.0,18.0,1.0
1e3a072c-09bc-4500-91d2-0c929780d434,44.0,115024.0,33.0,1.0
a9532487-a44a-41c3-ba25-ee417450168a,51.0,132659.0,31.0,0.0
e4e344d7-6a1b-4a55-9af8-591b88e65841,38.0,49689.0,15.0,0.0
f2bc3f63-9b1d-4d6e-b007-9fa6bcb2a21f,47.0,80690.0,35.0,0.0
7f815b47-7ec0-4981-a712-ae77ed1a5dc8,50.0,124042.0,17.0,1.0
efca5979-4017-468c-9a32-7272886f926d,45.0,113251.0,13.0,1.0
ff25ca1a-8d1b-401f-8443-6183a8cdd405,50.0,87320.0,29.0,0.0
e24a7f57-4e00-4dc5-bd33-6d9f2336afe9,22.0,94226.0,1.0,0.0
eb770575-9e77-44ea-8277-99f0f1d3dfe1,36.0,86091.0,12.0,0.0
021734ca-67ac-47c0-a985-4290841573e3,21.0,136565.0,26.0,1.0
71bd0cf1-f131-4dad-b561-a27054cb60c1,52.0,109301.0,16.0,1.0
5fbf32ab-92ce-48f1-938c-2f0fad080d6a,34.0,51942.0,30.0,1.0
f2c24bbc-f61a-4606-9609-6ffc13a85f1e,45.0,68712.0,14.0,0.0
2b7e9cb9-deae-4887-bdda-6eed3aad0882,47.0,135430.0,19.0,1.0
c8798388-b991-40f8-a298-acd7aa1c0577,46.0,95277.0,4.0,0.0
91fef532-7b71-460d-9c14-a8e718483a91,23.0,79632.0,6.0,0.0
5b4c3adb-0649-4132-802d-c5200763be53,52.0,68031.0,17.0,0.0
ef01713f-7b7b-4f21-8bf5-09e36e7093ca,58.0,50478.0,10.0,1.0
10a6dc5f-db53-4c53-b1ef-cae11fcdf964,54.0,52551.0,31.0,1.0
22c5cb76-4668-4402-9a5d-22ff7b79183b,41.0,78068.0,26.0,1.0
0d5c6acc-433b-4ddc-bb9c-88375783965b,46.0,123608.0,25.0,1.0
358fd440-3119-4cd4-abe6-16c7ad8256b6,48.0,65561.0,36.0,1.0
47bb3c26-10c5-4625-9c27-ad525bafed0d,52.0,32892.0,27.0,1.0
d8f57794-806f-45da-bf3b-9658fd78f146,50.0,129502.0,1.0,0.0
383d6cc1-15fd-4d1f-bdf6-2f24b0b9f3df,38.0,54395.0,19.0,0.0
523acaff-86b9-4f86-a15e-461cdb9d12c2,49.0,48756.0,3.0,1.0
c3d47787-8e6a-4c06-96ae-5bb3add0f132,40.0,146580.0,12.0,1.0
9e163367-c015-4887-a24e-132ba9a42968,50.0,117710.0,23.0,1.0
43ee16c0-8c3e-47af-8c7a-113d253e7635,20.0,64651.0,37.0,0.0
b9f3177c-8324-446f-b317-3c4a56e4667a,35.0,96333.0,39.0,1.0
e45ca449-30b0-41cd-9103-3f8a2787394f,42.0,103745.0,28.0,0.0
4d2dbfd1-dc54-4c47-8e63-826f106ff782,59.0,136539.0,35.0,1.0
bad77ab4-b1cc-4f3d-93b0-4afaa64eb10a,48.0,79306.0,1.0,0.0
4efd5979-1624-47ee-bbab-a242714c1b0f,20.0,51346.0,17.0,0.0
61cb65cb-f843-43f0-afae-3824d1a904c2,57.0,143561.0,7.0,1.0
e3cd1e4e-c8c6-466e-9d3b-4b91add0231d,41.0,58024.0,14.0,0.0
a226039b-34f2-4e9c-9ddb-ed7fe0fb8706,49.0,124950.0,16.0,0.0
f66b1481-e214-4d18-b3d7-f44b9bca3f29,39.0,148768.0,22.0,0.0
8d092a4f-1761-49e7-a732-4cede6e155a9,40.0,70818.0,1.0,0.0
58121a05-c54d-4d5a-861c-263c21595b81,19.0,35947.0,5.0,1.0
6fae8255-136c-40f9-9c5a-5a4124027ccb,44.0,105153.0,28.0,0.0
98008acf-7055-480f-a596-143f8fad02f3,59.0,116240.0,26.0,0.0
082114f5-e637-40ef-8175-1712890b9b56,19.0,124238.0,36.0,0.0
8ac70e54-fc6d-471d-8ca1-a1b64774b774,43.0,97428.0,33.0,1.0
78dab518-9624-4d16-8380-930519fe8f2c,34.0,59754.0,17.0,1.0
106e774e-6103-4588-9c46-d22687c04ad3,57.0,93355.0,9.0,0.0
ead4cf11-2348-4f51-bd5d-3447378ff340,50.0,88241.0,37.0,1.0
4986ef9a-d9b0-4e5c-84b7-b4ae5fd10992,26.0,98960.0,16.0,1.0
fd407ab6-df85-4224-97b6-98da40965566,56.0,137754.0,12.0,1.0
fb269554-4a63-4ef1-a0cf-e254a70593e1,46.0,43418.0,26.0,1.0
29d2f4ae-be06-445a-b261-4e12cf328964,59.0,125422.0,1.0,1.0
93edf48e-983b-498f-b47f-b676a00ddde6,43.0,130319.0,33.0,1.0
a481beca-e2d2-4d61-8eaf-bef8e0cba8f7,52.0,118593.0,30.0,1.0
6c3ae04a-22b6-48d3-bb6a-057a2e86ed93,42.0,85184.0,22.0,0.0
a56b33b2-bfdf-4c05-80ea-22137910795a,41.0,34833.0,6.0,0.0
a83e73f6-66e9-4f98-9693-e17df12079f6,30.0,105430.0,37.0,0.0
a8752f71-8898-46be-a724-3c8a70bbb165,24.0,144246.0,32.0,1.0
e9680c04-681f-4f3c-8d14-6ed7785e717a,53.0,71833.0,11.0,0.0
0d28eddf-84e6-4c48-861b-337b78897787,37.0,30565.0,11.0,1.0
bd8611be-5e25-4883-93d8-b9ebcb87e878,18.0,70180.0,18.0,1.0
676e9bcf-2d27-4ffe-b634-65e6e0f65033,25.0,48402.0,8.0,0.0
57940937-5776-4349-b091-450558da5f99,33.0,72845.0,9.0,0.0
937b0305-2dab-4a6b-b7d2-092a3ea99e47,31.0,105851.0,16.0,0.0
6506de3d-d195-4476-b74e-505c5cb8d1f4,29.0,42834.0,39.0,0.0
b9e2ad6a-b59c-4e77-8a61-7ae247470aec,40.0,97850.0,38.0,1.0
a19c71f8-b79e-4809-9798-93de374c84e4,32.0,67180.0,9.0,0.0
c76cd9be-9ef4-4f8c-aa26-96a2acb86cea,45.0,33883.0,11.0,0.0
d40f56ba-a81c-46b9-8a19-35351b37334c,51.0,139688.0,14.0,1.0
678bb662-4e88-43d9-bd62-dc8a9ac9b3cc,19.0,105587.0,30.0,1.0
e796cd6d-f899-47f7-ae88-02918a8d624b,49.0,136520.0,14.0,1.0
54dc5451-2d4f-4fdc-b7dd-6b487da335a4,40.0,41695.0,27.0,1.0
6dd49e1c-5cad-4c6b-b94e-430ee276b1d4,39.0,53123.0,3.0,1.0
5ba9ab2e-5812-4211-b900-f8cc2b1c75b3,42.0,88481.0,35.0,0.0
1229e8a0-49ed-4e02-a198-12332169be74,39.0,103438.0,0.0,0.0
8f18322c-21d6-4960-ad28-0884efa43252,39.0,141491.0,33.0,1.0
1b9c0cea-f2b5-4125-b859-d003a2cc770f,59.0,47573.0,16.0,0.0
0d900528-4567-40a2-8677-4b735ad36097,23.0,124910.0,38.0,1.0
1825f25f-87b4-4b6e-b909-a088caf74e85,32.0,86494.0,37.0,0.0
5ae72765-d46a-42a9-b298-6b2e20aeed18,54.0,42288.0,32.0,0.0
e68b71d7-2c67-4073-9e1a-a902310aee37,50.0,76978.0,20.0,0.0
2be91132-1334-4cbf-aff7-2ddf27af5a09,25.0,102420.0,25.0,0.0
fee5c451-4035-4dd3-8198-970dc45f0773,22.0,147845.0,35.0,0.0
8afc1a18-4c4a-42e0-bc0c-072cd0c3efa9,56.0,106095.0,4.0,1.0
b2736073-7c7b-471d-90c0-516267a45a72,21.0,84672.0,32.0,0.0
c0702b2b-9770-4472-a131-2250949de3fd,23.0,91821.0,0.0,0.0
078376b2-a50a-463a-a646-a47b4ddd97d1,49.0,113661.0,5.0,0.0
9ffbadc2-6ad8-41b1-8804-3648f41f705e,47.0,99224.0,36.0,0.0
1f0da55c-215a-4322-ab7f-9234898f1ddd,52.0,119405.0,1.0,1.0
a87f20a2-ec6b-424f-8850-aaaeb2ca9ffe,57.0,142418.0,4.0,1.0
0a3e5172-c949-41da-8b6d-ff497ab8df86,33.0,133673.0,25.0,1.0
eddd35ab-b30d-4fb4-b3dd-47cde1a50a08,30.0,84796.0,12.0,0.0
bd16c2c6-a07e-45c3-9124-7192bf094bf3,59.0,74706.0,11.0,1.0
dc91d6b9-2129-4067-a5b0-bb03fb058292,47.0,34023.0,4.0,1.0
e06adb33-eb18-47b5-8255-296107ddefc1,36.0,144286.0,1.0,1.0
9b27270b-1c4f-486b-9315-55a0b62b56d4,34.0,112636.0,3.0,1.0
95df8889-4fbd-4474-8a21-9555a1473680,36.0,66735.0,26.0,0.0
4934982f-6d5b-4c34-9d85-12b45c53e928,45.0,102959.0,9.0,0.0
266d9048-78c6-4962-afad-e9048098c8f7,43.0,69218.0,12.0,0.0
a2f8b582-f474-46f9-a5b9-fa1718c1ff89,54.0,42213.0,1.0,0.0
15f5e17b-30f6-4d0a-aeab-5960aa74996a,43.0,131519.0,25.0,1.0
d70169a1-cb6d-4651-acc3-65c43b9a2746,40.0,128694.0,14.0,0.0
d1e4028f-a14e-45e8-9147-d64e2705c8bf,26.0,58460.0,9.0,0.0
c254c8a3-379e-4850-bfe0-1ae08014c0a2,29.0,94680.0,21.0,0.0
6ed083cc-7a3f-45ac-9427-a8aad87480a7,18.0,147725.0,39.0,1.0
9257e4b3-fee4-4070-8d81-c55cafe2ec5c,18.0,61017.0,24.0,1.0
5d02afb1-5e03-4818-aecf-f4d4c23ca419,51.0,128536.0,14.0,1.0
f857ad34-5314-4036-8fb8-5e9a5da856bf,49.0,122038.0,12.0,0.0
1799a460-cf48-4ae9-8525-6199a04f5b53,42.0,60990.0,7.0,0.0
140c3cb5-5492-47c0-9874-7f9ce03f84d7,57.0,49515.0,20.0,0.0
d0ae4a16-c160-4051-9366-f82bb4cda837,18.0,59991.0,20.0,0.0
7aeae4ff-cda7-4719-b694-c0513dcd6278,33.0,37634.0,21.0,1.0
f9760a3b-be6c-4b70-8a73-a1cd9336c156,56.0,107034.0,32.0,0.0
c06db5e5-a3c7-46df-9110-0a461fc9b157,22.0,106452.0,26.0,1.0
80a35430-7fe8-47a3-ba1d-e1e871eec975,39.0,59377.0,39.0,1.0
4cd931b2-a4ce-451c-ab31-660a8048bb72,46.0,63001.0,21.0,0.0
03ca0acf-0b7f-4bd3-981e-2d61fe28b1b0,20.0,31391.0,29.0,1.0
01932203-8656-424f-8834-f527b4f262dc,29.0,95206.0,8.0,0.0
9cfd9746-7896-4fab-8c26-069d10a3f4a7,43.0,139388.0,34.0,0.0
b77951e5-4b36-4d41-b1d1-f4a27fd9f473,33.0,72215.0,17.0,0.0
c431ae1e-4218-4bf1-b3fc-fc77c49ef63e,54.0,109720.0,4.0,0.0
11d01207-c6cf-440e-8282-b8fbc4a2b091,39.0,57114.0,26.0,1.0
ab91ad32-2723-4315-8090-d59191b4a9c6,46.0,41882.0,5.0,1.0
c91437c9-99e7-4de9-91cb-20990294d23a,31.0,143142.0,31.0,0.0
b9bd0535-709b-4985-845a-88be18e8d71a,45.0,47273.0,7.0,1.0
827b7f8a-65fd-479c-92f7-3819fb9f3086,22.0,136206.0,38.0,1.0
367baa38-ee22-489c-b168-6408bc401708,47.0,75647.0,20.0,1.0
daa56dd8-e64f-49ba-a0c0-f2edc15146af,22.0,112665.0,17.0,0.0
f965ac10-a16b-4073-9199-c29642e17744,29.0,94892.0,13.0,0.0
07d2120a-fc37-4a21-98ac-b15e64e343db,33.0,72679.0,14.0,0.0
b9d9a465-60f9-4de4-9a36-87162018f7b6,43.0,30427.0,25.0,1.0
55e7f4be-0feb-4563-87e2-3eb456e94a97,43.0,126952.0,31.0,0.0
747d2c54-f34f-4328-84ce-612acf07d8e7,38.0,96267.0,38.0,0.0
1cf65520-20ed-42a8-874d-bc4ed6bd0661,56.0,30799.0,27.0,0.0
0b1fd93d-07e6-4b8c-b2f6-6630f139db29,53.0,85659.0,38.0,0.0
b6959b70-d062-43a7-ba79-bb1c51582947,50.0,124409.0,31.0,0.0
70fdb2bf-bb23-44c3-933f-f6137e4b2402,47.0,37025.0,12.0,0.0
46e0f166-db3d-4d85-b84c-3fdfb2827b7c,54.0,44481.0,14.0,1.0
16f90a8c-c246-4658-88d5-0ce8381c3f1f,40.0,55411.0,17.0,0.0
845546e3-7b03-4c53-9fd6-b15fe690a886,27.0,126894.0,38.0,1.0
fd0cf3bc-6d5a-45ab-842d-7d6e07460709,22.0,135928.0,5.0,0.0
f8c3d987-0693-42b8-88b6-bf22bab3b820,53.0,44961.0,10.0,1.0
09868dfc-d6d9-42c9-8cb5-429cb5ed8fcb,51.0,51767.0,31.0,1.0
21ae0c76-1eb1-4740-b7be-5d227b60a0c7,48.0,81690.0,39.0,1.0
a2e06c0b-4790-4a73-96b4-0e612b638a3a,27.0,82870.0,19.0,0.0
66c5a433-04d8-419f-8260-c7b97132e092,36.0,136536.0,32.0,0.0
59048bc7-2242-425e-bb1b-f2de567eb562,49.0,66135.0,39.0,1.0
85f12478-8e98-45a5-b19d-448f29e1bf6d,18.0,94514.0,7.0,1.0
ec51e612-2fda-4c3d-96f4-16cf9abf921b,22.0,116928.0,34.0,0.0
289a2bff-9c64-4be1-8faa-481e1089c6a0,21.0,108798.0,4.0,0.0
dd7614cb-c76a-4874-900b-d64c5d3d3fc5,33.0,100765.0,34.0,0.0
03d5b420-5ab4-43c6-b9b3-aee1e609cd95,41.0,53772.0,13.0,1.0
40927176-2948-486a-8642-a452312acb6e,33.0,48799.0,20.0,1.0
364cc43e-7c8b-4570-bf63-4be04976883f,19.0,142051.0,23.0,1.0
4883743f-8e8d-463e-aae8-88720747c911,45.0,53555.0,16.0,1.0
9b65daec-090b-4309-a41d-040c716c9ab2,49.0,122152.0,17.0,1.0
4063e7db-5d02-4172-a556-3c7995c2682d,44.0,49333.0,33.0,0.0
1a240117-92b1-41cf-a1fd-25633e1475de,37.0,34261.0,11.0,1.0
b19c6723-cd02-4851-870b-47cbb4898a19,41.0,149833.0,15.0,1.0
35dc040c-80e7-420c-9d07-123b79019d1a,29.0,99002.0,3.0,0.0
b4c5393e-71c3-4f19-8ba8-6321a661fd6b,52.0,76553.0,24.0,0.0
566713dc-338f-4bbb-89cd-0651ab3440f3,50.0,33088.0,33.0,0.0
ff9f08a0-9952-4780-b785-92d16a2cffae,50.0,75783.0,27.0,1.0
a3d72287-6d8e-4247-b390-d757204022fa,54.0,31115.0,10.0,0.0
e6241270-38d9-4112-b27f-dca849c18bfe,29.0,100114.0,12.0,1.0
97b2c339-6acc-4234-9458-a6afa02fd7d7,20.0,98126.0,30.0,0.0
b37a411f-8fd6-43a2-a293-c0f4d50ed897,18.0,102908.0,24.0,1.0
4208a80b-aac8-46b4-8448-44345f0cdcf3,50.0,99109.0,38.0,1.0
6461e293-99d1-4d00-8420-2d64b12698c9,57.0,32978.0,9.0,0.0
41b5e4ea-b136-4408-9f36-8e9e9c8fb451,27.0,138943.0,23.0,1.0
9ff065e4-688e-4af0-b2fc-0c63e40ad63f,46.0,39422.0,0.0,0.0
c0e1c5e2-b486-443b-ba8a-666d6b46ac6e,30.0,73626.0,24.0,1.0
653f2e76-c21b-4962-8715-5e8e074ea608,29.0,119233.0,27.0,1.0
fbc62b14-7f52-4eb9-9af9-ca3724981aab,48.0,86174.0,35.0,1.0
8f598d71-047d-42b6-b44e-08f5c4d4b518,19.0,126356.0,17.0,0.0
50cb1ede-aead-4df2-b082-c1af240e1487,52.0,67743.0,5.0,1.0
4021270e-7a13-4ce2-a3f8-6e41c4ea73ac,40.0,100461.0,1.0,0.0
ce3acb4d-5dd8-43e2-8eb1-28f348238181,34.0,87199.0,2.0,1.0
6f2528e0-b068-47f7-8ac6-e320080c893b,43.0,59430.0,7.0,1.0
f628f510-a961-4168-9964-da6e9754ba03,25.0,58834.0,30.0,0.0
5accba30-160e-466d-849a-e7c3cd5f11c6,46.0,54435.0,18.0,0.0
16dfb43a-f552-4074-82cf-e958b16d754b,43.0,117212.0,5.0,1.0
460d5ce7-9a56-4382-84bd-11d5a8383764,27.0,85797.0,13.0,1.0
294bf7dd-9278-4746-a870-c37ea0bf685d,43.0,73554.0,2.0,1.0
75732f57-9ba0-4bdc-8bd7-71d85446646a,51.0,84555.0,0.0,1.0
50cf8286-e851-42e1-8563-9660e84ebc2a,58.0,115350.0,29.0,1.0
8fc4f1f2-1586-49e0-90f8-5aeb52be41d4,24.0,44716.0,18.0,1.0
2ac1d8d2-463d-4a88-91cc-5943dd593df4,21.0,90261.0,18.0,0.0
2f743ca7-7d54-4aa8-8fa2-2bec9c716403,28.0,57528.0,8.0,1.0
69e586d1-2f66-450d-8052-f42faafa52dd,46.0,31995.0,6.0,0.0
82cef4b6-074d-4c4a-923f-af6925915d80,53.0,52414.0,36.0,1.0
dbff4fca-881b-4b26-908d-67cab90f48f4,42.0,43844.0,6.0,1.0
8a9d2a01-77fc-4901-b572-ec4e0759ce89,38.0,66659.0,8.0,0.0
11d28519-a490-47a7-a591-b31e6bc99057,53.0,45522.0,3.0,1.0
4755707e-95f4-4b2d-9335-13870d27fd16,27.0,135449.0,24.0,1.0
d067857f-4c20-4595-a566-c0862803f403,54.0,104034.0,11.0,0.0
177d21d4-95b2-4518-9ec4-65f6dedb4032,26.0,72322.0,5.0,1.0
9ea69ce1-4573-4398-93a3-6cc0a7a43936,41.0,97638.0,17.0,0.0
f94494cc-dbf8-4bd1-82a6-6c2c8a2ef580,52.0,131334.0,39.0,1.0
8fe75fe1-b965-444f-b552-f4da62f4462e,52.0,38524.0,20.0,1.0
ee679acc-c517-4197-881c-bee685f4e75e,53.0,60846.0,14.0,0.0
489a4bb1-186f-4444-85a4-9fa212d29fc0,35.0,103643.0,2.0,0.0
17cdf523-62c2-45ec-be2b-c11dfa73fd80,56.0,90096.0,1.0,1.0
b5af53ee-5e14-4cb5-ace4-f0852edd7a76,49.0,144930.0,39.0,0.0
fea6105b-88e2-42da-acf9-05c3c18db08f,41.0,113804.0,3.0,0.0
c2ca702f-45e1-494d-85b9-992c9c298566,40.0,77703.0,31.0,0.0
02db7103-d402-4cb9-a69f-ccc7158ec0d5,49.0,54399.0,1.0,1.0
f272334c-1b44-4eaf-9b2f-be301156948d,54.0,105160.0,28.0,0.0
aa6ae8d1-e909-4c68-86c7-f16cbf3e61ce,29.0,122662.0,1.0,0.0
24cdaab0-e725-4d75-b54c-5b6893ffbd2d,30.0,118667.0,33.0,0.0
f5030403-762c-4b31-944a-afb71135a89e,40.0,78591.0,26.0,0.0
0ace892d-89d9-41cd-aee8-65c847e84661,42.0,50714.0,38.0,0.0
abb57937-9141-4283-ab67-db355442af32,52.0,136167.0,37.0,1.0
54a057ea-9a2a-4af7-bdee-9a5109c73915,58.0,65877.0,17.0,1.0
0cc0cec0-d36d-4d96-bec8-797c30e4c79c,47.0,114106.0,35.0,1.0
3423118d-3ac5-4745-87b9-0d6439663e92,34.0,108018.0,18.0,1.0
2ada04ca-30b8-40b1-b434-eab3fa725425,37.0,129854.0,26.0,1.0
de51a50f-a31f-4b99-a9cf-63e63ee3f1a8,42.0,89136.0,19.0,0.0
1d1db102-8eae-4047-9fcc-20ddcde82cca,39.0,63414.0,20.0,0.0
35c5e40f-76df-49d1-8e47-4912d76dbe0a,30.0,116576.0,22.0,1.0
a958a939-0fc6-4596-b764-8f2507ae612c,36.0,108943.0,29.0,0.0
50e07023-e0e3-40ba-b885-09a571098778,53.0,75468.0,24.0,0.0
ace6133b-7c54-4fe1-974a-8d4dacfecfd6,29.0,128841.0,30.0,0.0
16ae47d8-78c9-478c-9ede-2c55861a4c7a,58.0,109702.0,26.0,1.0
7c470c08-50e7-4aff-a1e4-9bda6c16c574,36.0,102108.0,33.0,0.0
fad79971-31e9-4b93-8c52-0f7298431814,29.0,128538.0,7.0,0.0
030dd7e2-f60e-474d-ad04-6ac13601ee89,26.0,122508.0,18.0,1.0
dea6fa13-1f97-4fa8-b252-bc068323bf51,24.0,76835.0,25.0,1.0
73d7b79c-1708-414f-b316-220f63b82bcf,45.0,93333.0,27.0,0.0
c3d7d31d-7ace-4b7c-af03-eccddabba3e6,31.0,72464.0,3.0,0.0
9755a07d-6896-4016-9469-74116988376e,48.0,142454.0,30.0,1.0
c8b34c8b-f8c8-4229-9277-08297c83c6bb,36.0,52923.0,15.0,1.0
5ceb10ee-dee0-4d03-926d-12acf24b7341,33.0,146062.0,9.0,0.0
9d2a0299-3d4f-4e4c-8ae4-3adb3779706d,22.0,91855.0,37.0,0.0
6461ea0d-87fa-4c04-a442-5619c27515c6,52.0,97445.0,9.0,1.0
49b7b068-73dc-4e9d-af16-bab49f2d174d,29.0,140454.0,8.0,0.0
4db5a8c6-3aa6-4e86-af38-9674c3d8416f,42.0,128384.0,38.0,1.0
ff01d715-a330-4090-997b-cbf02a048091,38.0,97619.0,35.0,1.0
266b434b-5fb4-4c91-8bed-3395c0ef1aee,53.0,76146.0,35.0,1.0
1248b076-5729-4f82-8e86-c9139b150469,40.0,90032.0,18.0,0.0
215da9aa-22c3-4854-bd48-10e2f516c862,33.0,143521.0,18.0,0.0
c6d06e8f-5757-42d2-b8b6-7b5d090eac93,56.0,146378.0,11.0,1.0
b32de35a-ed48-4bb1-b8b5-68653b83477e,59.0,47140.0,12.0,1.0
f4a8ed54-dc8f-4dc9-972c-0c04ad2e76e7,56.0,32670.0,24.0,1.0
d68467b4-b7d1-4666-89f2-f86b305cd675,31.0,66519.0,35.0,1.0
18d9f0a5-6b08-4af7-9ce8-b8cf51abe369,48.0,74512.0,24.0,0.0
f6bd719e-565a-4735-9a46-e12b34efd130,22.0,87811.0,27.0,1.0
579a3b84-8059-4afd-b4e6-7a0ac70016f8,52.0,133565.0,38.0,1.0
b847b53a-b09f-40bf-94c1-921eedb3674e,40.0,44691.0,29.0,1.0
5b8b7de3-d10c-4d47-bb26-424cc4d00d99,46.0,135156.0,4.0,0.0
5c5412ef-a728-4613-9b87-cc819f2b277a,28.0,64262.0,16.0,1.0
2c091d0a-3266-468f-8435-349c758ba093,35.0,84892.0,17.0,1.0
7e56025b-2eb9-4bee-8b22-121cbe29826a,29.0,55595.0,20.0,1.0
ddcaa0dc-3c28-4ea2-9d9f-852e84961c40,26.0,87207.0,21.0,1.0
0396e925-aef9-4fbc-9600-f4cb167c681b,27.0,145589.0,38.0,1.0
6d91e170-45f1-4384-8dfc-e3271f0b9231,34.0,63440.0,5.0,0.0
d8c4a062-9b32-4831-8894-2d2c550b3607,55.0,38630.0,15.0,0.0
27bb15ca-903e-47f6-bbe0-4a95fea49cf5,24.0,61250.0,1.0,0.0
d6da2136-b86c-4003-80ad-dc648c7e3225,30.0,124334.0,0.0,1.0
dd987520-c6f3-4b88-99a0-e18aceda0612,57.0,138572.0,29.0,1.0
9ac6d1d7-3047-4664-a3b7-c7ba7d19b205,59.0,128748.0,36.0,0.0
f7202c37-8ba3-4839-afe1-05352d2834d8,26.0,137461.0,22.0,1.0
5c88b565-3c61-4902-b151-2539b707176d,44.0,107518.0,0.0,0.0
98e3b860-dfd2-49e8-8c59-435284bd57d7,19.0,104191.0,18.0,1.0
763f5f8c-55a8-46e0-af0b-fe5f6ff3ebdc,22.0,94791.0,2.0,0.0
a96ffee1-3dea-4b54-afbc-7598b53ebf73,46.0,114118.0,1.0,0.0
690d47e8-eb82-4ba9-b83c-275d010f7563,54.0,130591.0,36.0,1.0
715c22c9-6a5d-400c-8658-272b20e676f7,55.0,93753.0,16.0,1.0
5a3d1224-bcd4-45ae-8474-bb80c2e539e1,36.0,140261.0,27.0,0.0
f41a9331-9752-4f89-b370-9d27ab634e42,25.0,90520.0,17.0,0.0
7088cb2c-7810-4eb9-8bb4-290267e68de7,18.0,34008.0,32.0,1.0
9b8d689f-cedd-400b-a00f-15c8a58e970f,39.0,74464.0,14.0,0.0
4fbb77cf-8e25-4f87-95cc-9f7f1a867fed,34.0,137408.0,21.0,1.0
40bba413-5a92-4ac7-9154-7852df5c9e55,24.0,30496.0,26.0,0.0
96b6bb5f-3783-43c2-9b22-0560b7d5419a,42.0,129767.0,36.0,1.0
8807622b-6758-4651-ae24-1fdd69932b44,21.0,53212.0,31.0,1.0
4f58a024-ba10-49b0-b53b-572f5fa56ad9,53.0,50637.0,18.0,1.0
9b548b03-1d97-4b43-9725-b6e7125a6ec6,23.0,75227.0,27.0,0.0
ba1c289d-288a-4cc0-b821-c37f84f4a0d5,48.0,112413.0,27.0,1.0
6bb3a91d-7ff2-4b21-af5f-40f5d12bccb1,36.0,149753.0,9.0,1.0
67d03bbf-528d-471d-8425-59f3025afb89,56.0,113346.0,19.0,1.0
b44cf2df-dcfd-4b0c-b45f-a2bee0fe19eb,44.0,39884.0,24.0,0.0
2570eca1-b6e2-4bac-b7af-a2ee5d60e69f,27.0,146481.0,20.0,1.0
53cdcb08-aafd-4f99-b32f-ff94fab17d1a,43.0,98259.0,13.0,1.0
5b89c357-452b-439b-9f46-75f5005a68df,36.0,79810.0,21.0,1.0
5379b9f7-3472-4b96-8e4f-6572e540512d,56.0,34761.0,25.0,1.0
7a0b84d8-8281-44aa-b7cb-732334f895a4,20.0,103166.0,10.0,1.0
993b4930-8e3d-4269-a786-532492a86e39,30.0,46375.0,6.0,0.0
2503846d-85ca-4365-8a4b-f78c1eb45127,45.0,137045.0,16.0,1.0
b4959e71-dc5e-47cd-983b-7569f9b38d67,37.0,55218.0,17.0,1.0
747fdc60-9ab4-4552-8e13-7c7e0fc260af,45.0,60565.0,6.0,0.0
9d5d245f-4356-42e6-861e-41f44e69122f,25.0,132654.0,19.0,0.0
584e4551-59d4-4488-83b4-165a9bc11fec,58.0,62975.0,37.0,0.0
aa537af0-345a-4304-baa0-cc7e43083095,56.0,57073.0,10.0,0.0
c217cc1b-90cf-4e0b-b8eb-763bb5bf135e,18.0,99726.0,15.0,1.0
cc4ca646-f634-43b3-a8ec-2e80275930eb,20.0,31883.0,26.0,0.0
e07b5780-02bd-4f08-ba78-f93e59d4044d,30.0,98422.0,10.0,1.0
0ee6c1b3-b83e-4d2a-89ce-b1fda6a96083,45.0,79629.0,15.0,0.0
e574b5c1-af4e-4602-89df-dff2d9663dc1,42.0,94170.0,22.0,0.0
8e64a8a0-f9f4-4c91-886c-9100fe604f7f,50.0,104489.0,11.0,1.0
5eafee28-e1dd-4c84-a2f6-8c9c0b7dbf0a,55.0,38381.0,39.0,0.0
6ad191f9-e11e-4183-9e48-a71d2a4d69b7,23.0,53238.0,2.0,0.0
b2798f4d-708d-49c7-9ffa-0c431428c664,49.0,43795.0,1.0,1.0
ccd42a3e-a57e-4b72-8f94-6729a42a0ab7,38.0,125964.0,37.0,0.0
de6065d9-8ef5-4514-ab3a-c8d4137fb281,33.0,92999.0,23.0,0.0
d9ab9490-1b66-4670-8883-922a4adab429,38.0,79907.0,28.0,0.0
025bd0b1-4084-4f32-af34-4ddbcc34a457,28.0,39638.0,33.0,1.0
fb23cb61-7710-4176-844c-b210cf900fca,54.0,100467.0,19.0,1.0
b5f72e08-983e-44ba-8e9a-e594b2fe6b54,53.0,72623.0,17.0,1.0
a6597263-f809-483e-b5bf-282ab2166787,52.0,68492.0,13.0,1.0
95cf6f3d-9142-401c-91cc-ff5eaa437f17,36.0,56411.0,17.0,1.0
dcaf6405-1913-45db-8c2d-d871de62fc63,37.0,140724.0,1.0,0.0
0f6b3f09-528d-497f-bc3b-cd42a0801df2,35.0,50534.0,0.0,1.0
288fdd68-8e59-448a-8e39-fbc9cc9f4dd9,58.0,132364.0,19.0,0.0
4d83f100-9a24-4593-9d14-cfac6144385d,31.0,59181.0,33.0,1.0
ef9041ad-f60e-4bf1-be72-e8f311e35345,32.0,133069.0,10.0,0.0
177cea5c-2c0a-49c0-b54f-4bfecc9c66f0,48.0,49996.0,26.0,1.0
b9f6ea55-052f-4657-91fd-ff414dc162b5,18.0,102089.0,22.0,1.0
c268676e-07c6-4e8a-bd6f-1cb75dc933f7,20.0,135682.0,37.0,0.0
c46dfc54-ec06-4700-ba9d-c2bd6b4778e3,33.0,113609.0,2.0,0.0
bdfb0790-4c71-4d48-b0f9-bfdc424f2b47,40.0,146004.0,11.0,0.0
a9d4a97d-7a0e-4ba9-9f0a-93db8c99fc05,28.0,102666.0,29.0,0.0
8ea8a59b-ef02-46d5-94b3-822d295b26e5,29.0,59405.0,30.0,1.0
08311e2a-a155-41a5-b871-46a5eb76bd06,27.0,131490.0,22.0,0.0
2fcf359c-970c-4b5e-8ba3-fe7d2aedfb9b,49.0,101325.0,0.0,0.0
7ba3a2ea-885f-40a7-b801-976f9a18d8a4,33.0,58930.0,19.0,1.0
a27349f5-622f-4f19-adbb-11b11d72ad92,25.0,144426.0,5.0,0.0
c5fd3151-1db6-44ac-8057-8a1b19040b24,55.0,47529.0,10.0,0.0
c36d2423-9179-406d-8531-61b21b32ab23,29.0,83546.0,34.0,0.0
d89fd10a-c8ac-41f4-825b-42b74b5cb619,41.0,37942.0,3.0,1.0
bb43d7e2-4942-4d41-8d74-531a6e334100,45.0,37548.0,28.0,0.0
4f820172-cd14-44b5-aa54-d61cc974237e,25.0,145248.0,9.0,1.0
e37b05f5-8612-4365-9ed3-57ce45f83d81,45.0,48296.0,28.0,0.0
b121682f-ce03-4c7f-bdfc-db54cd5c37fc,53.0,81016.0,37.0,1.0
3c144815-3bdd-4066-9ac0-1d0a32849289,43.0,127780.0,0.0,1.0
ae9a47d6-72ab-4c79-b5eb-581db5711bd9,25.0,30296.0,39.0,0.0
be7ded6a-e066-4dc8-b05a-6e68b6a1f9c6,45.0,97945.0,7.0,0.0
e5e230bc-f83b-4a62-99de-2fae17eadafb,45.0,89980.0,37.0,0.0
db62568d-11f9-4d32-9fd7-0465febfc76b,54.0,86782.0,16.0,0.0
1f0a54d0-eb5a-4c19-8f16-bb167bab715c,58.0,64229.0,18.0,0.0
0bd4011f-9c8c-43cb-968b-dc3bc38f52ea,53.0,126382.0,32.0,0.0
a6d22488-0d4c-4685-ae3a-ecba73bca0a4,44.0,83444.0,14.0,1.0
9850d8b1-b323-4d18-bd33-3be2381d44ef,34.0,65036.0,30.0,1.0
9b95ee84-d357-4590-bb4d-592b3c523610,26.0,145682.0,20.0,0.0
f08ba80b-e7c4-4de5-b2e2-8307c0bcde64,50.0,69322.0,2.0,1.0
8603615e-2339-4d92-a76e-33cd9c6e38df,37.0,144695.0,1.0,0.0
20e68dcd-25a4-485c-9f56-6bfcb4b59c07,30.0,57167.0,34.0,0.0
1ed9415a-d6a9-40af-a92b-c940ce0fa673,45.0,81667.0,15.0,1.0
3d02ffd0-800e-40b5-9b42-62ec494fd992,46.0,124527.0,20.0,0.0
3d4b7ef6-88d6-4c70-a1e9-32c0b00dea68,30.0,113337.0,11.0,1.0
439bb8dd-2179-4a4d-820a-256462561260,52.0,81468.0,27.0,0.0
5892a386-6b25-4992-9b1f-681e8799e9ff,23.0,102894.0,11.0,1.0
45cb286b-90cf-4aab-969c-073e29e9b3d6,35.0,83084.0,32.0,0.0
b6bbf285-06fd-4697-9861-e9ec501a9a4d,22.0,93138.0,19.0,1.0
c1eccf06-9004-4197-bcfe-7b5d94613e2e,42.0,52588.0,39.0,1.0
6eedac53-1c30-4465-b545-e73ab052fb81,19.0,92901.0,20.0,0.0
933d3699-27b9-4d48-908c-8538efdf6683,27.0,47671.0,38.0,0.0
23df6b65-214c-41c0-93d0-ca80975170e6,47.0,113038.0,35.0,1.0
ff8e9179-1e12-4833-9477-b4c7677e1234,22.0,120664.0,21.0,0.0
c4d2459e-1883-4df3-a6c8-d1b60144cf63,50.0,61645.0,25.0,0.0
1d581fca-248f-4f3e-9f02-26754a8cfd8c,18.0,37637.0,6.0,0.0
74bd2f8d-9725-4a69-90b4-fee521a44eb1,35.0,30660.0,6.0,0.0
d1685c96-86cc-498c-8fb4-a792218a47bf,49.0,137211.0,7.0,0.0
c721825d-beea-4284-b45a-d8567dbf5ab6,28.0,36922.0,25.0,0.0
199c54db-5366-40ab-8d81-10c40b166750,38.0,123697.0,23.0,1.0
72373ba4-0115-4188-acc5-6e2a48f7f1eb,43.0,74721.0,23.0,1.0
fc1bc97d-861a-4941-8803-966fd88e4eab,42.0,87256.0,39.0,0.0
4965fe1f-bdb6-4518-9f11-278e20543f5e,39.0,147217.0,11.0,1.0
9a566827-eca5-45ef-9f75-57caacf39a11,44.0,99506.0,7.0,0.0
0cfb910c-10bc-484b-b81e-4c5537098f2f,30.0,98943.0,8.0,1.0
d76b910f-0ae6-45ad-8744-6777ffcc6d35,50.0,57843.0,2.0,0.0
ea673e64-1a78-4cd1-befd-5edb42e17ae8,51.0,39046.0,20.0,0.0
5463f782-f0af-4f26-94b5-8242bc9f9b3b,58.0,119336.0,30.0,0.0
0b7521b2-4b38-4eb5-830f-bfc3d764f540,52.0,93985.0,23.0,1.0
91c9bef9-6832-4007-a0bb-44431c73a671,18.0,110083.0,3.0,0.0
87220448-696b-4c2e-b69d-565b0077ebcb,38.0,133064.0,19.0,0.0
ee27d4bc-f9f4-416e-a0ed-fdc97b34827d,23.0,126925.0,15.0,1.0
ff577644-6320-4841-8d1b-121b7ad8e4bf,45.0,146585.0,9.0,1.0
0bb53d06-3d89-4334-b8d9-eb10c5fa7d7e,34.0,60346.0,25.0,0.0
8fcfe47a-f504-4101-8035-ddf5e7a628e0,22.0,118284.0,28.0,1.0
6572726b-40ff-4262-98b1-510315707dc0,48.0,141769.0,4.0,1.0
238f9791-ed98-4659-addf-f174ef179d64,22.0,132391.0,10.0,0.0
c3b16193-2acd-491e-9a89-95e824ae8967,55.0,121384.0,28.0,0.0
7c2f6f70-4d45-4feb-9adc-6806ce2c77a4,20.0,83526.0,14.0,0.0
042e369b-c7ea-496d-be3a-43e5cb673b37,40.0,103143.0,5.0,0.0
37c0cb70-42b5-4d37-afd6-9dddffc1c9ed,54.0,66787.0,14.0,1.0
e587d02a-f3ea-4ec0-9010-5fc40c3e3247,54.0,63583.0,19.0,0.0
9c2d34db-581c-46b3-ac4f-efb8aaf42ae8,27.0,42563.0,33.0,0.0
7d5905d5-b7bf-40c8-9edf-1d9625f279cf,27.0,76060.0,1.0,0.0
0884f6c1-4c9f-42a6-b603-552228b904e4,36.0,144462.0,15.0,1.0
1e103115-34ec-4b56-a1ad-d34e702a2972,34.0,63690.0,18.0,0.0
ba8d6996-2dbd-45a9-9a2d-1334dd9da633,38.0,141233.0,33.0,0.0
8d0c375f-d929-4dcb-b7f1-42538343453b,31.0,124712.0,13.0,0.0
1f29311c-0e7f-46eb-8dd7-b84a5bc22d4f,26.0,44925.0,23.0,1.0
aa940033-affb-490c-b5be-53687727cd56,18.0,116787.0,27.0,0.0
c504cff2-2cbc-4b2e-a41c-0048af4b891b,30.0,113184.0,31.0,0.0
259b9bf6-8d1d-4c4f-8ace-f1d63ba58e5b,21.0,50108.0,36.0,0.0
8ce046e7-268a-41cc-8954-5334fe68386d,18.0,106515.0,9.0,0.0
c3f0baed-b17d-41d9-aff1-7873fd86be39,57.0,98258.0,8.0,1.0
f748909f-63b8-4cc2-bd6d-d3f3572c0afc,49.0,35355.0,23.0,1.0
065d7e3a-d25d-4cc0-adaa-8ccc7794c7d6,51.0,76069.0,35.0,0.0
4b8d319e-9a01-4e6a-9683-384ad72a778d,45.0,124335.0,28.0,1.0
829f51e9-179b-45f1-9a20-836aaa69974e,48.0,130854.0,28.0,1.0
975f4ba5-b5e1-4534-ab27-19592f91edfc,25.0,84471.0,22.0,0.0
eb8d4277-90cf-4918-8d58-66f222a244dd,56.0,62705.0,26.0,0.0
bd87431f-63f9-476c-a473-64cf4cfc4106,43.0,73909.0,30.0,1.0
c30ba400-20ee-469c-aeaf-bfa41ace7a11,51.0,118606.0,6.0,0.0
9ec662c7-aa63-4778-b87d-9f02af5d03aa,20.0,146361.0,3.0,0.0
98a697af-614a-4458-8c6e-5f0cbadb0ada,29.0,83739.0,13.0,0.0
f1ae8ab7-9344-4ea5-b231-3087c7e11dd9,18.0,106820.0,9.0,0.0
9731cb0e-1ef5-4948-a362-9ce4b4865cbe,22.0,117273.0,33.0,1.0
2ae14365-e6fc-4b66-9447-749b6704c666,47.0,53241.0,25.0,0.0
e5b5bff9-a93d-45c6-a86b-ba28944420b1,47.0,57414.0,22.0,1.0
09599361-7283-42ce-b98c-da062df9d51d,34.0,80818.0,8.0,0.0
926dbfd8-65d8-4a03-bf0b-f229ac77b4dd,40.0,50895.0,36.0,0.0
2f1c30b4-a333-4102-88f7-58bb4d692a09,32.0,122307.0,7.0,1.0
84cd0e9f-5571-4aea-a94e-be7e282c7bd0,54.0,92409.0,13.0,1.0
ed9bd6be-687c-472e-b765-ee44b39896e8,38.0,85324.0,6.0,1.0
58cb95ce-3302-4798-b5ea-158e1ca657bf,31.0,96920.0,6.0,1.0
c05c0ee7-5ba5-40d1-aee4-7d50886daabb,19.0,83555.0,8.0,0.0
860d586c-615c-450c-be53-1f3de6eca0e4,28.0,148642.0,2.0,0.0
e3176172-724f-4e24-862a-5d02a052a5cc,56.0,95453.0,13.0,1.0
392e9806-a8ad-4d5c-befe-6c20f1fef6eb,55.0,52689.0,16.0,0.0
826851ff-f474-420e-a63d-e72c2b307026,51.0,94356.0,21.0,0.0
9f1d958b-c7cb-43d5-b6d6-e147dc194e43,55.0,123011.0,25.0,0.0
114f5777-bdbe-415e-9331-a0b46f5f0e49,51.0,38252.0,27.0,1.0
b82f40ae-7d86-41eb-87d8-db4b1a926b01,35.0,60844.0,13.0,1.0
554af1d2-7783-4c50-8df3-b4adff9e41e7,47.0,125687.0,8.0,1.0
08b0fd1e-9751-44b1-8998-a5f41614b26f,32.0,135542.0,25.0,1.0
079c6fd6-0df0-436f-bf7d-058b3258f22c,44.0,53365.0,1.0,1.0
a5bd7b99-2afa-4013-adb9-580e634ac6c8,51.0,36026.0,10.0,1.0
9fbda526-6359-4cb9-9ac2-df80a8b31c40,55.0,128303.0,16.0,1.0
a2a5a103-7eb7-4de0-acb6-55b7aaf93e74,50.0,58523.0,33.0,0.0
88a3225e-2649-40d4-91e7-9e8f777c4f08,41.0,40482.0,18.0,0.0
0f64dc41-2627-4543-87d9-9c56dcb3ce1e,32.0,142105.0,38.0,1.0
e5645fbc-920d-47a8-b2b8-5bccddacfff1,47.0,78888.0,17.0,0.0
0d696e0f-f8eb-44ff-939f-8110cfa7ac3f,59.0,143884.0,12.0,0.0
ed7cc423-2c52-44ff-89af-c3d7ecd7531a,34.0,136968.0,4.0,1.0
8ec1a685-61d6-4c74-9e35-2317add05f21,22.0,80110.0,22.0,0.0
ce21b375-49ba-470a-87d9-cef2114793c5,46.0,120644.0,23.0,0.0
6a0db7dd-dbed-4f5e-a220-d6c1ee570073,21.0,30493.0,28.0,1.0
eceade9e-04f4-4407-a413-6551cf822fd2,27.0,86194.0,7.0,1.0
a4000623-c462-409b-b0a8-3bdf2a6d2c7b,34.0,112001.0,25.0,0.0
bc06e215-4359-439d-aad4-780e7b2809a1,27.0,69767.0,14.0,1.0
71d0cb5f-b64b-430c-a6d7-9cc28d351ae5,34.0,59550.0,0.0,1.0
f30e5c4c-12cc-49e8-bb2c-4c17a20ee9ad,37.0,43833.0,27.0,0.0
db25588c-b05b-41f9-85aa-fa2a0a44b2b2,41.0,32970.0,13.0,1.0
2077e1bd-8fdf-4034-8bb5-8e406c2e747e,22.0,128315.0,33.0,0.0
da0ecc8d-5adc-4bd0-8150-10530d96440b,51.0,125494.0,30.0,1.0
c4e6182a-7161-4cbe-9155-0d1e5c03c87a,23.0,143855.0,5.0,0.0
47d06556-0529-4e0a-9369-9b6a3ab3093c,19.0,112681.0,4.0,1.0
9927349a-91ad-4c7f-beb3-b2599060c7b0,30.0,131489.0,30.0,0.0
a26a871b-763f-4093-90a4-4b7d2cbd1cd5,28.0,79177.0,36.0,1.0
94a4aa39-cae7-4e97-932f-3c961ddb1b80,40.0,97342.0,14.0,0.0
8441b339-9b32-4bc9-a17b-648c8b02d6d5,33.0,101200.0,14.0,1.0
c8bd01ff-43f9-4099-b4b3-3d503432fea0,48.0,91501.0,4.0,0.0
f03d5905-e472-44de-b934-0f063d97e4fa,28.0,58900.0,27.0,1.0
c4923eca-2a66-4bee-8923-527f985e38c4,33.0,44126.0,32.0,0.0
5d34fce0-dcce-46e4-ac74-dd26e1b4764f,25.0,141198.0,10.0,0.0
7b29f165-2391-495f-969e-2723fbfeebf0,21.0,100690.0,5.0,1.0
56b91988-1121-43e7-a5d0-261e6f05806a,57.0,117744.0,22.0,1.0
47e989ce-f044-47a2-ad65-a7a8e19ac31f,21.0,109303.0,39.0,0.0
b8a2a3a1-7a70-4ebc-89a9-ed3e3860dd7f,42.0,115579.0,1.0,1.0
5356fb6a-7d21-48e0-a211-ae17dfb12be0,20.0,77994.0,14.0,0.0
9a229703-fa27-43fe-b6b9-2b763c3b4c49,49.0,97061.0,22.0,0.0
6b715aaf-b72a-4e16-be3c-dfb4050f1858,20.0,129064.0,21.0,0.0
7dd2f7db-7c9d-4fe8-8ca7-fe8b7b408147,44.0,46978.0,8.0,0.0
8e4482b6-3917-4922-a1ec-e4af558c3f85,46.0,86344.0,39.0,0.0
6ffa5532-71c3-43f4-ad5f-54990ae23dd2,49.0,76648.0,29.0,0.0
0d818841-d1f7-4aeb-8427-a3127d175135,36.0,31055.0,15.0,1.0
7f38b162-cb5d-4659-8192-68d679e6e248,38.0,105582.0,29.0,0.0
cca098b0-5b4e-4841-8411-d666f8dc3951,22.0,131387.0,8.0,0.0
52e59fd0-f7db-49d4-a579-8210bf1a8396,35.0,111214.0,0.0,0.0
a2590a7b-ec6c-4db6-b269-066d3765bb1f,45.0,74876.0,37.0,0.0
7aea08ab-94ea-48cf-9249-cb24bdd2e35c,59.0,148363.0,7.0,0.0
c31dba8f-f81e-466a-879a-56a9bd8e0769,39.0,122160.0,17.0,1.0
7069c8c8-4e41-4106-8498-66381e33354b,38.0,137954.0,26.0,1.0
e6cfa007-2fbd-438b-9376-525d431b15a0,23.0,68725.0,17.0,0.0
3be13684-730a-4f8a-aa4f-fa981a92d671,18.0,35255.0,31.0,0.0
4866a479-512d-435f-8fde-4a94c30261a0,22.0,104947.0,31.0,0.0
c100fcbc-c9a6-4427-924c-48c74f2f6ff1,58.0,83380.0,35.0,1.0
51733e7d-ed0f-4cd6-b831-ed758daa9042,29.0,144648.0,35.0,1.0
d91f4098-c183-421b-a3ae-03e85aa1bfd2,43.0,83333.0,20.0,0.0
4367d6e3-19ac-40fd-b675-ac250daa6228,51.0,72459.0,31.0,1.0
74f6f5c6-13ee-4d76-8bfe-cbe302212f5a,31.0,146518.0,30.0,0.0
2add6133-c5b9-4c9c-bf33-7419e161cb0f,43.0,66163.0,36.0,0.0
be9997aa-31f5-44ba-a7ca-b579cc8d4bfb,44.0,63971.0,15.0,1.0
86153b6f-66b3-4cf0-896a-09334efc53c8,26.0,126771.0,13.0,1.0
783cd0fb-e55c-440d-9552-85f02c11e3bc,43.0,95149.0,23.0,1.0
af141f93-e9c3-4cda-a490-d98f8a39a24f,39.0,114730.0,24.0,1.0
e3ca0995-959b-4a8c-b448-41043477f4f0,47.0,49476.0,34.0,1.0
8000b9eb-b62f-4907-b79e-83a65bcbcc3c,34.0,98580.0,16.0,0.0
b0fcad35-a3c7-4b6c-ad60-9c549f55eb92,43.0,135576.0,3.0,1.0
6a18abbf-7510-4450-bb76-48e7f5adadb1,53.0,116593.0,10.0,0.0
4672dffb-db18-48ed-bdc8-e97de0eee73f,18.0,99050.0,14.0,1.0
a37c241f-8189-439d-ac1d-29b6c802b8db,25.0,105526.0,29.0,0.0
7aec5b3f-c47a-49ce-a674-b840a054adc6,52.0,134496.0,23.0,1.0
ef716a09-b638-4f3f-bb9f-ee085f3262bd,32.0,139071.0,1.0,1.0
2d0be4e3-be48-4d27-901d-f58909872b46,39.0,144832.0,33.0,0.0
85b7e488-eb5f-406e-a5b2-5fc251cf51a0,31.0,37507.0,22.0,1.0
54bacc58-0c5c-463e-99a6-8b5afc53c3b9,43.0,100393.0,30.0,0.0
b59b0855-0d05-4c54-87eb-4b2063131cbf,45.0,42118.0,36.0,1.0
5f078659-4c59-4c9f-a734-5f61cc328de1,40.0,80529.0,12.0,0.0
19c492fb-d24d-4087-9a0f-7123e9b79084,31.0,98682.0,32.0,0.0
e91c3e16-644f-442d-8a21-3da801913875,41.0,121937.0,6.0,1.0
dc38c546-1ef6-45fe-a301-9d62fbeb860b,19.0,84176.0,31.0,1.0
8c96987f-e0c9-4a5e-958d-b6aedeb9fde4,43.0,145481.0,6.0,1.0
e4002a0d-62be-4068-aac0-06ae60666f3c,31.0,121713.0,37.0,1.0
40b128da-fa8a-413e-afb9-0254266dd81f,24.0,134060.0,12.0,1.0
703ca28c-864b-45e2-8ab8-5b6d7e736b72,20.0,34414.0,23.0,0.0
148c299a-8030-402e-a2ba-91e6bcb1ceb1,40.0,113030.0,27.0,1.0
163e00f0-03fa-4a6c-a1a4-78b8dbe69281,35.0,115973.0,31.0,1.0
71d65634-045f-4278-a5aa-aff7924e917c,55.0,92137.0,17.0,0.0
0ef32ca2-c11c-48ed-947b-f00808d76fe5,52.0,33937.0,33.0,0.0
ac1f902a-3cf9-4d06-95b7-433d5afae4d7,32.0,66731.0,33.0,1.0
c167b9bf-62d3-442b-897b-ac0e58aee926,42.0,116862.0,37.0,0.0
a428aad1-82b8-40ec-a3e8-42ed6efa1dde,54.0,68665.0,0.0,1.0
ac747791-9e89-4260-85ec-4062e4646434,45.0,104510.0,30.0,0.0
0dbc8c75-b2bf-4c82-829b-f0fa5600a219,27.0,142681.0,0.0,0.0
77727376-90b4-4cc9-80ae-d1650951fe2f,56.0,47500.0,15.0,0.0
c8721831-44e8-4580-8302-c2c879240a23,34.0,144360.0,38.0,1.0
f4bd4c6f-ed31-4e37-ac75-65c5e706ff2e,56.0,31750.0,14.0,0.0
4913144a-a7eb-494e-8916-59a1992e71bf,39.0,95018.0,32.0,1.0
bfa05a3b-3320-44eb-bf00-a94a308caf6b,43.0,34027.0,22.0,1.0
1bace476-3088-457c-8390-e953aba39463,42.0,139832.0,33.0,1.0
5b4ca643-b279-4f63-b2ca-b5e0d5808b01,34.0,35745.0,16.0,0.0
ba679a82-2cc9-440a-a617-238ea4a89962,30.0,91731.0,24.0,1.0
7cc4c44c-7deb-444e-abf5-3df891771584,37.0,116984.0,5.0,0.0
ffb55fbb-1847-4eed-aac1-1af55a04bed1,42.0,137983.0,30.0,0.0
1ad59c86-2900-410d-92c4-bfb5625b4dcc,21.0,58451.0,4.0,1.0
166dee71-3235-4482-bdc7-082fb47ee240,27.0,123743.0,39.0,1.0
9bb21106-561c-442d-91ba-667f80d5ceba,20.0,101474.0,39.0,1.0
dfbd1781-d319-40de-a253-91bc6c702eda,58.0,91536.0,29.0,1.0
cb25209f-5709-4a24-a64a-f42723295881,35.0,42150.0,4.0,1.0
4dbcae3f-03bb-493a-9996-a758c246b0b4,53.0,43406.0,11.0,0.0
d7ab728e-7a77-461a-a93b-083a15b2a3a8,39.0,49781.0,6.0,0.0
cf1783dd-c0db-442c-9a4e-15fbe68d2f60,51.0,87417.0,12.0,1.0
17d9510a-e6ae-4019-b67c-0994565f43d7,25.0,146047.0,3.0,1.0
59a93edd-2ffc-4db8-ab5e-c9eb323f53ea,57.0,133157.0,2.0,1.0
af962191-a35a-44c9-800d-49d5557013a5,36.0,48325.0,11.0,0.0
8dbe621b-9718-4787-8593-0ce80d025433,59.0,98684.0,0.0,0.0
03d582a3-9dbf-4b9c-843e-11aa92b1a5a6,58.0,124415.0,26.0,1.0
4b0875bb-2268-444e-b287-a884f98cf530,54.0,144547.0,12.0,1.0
fed715ce-a8cc-40bb-8d3f-34a0af4050b6,23.0,103469.0,16.0,0.0
c8d04b5d-e460-47e7-9009-aad5fad7f021,43.0,39436.0,7.0,0.0
35f673b0-6e09-41cb-ae30-fabbc3ed58e5,51.0,47669.0,31.0,1.0
f85ae431-e141-40e0-b7e0-9fd7e87accf0,23.0,102010.0,19.0,1.0
0b59d46d-3ed7-4297-b65b-1480049b4c3d,54.0,142983.0,16.0,0.0
9c748fc8-1f82-40ae-b8f6-c041fbef0f6f,50.0,106764.0,33.0,0.0
4cdaab86-877e-4c5d-96f6-32ebe0583ad2,39.0,129074.0,34.0,0.0
bf468bd3-5d39-4173-86d4-58c2f40ad294,38.0,31843.0,34.0,0.0
64a3c011-0e5b-41cc-8b94-85b683b909d1,23.0,95609.0,37.0,0.0
a8e00c50-0cdf-4ca1-8078-c2d4942dd132,23.0,80812.0,23.0,1.0
3698e9cf-7c8f-451d-a329-7c78720b4068,21.0,46059.0,17.0,1.0
b2d207af-b70d-4be0-9143-152ece63b924,47.0,116269.0,38.0,0.0
d9a4f96b-5967-4c5f-a1ce-ab9c0078d52e,28.0,70768.0,32.0,0.0
d1cb42ee-56a6-4d02-b404-1c0b9fab0c96,47.0,55395.0,22.0,0.0
4b862e94-d600-42be-b666-8bbf60f8262a,48.0,50202.0,24.0,0.0
18d568f6-8424-4413-8804-b31913b656a7,41.0,43273.0,36.0,1.0
e54c4317-fdbd-400e-8f80-0c1582d6ec2a,26.0,78889.0,26.0,1.0
2323fd3f-1fe8-4f38-b35d-64608a437429,20.0,128635.0,0.0,1.0
674167cb-9a74-493a-9784-eaa507878422,48.0,146109.0,20.0,1.0
2f6ddd6d-4735-4dad-8f05-f792bdbd8297,57.0,103048.0,9.0,0.0
b9103107-7e87-437f-b504-c8470831ac3e,54.0,123767.0,30.0,0.0
51c6a297-b092-4505-9d2d-a418e68fbe62,53.0,118810.0,24.0,1.0
56756fff-47d7-4d9a-aa10-b2611128e6bf,41.0,133235.0,19.0,0.0
c7464e56-07ea-46ae-9f8f-1cf64ba0c69b,48.0,75510.0,1.0,1.0
6b42c2b3-ee8f-4452-aacb-bb8e2cbcf071,23.0,117945.0,14.0,0.0
b1f30c48-1d2b-4a64-8b90-8c36cc240aef,19.0,141730.0,27.0,0.0
004b0884-579e-493f-ac11-2e9da82fe62d,37.0,149096.0,12.0,1.0
e44b2ac9-d2dd-43ac-a27c-b5880eb2d2b1,45.0,100649.0,13.0,0.0
269b8ab4-3b15-4670-818d-3efd6566c853,28.0,136723.0,1.0,0.0
843823d6-b2b0-4751-80e0-9d9772696479,21.0,32881.0,33.0,0.0
5eefa80e-341c-4b41-b7a9-b4f4a1a8472c,32.0,75913.0,34.0,1.0
a24bbd84-195d-45a7-9234-d6e6dcd0f59f,23.0,141860.0,36.0,0.0
1e38b9a3-a898-4554-a838-2a19dad7b343,47.0,114785.0,24.0,0.0
b7da0399-be37-41bc-b275-7643f88f3f4a,55.0,95037.0,14.0,0.0
720453c1-8cba-4c3c-b681-e30cdc944c14,19.0,92457.0,11.0,1.0
3eb379f6-4b52-48f6-982d-c6fa5dbdbb72,32.0,65343.0,8.0,0.0
1b87819e-a440-4f98-b973-868ed4294e51,28.0,92389.0,30.0,0.0
cf1c3867-6460-4cb5-bc21-e73e00fe11d9,25.0,108250.0,13.0,1.0
cbe45e4f-bdfd-4cfe-ba48-89db9c2e313f,43.0,134489.0,28.0,0.0
3cb71905-7b8c-44f0-b953-a22c64bbb35d,22.0,38656.0,37.0,0.0
a87bc71f-53d1-49ce-9030-fe585003d61f,23.0,35741.0,7.0,0.0
da6db1b4-06e6-489a-b41b-f9c2d52d8d65,43.0,46661.0,2.0,1.0
e07e8bff-996a-4abe-87f8-7ec7b668436f,21.0,127091.0,1.0,0.0
83e99fcf-ee82-4e4a-877a-8798b0180dff,36.0,58690.0,15.0,0.0
1ce90a03-b8e5-4e79-805d-657056f1dc10,37.0,62833.0,18.0,1.0
41167d29-a575-4998-b0f6-e4d45a076940,50.0,132566.0,29.0,1.0
5c511fed-26a6-4e56-9f4d-c615ded61db5,37.0,101240.0,15.0,0.0
2cdadd2e-b460-43d8-af8f-55a195d0aa05,29.0,143659.0,30.0,0.0
6ba2f620-26ba-4180-a910-a85c1b6b8dfb,18.0,136898.0,27.0,0.0
ab223547-cb31-44cd-8a51-aad3f673765c,43.0,107711.0,3.0,1.0
7a97b8b4-b726-4c55-ab5c-c7a056641eb3,31.0,87141.0,9.0,0.0
2b452c06-f2ba-40af-b566-f592e80a10be,55.0,108232.0,17.0,1.0
6e0c568c-8197-478b-8f09-eec6d9c7ce1c,54.0,69023.0,31.0,0.0
07a095b2-cf4f-4509-bf73-e3edbf583ba9,28.0,70209.0,29.0,1.0
fd2b4231-452d-4f99-a049-19c79a6483e4,53.0,123590.0,35.0,1.0
52b42c46-8363-4cfa-989a-25ea0621f9d9,30.0,116612.0,8.0,1.0
01776137-634e-4fd7-9057-363c4ad7d989,20.0,110522.0,35.0,0.0
17c3e4e3-66cb-4ade-81f4-dc35c6b9b84d,50.0,141654.0,28.0,1.0
fb28060a-fbc2-4a40-9409-8020f1993f8b,23.0,44440.0,15.0,1.0
ec5102c7-19ae-41ba-b779-b5c0fa21fc12,27.0,149107.0,27.0,0.0
7ebc0f98-706e-4ca1-a7f2-24577d4c0c1b,22.0,37960.0,20.0,1.0
997c5a1d-012a-4373-8d6b-8feb4e1f99d4,40.0,52462.0,1.0,1.0
8f253f5d-fada-4b8c-b184-f81033a3f2f2,27.0,47821.0,34.0,0.0
e01b58dc-58c8-4911-bf53-c12842324279,19.0,87772.0,27.0,1.0
4ef6dced-45a1-4f1f-b310-429bbe4ceccd,30.0,57258.0,35.0,0.0
a388282a-155e-432e-9b0f-cb3d99855de5,57.0,122889.0,30.0,0.0
8ba3cb7b-1362-4a11-9b99-d91544ad1037,19.0,118952.0,32.0,0.0
370fbc37-b72d-49b0-b482-1c20d55feb34,37.0,92524.0,22.0,1.0
cc7cb5b7-8447-4def-9582-6e60f87e60b5,18.0,52115.0,16.0,0.0
2a46ddea-1756-4b10-a26f-c6caf6979d50,54.0,148066.0,0.0,1.0
0bc25ee6-c291-4d82-9456-00f65fbf1b6a,26.0,76433.0,22.0,1.0
f992526b-9501-44e9-a2f6-e57456718fd2,34.0,120504.0,26.0,1.0
d30f05c8-4666-4226-893e-334b592f2606,26.0,118267.0,24.0,1.0
af966284-a5a6-464e-a5e2-815d9b0ae167,28.0,118321.0,31.0,0.0
c550b37d-9344-4961-846c-7f33bb269ef4,32.0,134933.0,18.0,0.0
0f5168c6-b4ed-42cf-9e84-63e6513ab070,41.0,109364.0,23.0,1.0
da525a48-9337-4556-9019-7a401edc61dd,55.0,100077.0,2.0,1.0
b2787b94-4dae-48e6-ab99-ec4af60a364c,52.0,70644.0,11.0,0.0
27190980-8831-4b63-a913-70a280f7d151,47.0,92643.0,34.0,0.0
d9a2f462-28f3-4b49-86df-f38d09c4237a,48.0,43311.0,14.0,0.0
f7bd6637-f045-464d-adbc-d472f17914e3,22.0,60531.0,16.0,1.0
11402ff7-837f-4078-977e-e0cd930eb09e,31.0,44588.0,31.0,0.0
429a3a3e-3513-4b57-81c6-2d01eb9b0e87,28.0,79416.0,6.0,0.0
6e6987b2-ca69-48e0-aa7f-e1e61696bcd3,26.0,42380.0,18.0,0.0
07e55d1f-3852-4cd2-af51-5ff24946421e,51.0,72645.0,6.0,1.0
42c0b3f6-dd2a-4b57-a286-eed96e2ccb11,29.0,47818.0,4.0,0.0
e8a2fa95-2b63-4c0c-be9f-3ccc63d028c6,52.0,60857.0,39.0,0.0
6247d220-3dd0-4cd4-808d-4cd4666569a0,52.0,51711.0,20.0,0.0
d4682f50-390f-4eb9-a339-13d654211cd3,18.0,35097.0,6.0,1.0
56d21148-abcc-48b4-9347-5a06ebf129a5,57.0,146348.0,36.0,1.0
29f4a39d-a0a7-426f-b586-56b6076e83aa,39.0,58393.0,22.0,0.0
2a7fc34a-01f6-416a-b446-877de335c59b,46.0,52076.0,10.0,1.0
833212c2-3020-41e0-885f-6a0b0d9508ef,25.0,114274.0,9.0,1.0
efb0852c-4088-44f2-8482-b688dd3ebbde,28.0,87609.0,20.0,0.0
a96a10c4-52b8-4152-a438-e7a30c47bf30,58.0,59317.0,32.0,1.0
2455143d-d010-41d9-be13-390e6e05b5ee,54.0,134765.0,19.0,0.0
08a22410-ae2e-4275-8f16-30901035f48b,31.0,88480.0,32.0,1.0
4dd197b9-cb35-43e9-9dcc-f04758529468,47.0,37044.0,39.0,1.0
de0c5a78-e0a3-4e6e-8df4-083cab1caeb1,52.0,101033.0,34.0,0.0
b28678e8-7b02-4a1f-955e-544558637141,38.0,149237.0,33.0,0.0
4dfdcc39-874a-4d26-a8f0-99d6c83358d0,54.0,85486.0,35.0,0.0
e6efd2a4-f585-41d9-9fb5-2cdafa0f9801,22.0,85162.0,26.0,1.0
5a72d1c0-1d99-4ab9-adc3-9e3ec89737d3,36.0,109287.0,18.0,1.0
cdf18c40-6959-44dd-82e7-5335fa72c5c0,31.0,59882.0,4.0,1.0
56f1909f-afc5-4518-b9ff-b0f54e2ca996,43.0,84078.0,28.0,1.0
5596d49b-28c4-4123-8683-7503155475a7,21.0,88734.0,9.0,0.0
254dc885-d7b7-4cfd-a0bb-f8a1fe646b7b,42.0,137608.0,39.0,0.0
81b8b08b-296f-49ee-bb35-1031bc7e0efe,59.0,138730.0,12.0,0.0
7fdb53d2-dbda-4474-a496-d7a14afcc72b,42.0,73826.0,28.0,0.0
082dba23-5173-4972-9e9b-389e75c0d8c5,35.0,117985.0,4.0,0.0
3cbf74ac-2b75-4eb8-93d6-b9becf297c8d,57.0,74028.0,11.0,1.0
69831e8a-ffc5-4863-9994-938822408b8f,25.0,81331.0,12.0,1.0
dea4f077-e822-4163-8fe3-50b126e8f693,56.0,149655.0,21.0,0.0
8ec54cc7-7805-45fe-b953-cbde680816a6,57.0,128938.0,39.0,1.0
c488e917-5900-421f-8b24-e2d239401216,31.0,148319.0,14.0,1.0
05b238c7-11f4-48dd-bb9c-87f36c294c36,49.0,62543.0,12.0,1.0
5f5be062-bf5d-4efa-8d45-cd871e717c81,55.0,59362.0,0.0,0.0
653bedf6-051a-45e0-ab7b-56085ecd2e90,50.0,57315.0,37.0,1.0
5df6705c-d0a5-4fa8-8793-1b3a76cb85e4,40.0,57746.0,0.0,0.0
29930d8c-eeac-46bf-b8d9-32d5c6667819,32.0,40057.0,10.0,1.0
4f35a591-6859-464a-a98d-efc56db384a0,50.0,141649.0,39.0,1.0
0128213f-e346-4e40-b358-cf14e9d504ed,42.0,72915.0,21.0,0.0
ea1ff917-6779-45b2-ab25-e5b81b331335,34.0,51061.0,34.0,0.0
20bab56e-b59c-4561-bfa1-584123684c42,50.0,81370.0,5.0,0.0
a3009ed7-2cb1-45f0-8953-d4d700f7d8b0,19.0,64157.0,27.0,0.0
ef1c8ca7-46ad-4275-8356-598cd27b7d69,31.0,141375.0,30.0,1.0
45caacae-c1ec-416b-9351-5f05f6f51634,57.0,41322.0,7.0,0.0
c7192036-5f5e-4593-a54d-4cfec473674a,57.0,99812.0,4.0,0.0
59edb9c9-191c-4af5-9867-ae0418004bd2,56.0,107842.0,16.0,1.0
1d11aef3-e42a-41d6-8ba0-493055ee9335,23.0,64017.0,37.0,1.0
63849d46-3681-4409-ac75-8b682ecabe26,23.0,86792.0,8.0,1.0
be482b21-df84-496c-b71e-a7881dc19e15,20.0,57742.0,9.0,0.0
d7b7b867-0c6f-4f8a-ba4e-62671377e3f3,24.0,127136.0,19.0,0.0
87a8b315-0c6b-4c68-a92f-7dc09ce6ff28,25.0,94808.0,13.0,1.0
2803fc3a-6ae1-45e2-aa0e-44aa45c5d866,59.0,47629.0,13.0,1.0
39b581c2-929c-433e-a856-7aa7c0b57c49,32.0,38245.0,25.0,1.0
1309507b-d28d-436c-b497-7ea5b9503718,46.0,126950.0,28.0,0.0
66c2b5b7-175d-4f58-a171-c26aab6b3f21,50.0,73870.0,26.0,1.0
73d1e0b5-6581-412a-a00e-517b5a775dc7,47.0,125634.0,24.0,0.0
19e18127-8bd1-4c75-9365-2bb14754fe54,56.0,94829.0,15.0,0.0
85d8663f-af55-491d-88fd-d6c17e027650,44.0,144530.0,35.0,1.0
22868543-1874-444a-b1bc-b6d8bb3a4c46,53.0,40588.0,33.0,0.0
64d91b89-f046-4e79-9da7-ff9061293083,46.0,30442.0,15.0,0.0
65bfb3c6-71ef-40ba-8cdf-43bb5d395248,55.0,135280.0,32.0,0.0
3c6162e3-5671-47fa-99fc-bf38ee6312d9,50.0,132979.0,2.0,0.0
581206c4-fb61-4218-ac47-d39ae6f147bc,54.0,107339.0,22.0,0.0
617597a7-c6a2-4629-82f9-8cc9393de157,44.0,70721.0,10.0,0.0
86041f7c-4369-4d63-ba22-f43a367ef9d9,50.0,67145.0,17.0,1.0
69ec20ee-024b-4116-8f7f-bf1e164d7727,21.0,40599.0,28.0,0.0
ac58d35f-1b93-49dc-8707-d3489e892bdf,39.0,102594.0,4.0,1.0
7c8a8b55-12af-4b55-87a1-b0bdc1f1ce62,19.0,112742.0,23.0,0.0
e45d0d5e-4563-4404-9d0d-a083da20bad2,27.0,107430.0,28.0,1.0
038a0a80-1415-4637-8b0b-a389d94ced89,22.0,32939.0,28.0,1.0
e52f68a4-e1ec-423a-b0f3-e7c22071c4d5,27.0,52149.0,25.0,1.0
9af93f25-5255-4847-96a3-998304dbfdf8,50.0,96567.0,39.0,0.0
b2663c4c-d54e-49a9-b4a5-96b8e7064466,55.0,40208.0,2.0,0.0
80f79ca2-4d8a-4c0e-ae00-9411fac03f1c,30.0,96098.0,1.0,0.0
fd8fcc49-1594-4fde-b1e0-3b9d84aa042f,48.0,139034.0,24.0,0.0
b5770205-9d31-4ee8-9f3c-d9f7b1103adc,53.0,79492.0,18.0,0.0
cdb2bfab-985c-40fd-9154-7a276f7034ea,41.0,50951.0,39.0,0.0
8d9b710d-b5f4-42d8-91e3-46fcdc5bfc5a,32.0,78920.0,1.0,1.0
45af2bb0-59d5-431f-bab5-d42897c05d3a,46.0,76766.0,18.0,0.0
46fbd904-4e13-47a4-8a15-3c9ddb93a28f,25.0,87014.0,0.0,0.0
66a08631-d41d-4559-a589-dd7a0a979beb,22.0,58351.0,26.0,0.0
9569aa38-be8f-4fd6-ba38-44a738661b78,46.0,114216.0,34.0,1.0
62b28352-660c-4016-b048-491464550a76,21.0,79386.0,4.0,1.0
b6c6f14f-041a-402d-bcba-436d1d76205f,29.0,117122.0,37.0,1.0
9c498472-a724-4119-ab9d-9d9db5d3b43d,19.0,39308.0,3.0,1.0
d161dbcd-8fc4-44fa-b413-2b0fc582a459,44.0,89252.0,16.0,0.0
45b7301f-61cd-494a-83d1-c34bb2813b28,48.0,105145.0,20.0,0.0
dce8f94c-c33e-4cf0-9841-b6d6067c52c3,53.0,125031.0,30.0,1.0
3e828498-24e4-4185-8d76-51ea88f0c768,53.0,113211.0,21.0,1.0
c50c9a98-c932-45f7-a960-dbf19eee0541,43.0,58064.0,10.0,0.0
c404d9ae-ea5b-45c4-8507-db7488b62981,44.0,83879.0,33.0,1.0
08b8e592-2ca6-4be6-b1f3-d68da3006bde,22.0,38720.0,14.0,1.0
8963c49e-41b0-47a4-86f2-6594b3a07712,37.0,72940.0,9.0,1.0
af7df7dd-bb14-4531-a1e5-8294e2125e4b,28.0,109993.0,37.0,1.0
36f5c0fc-ceb5-4458-8182-0e9952aaf68f,27.0,98475.0,31.0,0.0
52160d96-2753-42a9-a356-a7b09729c7d3,57.0,77113.0,30.0,1.0
069038d7-6288-48bf-85ec-b8f2d42b3ca2,55.0,78926.0,36.0,0.0
e216071a-81ce-47c9-9d49-a77486c1fa69,23.0,68203.0,27.0,1.0
f47fb3c3-3d96-4c32-8478-cbdddc3eb2f6,25.0,118901.0,30.0,1.0
6787f3a5-104d-4fa7-95c9-9bdeb941dd59,40.0,35392.0,5.0,0.0
2a1ccb26-d773-4e4e-afb4-a1535bbb4fb7,43.0,55905.0,13.0,0.0
882da8e8-c712-45b0-b27f-c42cebac4569,29.0,103508.0,22.0,1.0
c7d8ede5-f7cb-4f3a-bced-037ead6738da,43.0,80385.0,15.0,1.0
ea14a367-1034-4dcf-93e0-893bf8acce30,30.0,60653.0,24.0,1.0
b4d007ad-7ef7-4b02-a2c9-c632d366331d,57.0,121865.0,38.0,0.0
bcd22e85-bbb8-4782-85bd-25879b93bf6f,35.0,114720.0,1.0,1.0
2cc207e3-1449-426d-8f6e-3e792210dc4b,42.0,44799.0,37.0,1.0
793c154b-2d8e-4b46-a20a-8b80574e4206,50.0,90103.0,38.0,0.0
9c639122-f550-409e-8c3e-4065eb28d3b1,57.0,147463.0,33.0,1.0
eac067f7-f236-4a51-84df-36a9c1041051,29.0,45052.0,39.0,1.0
be55dab0-476b-42fb-b3ee-c03df5142dd4,53.0,36044.0,24.0,1.0
76728d39-c3bb-4e82-bd30-c951c1bb0c91,21.0,49871.0,35.0,0.0
89c210fb-9d54-4ecf-98b8-f9c7e30d6c91,22.0,119303.0,15.0,1.0
90d4253d-616c-4bc4-82e2-494346cd8f08,54.0,142719.0,17.0,1.0
cfe89e8d-2ac0-42dc-9391-93fa01e33c16,25.0,50234.0,12.0,1.0
66cc03fb-de3b-4e26-8e1a-661f072767cf,59.0,51381.0,36.0,1.0
4ac76094-6378-46ca-9ac0-fdc3d1514744,45.0,47274.0,26.0,0.0
b04f5ede-7f4a-42c1-bf7e-f076437a5701,48.0,142162.0,33.0,1.0
b0a57179-e84d-420a-8256-3aae9798a167,26.0,117840.0,10.0,1.0
b3c8a431-9b04-431a-b505-b69e148a9b62,46.0,113108.0,0.0,1.0
4a82a4de-a8b9-4bdb-8308-52cc1d6e6811,31.0,133948.0,12.0,1.0
53ff3a6b-3232-4b4e-ac99-81f04a54f3d3,57.0,79892.0,29.0,0.0
0136c7c7-12f0-47dc-b9fc-57eb44523d37,58.0,80521.0,4.0,1.0
678b1713-1a85-4d56-a7d8-4c55b425b797,39.0,121501.0,17.0,1.0
b4322995-0de8-411f-877a-1fbb8e75ee2d,28.0,113920.0,13.0,0.0
e400eb61-baa2-4e96-b053-d114e877bc81,40.0,113391.0,12.0,1.0
a9160497-8387-442b-aa9d-07385c9d1753,18.0,47920.0,31.0,0.0
5c99223d-b99d-49a0-827b-6d7f9e7520ef,54.0,46702.0,6.0,1.0
5ff5ea90-d018-440f-9b66-b5b94e6e075d,38.0,133457.0,7.0,0.0
3acf57b4-db8d-4085-a734-baa8759b1099,43.0,31894.0,6.0,0.0
d475f339-bf9b-4d63-b55f-31e07fe1fd3b,53.0,60985.0,15.0,1.0
9151bb44-2fa8-4cc5-ab34-7016a8d96dbe,40.0,58287.0,30.0,0.0
fe2cb878-fdd5-4ac8-940f-da6b8366e54a,18.0,103527.0,26.0,0.0
899f06a5-287a-46ff-a3e9-2562335dfa63,57.0,45439.0,32.0,1.0
2f2d10d2-9302-405c-836c-6649a5524354,32.0,124620.0,28.0,1.0
01805186-c91f-4ab3-a680-7f8f476f47b0,38.0,72235.0,7.0,1.0
2a70dff3-5bc9-4066-a93d-ba256376d722,26.0,57659.0,32.0,1.0
ffc17bb4-71b0-4361-a85b-669ab5781637,26.0,54976.0,18.0,1.0
1db99118-ed9d-4667-b748-0323d47d60c9,27.0,134239.0,20.0,1.0
b18270f4-e113-43ad-a71f-79e480ee27d0,43.0,112643.0,20.0,1.0
47a36524-6190-4f3c-9f1e-62ddd3b09d0f,58.0,97865.0,24.0,1.0
3a18d2ad-c442-45cc-a794-74d1b5b9ba63,52.0,137631.0,22.0,1.0
961a29c8-4998-46c2-9a8c-fe70f5f1f400,42.0,98306.0,10.0,0.0
61776ee9-e2e1-47aa-98df-6562458fa556,43.0,86697.0,32.0,0.0
6ef9937b-2d24-4506-89bd-d0a36a7cc705,28.0,100382.0,19.0,0.0
2be7d1cf-f571-4eb0-b358-3a0ec279e91a,55.0,46651.0,24.0,0.0
b3057ef5-88ff-4c65-9e7d-93d01ac28da0,19.0,79044.0,25.0,0.0
db5ffaa7-6a98-48f3-9c22-370d8a4f036b,24.0,44633.0,39.0,0.0
543891b7-c7cb-4c2f-8736-c3616032e059,35.0,109164.0,11.0,0.0
bbbd48f3-526f-4316-9aa5-84404809b854,44.0,30569.0,31.0,1.0
26aa7852-9c10-483f-bcf1-86cf4168f823,51.0,89900.0,32.0,0.0
b772e843-d878-4575-b469-0a8ddca9d582,44.0,97509.0,9.0,0.0
6afdfd63-6349-47a7-982b-c645a7a0c1d8,34.0,131126.0,3.0,0.0
7baa2f99-a001-4967-bf99-0ea620c45e22,41.0,149148.0,14.0,0.0
6a505ad1-e3e9-4abe-9176-4c51e54b0ba2,42.0,63038.0,5.0,0.0
9809f1b8-e310-444e-a209-5b71147491b1,24.0,79088.0,26.0,1.0
242353a6-9486-4592-9797-e7c9b18f64b8,23.0,103177.0,4.0,0.0
a02eda60-ea20-45d5-b2f8-039801ca3013,41.0,104466.0,4.0,0.0
0d75fbf6-30ff-4594-bea8-f0f0afdc2b95,50.0,102216.0,17.0,1.0
231b5782-b3bd-43b1-bcf4-7e281fae3082,46.0,96793.0,27.0,0.0
610f0658-ab88-48aa-88a6-7481664ae903,39.0,103786.0,34.0,1.0
70ca2e08-bfaf-4801-bf3f-5cbd8a41f776,43.0,68138.0,21.0,1.0
317eb609-36a7-4b8d-b305-f81af1299bbb,45.0,93310.0,33.0,1.0
ec9e72d5-9000-4f62-9d3c-89f0472d6e45,38.0,58757.0,3.0,0.0
10b37043-70d1-49f8-8145-929c375ffc89,24.0,100394.0,17.0,0.0
e9c60425-76ca-49e6-9283-496cfa21f56d,34.0,136885.0,25.0,1.0
b5e776ae-04ab-4375-bc81-c9050c323495,37.0,109027.0,21.0,0.0
42a8a0d0-67cb-4bff-bc21-457aa178f418,58.0,120830.0,32.0,0.0
996c2887-4faa-47d3-b0b3-bde2c2df1855,37.0,86151.0,13.0,1.0
6421d6f7-34f9-4673-909c-96a0a1d6061a,39.0,140740.0,30.0,1.0
8b0b3dc1-461f-462b-bacb-c0ad556ebe19,45.0,141174.0,9.0,0.0
dd17b69b-022b-446e-aeaf-c7e9b2f3eaf1,57.0,79272.0,23.0,1.0
c4106dd7-9c02-494a-a97b-7aafdb78981b,24.0,36908.0,20.0,1.0
f4c6573c-c4ef-41c8-a414-ca05ae469480,18.0,40844.0,7.0,0.0
e236e211-0400-4887-a4b7-b30443e3a8e2,49.0,81455.0,31.0,0.0
58762c38-b7f4-4d28-8b4e-2b45919b7265,30.0,133165.0,30.0,1.0
69f914ca-796f-43de-a62f-f20a0a1a0bf2,47.0,98447.0,33.0,0.0
6c5ee28d-e3c5-433a-bc5c-b6e0aadcce20,40.0,104527.0,22.0,0.0
c2901b23-da27-4407-b3e9-a12b9718c9c3,36.0,107108.0,24.0,0.0
a2db172d-2f90-49c1-b17e-c4b30573d8f6,49.0,73066.0,6.0,0.0
ffcf463e-4b68-4b61-9c41-c7c844c663c5,47.0,125229.0,18.0,0.0
0fc707ec-3479-41cd-b52f-faab82cec175,46.0,70004.0,6.0,0.0
d163ab3f-fcbf-45c7-a075-244a68226cf0,46.0,68333.0,7.0,1.0
194bf422-98b2-47ac-9536-aedc6eea264b,47.0,113029.0,13.0,1.0
e2923f6d-aead-4818-b080-05d7a91bf7a9,33.0,69697.0,0.0,1.0
c20cdf81-665e-4797-903b-26762e56ec14,57.0,47634.0,12.0,1.0
275f2381-dd4c-4b5f-be76-604c50de1265,36.0,54561.0,2.0,1.0
05e77096-5566-4663-8ac6-8dc3a3bbb6ae,35.0,48033.0,27.0,0.0
ceac82d6-8e12-4444-a665-5ace36c96c33,18.0,102887.0,37.0,0.0
f9de644f-648e-496a-90f0-dd06c34689ba,31.0,85063.0,14.0,1.0
8dfaca83-e123-4b68-9eff-5dac522d984c,19.0,55921.0,35.0,0.0
05475d0e-dee4-4e29-8d91-6bdc67e194ab,45.0,49340.0,2.0,1.0
260a95ea-d866-4941-a649-71e833cd8824,47.0,92781.0,3.0,0.0
cc4db816-7923-4cbc-ba3f-e2de195b0749,55.0,44901.0,4.0,1.0
6772d876-a2db-47b4-ae81-384f9001b763,21.0,40638.0,25.0,0.0
2a6ba5bf-3968-4e19-a1d3-765cf163132d,18.0,68596.0,24.0,1.0
50f67150-cb89-4fdd-996a-7c7444239573,25.0,116914.0,9.0,0.0
9f704523-35e5-4a28-b008-748c832aeb96,46.0,74324.0,7.0,1.0
b9ad3190-70a9-4f1e-beb8-c7f0cc8f7bcc,56.0,118356.0,11.0,0.0
bd2dae5c-4746-4553-b84c-b61ca0f61cc8,20.0,120596.0,2.0,0.0
f242b023-b04d-4222-8ad0-bc175e094c9e,49.0,62642.0,26.0,1.0
1c58e9e0-fdbd-436a-94f9-3c6842a7d9ca,27.0,55378.0,22.0,1.0
ec34282b-8d7a-41db-8349-bb35eb36c73b,27.0,80867.0,39.0,1.0
d0281f93-656a-440b-aea7-e137eca4b1ad,36.0,103686.0,32.0,1.0
e8644cbc-7efa-48dc-bb4a-68ed6f2e92b1,51.0,72875.0,13.0,1.0
09660297-641e-4951-9fdf-62f7798a4dae,50.0,148171.0,22.0,1.0
cb6c4adf-7a2e-4c95-9d82-2aea84a2ae0a,40.0,119595.0,30.0,1.0
9b2803f2-9450-4204-b578-d6b6a00d49a0,45.0,130061.0,12.0,1.0
1f8cada3-3858-48e7-b537-2b714f17bcc7,49.0,113729.0,11.0,0.0
b984c76e-893d-4ee9-8f50-8eeaeacded4f,24.0,94377.0,34.0,0.0
9aa9dfee-9eed-467e-9119-b126ac262f7f,46.0,84691.0,17.0,0.0
66666754-176d-4f98-9aa9-556733c8adf2,25.0,139503.0,20.0,0.0
8ef4e635-ac24-46ca-a8a6-53f17d90f8b8,18.0,123337.0,0.0,1.0
e7cc57c7-09ea-40d0-87a9-8d12e42e19ff,20.0,94303.0,37.0,0.0
25d3723b-efd6-4e19-a743-b1994ebb2595,41.0,90839.0,8.0,0.0
02d81989-abb1-4c38-91ba-38ba2ada946c,40.0,79063.0,22.0,1.0
c5e17a47-5bce-470c-ae86-d0a05a8cf616,25.0,121782.0,13.0,0.0
902c140a-861d-4eff-a4ef-f93592f0b189,54.0,108343.0,10.0,1.0
9b261259-ae0a-4fd1-a9bc-93e38d2ed780,20.0,113071.0,6.0,0.0
eb36f19f-5742-449f-bbe6-2aacf6f1a452,50.0,35492.0,30.0,0.0
61bf1e31-ddbc-471f-ab37-d99bca6d6e8c,45.0,61357.0,23.0,1.0
2f4b8ee6-959b-4550-ae2b-d09f7a55340f,25.0,101838.0,25.0,1.0
2492864d-5c07-4823-a266-3a6abe5a1297,51.0,62314.0,29.0,0.0
7db95f60-a5ae-441f-ba5e-fe3903fa29d3,52.0,78697.0,33.0,0.0
94a4e04f-6448-4a83-81ab-44202a1db238,49.0,100283.0,37.0,0.0
242d3b42-de55-4b0d-b34d-b7f869b48196,41.0,89567.0,4.0,1.0
ff9ea523-0a03-4042-8524-b12b8c2f8542,31.0,77006.0,4.0,1.0
024d337f-4c04-4d9d-9253-8128704e53ed,49.0,90011.0,18.0,1.0
c0930671-b49b-449b-b972-6885a35c6a70,33.0,136706.0,37.0,1.0
9cfc98fb-9147-4e21-9928-4755bddaad34,21.0,40686.0,27.0,1.0
a73d00c1-8222-4ab2-a134-9ffa8ae8c21e,54.0,67449.0,25.0,1.0
4a02dc5d-4ed5-48ff-8c9c-e0e0f4b0aeac,38.0,91606.0,22.0,0.0
049558c3-84c8-407d-b07f-f3979c7d8a7e,31.0,48891.0,29.0,1.0
cae1075a-0c38-4763-a00b-04c0604d96b8,48.0,82115.0,2.0,1.0
666cbc35-0473-4f72-a358-74cc075e1f84,35.0,131732.0,27.0,0.0
5de84bae-00b2-44b5-891e-e30c08130e03,24.0,90719.0,32.0,0.0
14bf66b7-178a-4878-b519-3aa6a4f1fb2e,27.0,125464.0,2.0,1.0
db617b2c-3054-42cb-9ed8-79eb70d04c2c,24.0,103030.0,4.0,1.0
8bb57c12-607c-4d48-9972-69c4eddade10,50.0,66723.0,18.0,1.0
99e5a1eb-94bb-4288-a1cb-54fec584c5c2,40.0,59877.0,0.0,1.0
4678e89d-28b5-4ce8-98b6-f8c7d85cd43f,38.0,148393.0,37.0,0.0
165fa3c3-5519-49b2-bee4-bce38a540441,36.0,123517.0,8.0,0.0
502e5a61-d151-4063-b977-d235e2da2173,36.0,44026.0,4.0,0.0
282957b7-7814-4c01-bdcd-e6e429498ae1,53.0,50422.0,33.0,1.0
4ad3ed03-b934-4012-8a5b-6829a93a109c,46.0,39244.0,36.0,0.0
325c7bca-0809-40b3-b47d-2e697f1bec2e,35.0,63481.0,32.0,1.0
e441af60-c36b-42a1-acb9-644f6ed76c4c,19.0,119180.0,24.0,0.0
511935c3-425b-4753-9d86-6b40580aecbe,18.0,139384.0,28.0,1.0
42febe84-0c55-45e5-ba44-df065f93faec,22.0,88031.0,24.0,1.0
5878e68b-5448-4beb-906d-271f3c200b5b,37.0,38521.0,8.0,0.0
ec293022-c386-4023-b778-f2649d49785b,28.0,31746.0,2.0,0.0
b4eb29c8-02ab-47d2-a11e-0e13a3f69980,59.0,113127.0,14.0,1.0
526476c5-fe3a-4a7c-b6bb-3d836f49a160,19.0,122254.0,3.0,0.0
93a394a3-15e2-462c-b40d-5e9419f2779b,20.0,145472.0,37.0,1.0
d91a06b2-1203-45fb-a924-dd22a7c61d1d,40.0,98232.0,19.0,1.0
7b1316e7-90c9-4b30-b40f-1372ac57abe0,29.0,42012.0,22.0,0.0
6813a553-18a9-4c82-af19-65f2e1388255,37.0,110224.0,36.0,0.0
b0f6dc50-f8f0-44f0-9163-0e8e7fd26b90,22.0,53457.0,7.0,1.0
551e1a4e-be0a-42a0-97df-0008f6d47169,54.0,100572.0,36.0,1.0
bdd0c455-45c3-4355-b23b-1355ea53b886,55.0,135431.0,32.0,1.0
e56d1830-5652-41cb-bf17-773a991385c4,47.0,59960.0,32.0,1.0
cb2fe67c-62a6-422c-83a7-74db36ae8d90,26.0,132022.0,6.0,1.0
e2023496-06c5-4bfd-b2ac-824502064eb5,51.0,117695.0,21.0,1.0
8c3abb87-ff63-4b5a-abf9-3dee0af13fa3,52.0,37910.0,4.0,0.0
fe721627-536d-4f79-9a36-f12092127ac4,39.0,32693.0,14.0,0.0
113722bf-6b7f-47da-b5b9-93258958d338,41.0,145313.0,20.0,0.0
2d2a608f-66ca-40c0-a53e-c3d1e411536c,34.0,45858.0,24.0,1.0
19253275-322f-4bc7-b7a2-5ee5809b9f02,27.0,58810.0,16.0,1.0
0c84312f-9510-438b-a0f0-32e3b297489d,47.0,50092.0,6.0,0.0
b85c0ad3-0f37-4b82-bb07-d2b842d378b4,40.0,118779.0,18.0,0.0
2d5f706c-d5a0-4ee4-aaf8-e9c60ceff62a,49.0,78700.0,6.0,0.0
d16d0f55-4fa9-4c7e-827a-d54ac6520929,34.0,88105.0,39.0,1.0
b3815417-b7c7-49ad-ae76-a71b0793d78d,34.0,60505.0,23.0,1.0
9cae9d9a-bf19-4ca1-b9a9-c4e1c1fba5e5,31.0,103228.0,10.0,1.0
1c85d6cb-bdce-4a42-a177-86c90a67043c,26.0,58555.0,0.0,0.0
dc636cdc-b49b-4849-a203-ffb13fc629d1,57.0,101934.0,31.0,0.0
d61f4c87-5dba-4d53-b299-cb035b38c7e9,19.0,102788.0,39.0,0.0
d66fed0e-445e-4be3-b20c-517f75bf9c51,42.0,107257.0,1.0,1.0
57a06a6c-3827-4dd1-b82e-000513471586,56.0,47939.0,14.0,0.0
0596a98d-28f4-46f0-9e30-457d1b0a9995,26.0,41825.0,20.0,0.0
7866975f-4c91-4c8b-adfb-a0b0eb24ed57,39.0,120787.0,23.0,1.0
c889fd6d-c543-431b-ac29-4e765b3df81d,21.0,132491.0,16.0,1.0
4504bb4c-0672-4bba-b88e-e0b3c18b2c2c,43.0,54151.0,8.0,0.0
64063732-d03c-45f4-95fa-deb96d19eb04,46.0,30036.0,34.0,1.0
70d10d61-ff06-4e65-a040-254b98e12b66,51.0,123948.0,19.0,0.0
ca4238ce-018d-4e88-9946-4b2765d6676e,40.0,113707.0,18.0,1.0
8f2c7645-367c-4e76-adbf-3753afb57351,54.0,69051.0,17.0,1.0
57a7437a-82b6-40f3-86b9-64a948b5c78e,28.0,128297.0,19.0,1.0
dd1e6ffc-efd2-4f73-806f-81e1435b3584,23.0,110738.0,29.0,1.0
f566f6a8-bdc8-44df-8599-38625926cd57,35.0,103596.0,39.0,1.0
9f1e1324-ab8f-433a-b34b-17499e7b0b7c,38.0,90071.0,0.0,1.0
3d411b42-69b5-4d8c-8957-4816df310c8e,59.0,103601.0,23.0,0.0
e6e1f460-c702-4e6c-97c5-f4f22c9e4080,53.0,59873.0,23.0,0.0
71f8863d-d31a-4707-96a1-f42a7d20f4d4,58.0,66648.0,18.0,0.0
8d4b842d-9ba1-4804-8b37-bd036ecc7a82,55.0,101468.0,29.0,1.0
5a4b5f66-8b9f-4ad2-a054-2afeeabcee13,51.0,56470.0,25.0,1.0
9f701c28-4b6e-4557-83b5-d1c912f3e2db,34.0,95129.0,37.0,0.0
60d3cc6c-d564-4ee2-8969-4b33fc8f8aae,54.0,38328.0,28.0,0.0
863d1db3-531e-4cc3-a97f-f077faccae2c,42.0,36333.0,12.0,0.0
1dab2c02-a3ca-4278-acb5-ff12cda6bea9,55.0,76638.0,3.0,1.0
543cf900-36ab-42a3-bb16-efb38c922f24,29.0,41268.0,16.0,0.0
9019d565-8b27-4b4d-8172-aff674451f76,40.0,100603.0,32.0,0.0
ac6d8d2a-d2f8-42f1-a84c-f638057b1569,59.0,143920.0,4.0,0.0
2f52edaa-4220-49ca-817a-a857279414d9,39.0,140379.0,27.0,0.0
b4719249-0d74-4b93-8204-a509ae7e5fb8,38.0,47045.0,23.0,1.0
9213c0a4-dffe-4594-ba8b-b5e7923d734a,44.0,70741.0,16.0,0.0
f844365a-6027-4d10-869d-88af56f60959,48.0,118306.0,38.0,0.0
056a84f1-5333-48f2-b594-09b14b734d84,23.0,72770.0,39.0,1.0
6f3c1df6-103a-4543-9f74-bfaf2763d36e,44.0,37887.0,10.0,1.0
547fa4ab-da20-4cc3-afb2-f8504b03145c,57.0,128718.0,11.0,1.0
28152ea1-43c1-4c51-8c7d-8a6b8e026b85,51.0,127906.0,12.0,1.0
38338c46-be12-436b-9f04-1fbcf16d51b3,29.0,135154.0,7.0,1.0
7e54ea7e-4557-49ee-89d4-d2db32313a80,24.0,54918.0,0.0,0.0
6d32feac-fbc6-4d02-ba39-6c5040d8cfb3,27.0,65497.0,8.0,0.0
c74ae80e-0276-483b-ab8b-a4536160cb2b,34.0,123562.0,27.0,0.0
cde814c6-f6cd-48f7-90f9-11048b731832,43.0,91009.0,1.0,1.0
42c59ed0-dfb4-484e-b7d8-778a3f432c2f,38.0,41929.0,13.0,0.0
5544bcf3-efa7-4e38-ac39-2a54903a1264,45.0,143292.0,12.0,1.0
369904c8-c5c9-493f-b4be-1f2c84e6a911,19.0,132201.0,1.0,1.0
070c7706-fda7-4f42-9f62-f1bcbb530ded,18.0,91762.0,3.0,0.0
3eb99b4e-7a26-46c5-a924-716149a301d5,53.0,130473.0,11.0,1.0
a4e27dbd-4aee-43d3-a56f-2b61c77b478f,43.0,109099.0,9.0,0.0
8616e91d-1cc7-41f4-93a8-221722beeab3,46.0,146566.0,2.0,1.0
f536842c-83c1-46c9-8fbd-b42b29c47179,38.0,58546.0,3.0,0.0
a1c7a730-de0c-4e06-9177-bd2a6dd20d90,28.0,108424.0,5.0,1.0
3937c9ba-fc60-4121-9900-b5e2b5eb0a36,57.0,67338.0,22.0,1.0
8ec6a216-8ec7-4781-82fa-91945d793f67,28.0,64283.0,4.0,1.0
4160b997-a136-4662-b6ba-d93d9f4293c3,53.0,112494.0,2.0,0.0
8bdea78b-a458-477f-8a95-a07735a1c87f,56.0,108170.0,9.0,1.0
99b9245a-f48a-48aa-85d9-fdd03fe91467,57.0,114787.0,18.0,0.0
4b8aa5e2-17c8-4684-9cbb-f65b9c7cbb1a,52.0,76566.0,13.0,1.0
3c245151-320b-4633-9658-a822e1bf4103,51.0,115464.0,20.0,0.0
26822e87-cbf9-484d-a04d-c33a23c335ee,41.0,132781.0,27.0,1.0
bba36612-e5d8-44df-befa-819dfd743e7c,39.0,111991.0,20.0,0.0
3af98e52-2897-4498-9966-3e59dc946dac,22.0,122680.0,35.0,1.0
7f27cc2a-b499-4e49-9910-a41aa4338615,50.0,58013.0,23.0,1.0
0fec490c-a4cc-428e-9117-49ded2e59e81,53.0,82132.0,37.0,1.0
719d385f-0a3f-448c-afa5-d26467b87381,37.0,117412.0,16.0,0.0
e311e672-6436-4413-9e04-38ddc64daf3c,36.0,122498.0,21.0,1.0
4b7d0092-21a9-4503-9d65-82b9fe2ee3c0,52.0,58084.0,18.0,1.0
b50edc5e-f228-4836-9e69-f61f7572a892,34.0,137855.0,9.0,1.0
6dddaac0-91f3-479e-8fc3-6030ab32473b,51.0,51143.0,10.0,0.0
ffa16500-0766-4f6a-a14d-2f70e3a19896,26.0,121627.0,37.0,1.0
8bfdd056-cb7f-4ecd-bd12-8fa4b72fb4a0,43.0,44179.0,1.0,0.0
7479ce04-db71-4330-8953-4c1b1dc4f6c6,19.0,128343.0,32.0,0.0
4dc6c2f6-55c3-462c-a6c2-43d73ad1f7f2,26.0,88726.0,30.0,1.0
45aaf35c-d911-40ab-9d3b-912220186067,26.0,40222.0,34.0,1.0
56c56d5b-24c8-49d4-bdaa-d7a9331aac64,57.0,89965.0,36.0,0.0
356acc7b-b819-4cea-97fe-fbd55b5ffcb1,34.0,94068.0,35.0,0.0
ae1bdcff-6c79-4c84-b9e3-6291cc719252,18.0,53949.0,22.0,1.0
086265d4-2f83-4c2b-99ee-199f4bd0ce44,42.0,46116.0,35.0,0.0
d5a12ed1-1467-493b-92ba-0515c4d76e79,57.0,81052.0,39.0,0.0
4f08213f-30e9-4ea9-911a-d3b0f46849a8,59.0,81369.0,38.0,1.0
0f3b7e7a-fbed-4e53-988d-5305a0eac3e4,42.0,78817.0,25.0,1.0
f1709b6f-7c3b-41fa-bad6-6563be06e5ae,56.0,133100.0,24.0,0.0
a287fb95-93fd-4240-83a8-80ff5afdad00,52.0,132910.0,16.0,0.0
fbc7f6aa-ff6d-4692-8abf-b182d3009a30,20.0,113203.0,14.0,1.0
076fd964-ee15-4d73-b731-4a138574dcb4,54.0,104311.0,36.0,0.0
20c30896-15be-4a6f-aded-aa6741fbff6f,47.0,59655.0,3.0,0.0
bd6c01a5-2f72-48bc-9292-5be2a43cd74e,55.0,87802.0,21.0,1.0
4d1ce7e2-e846-482c-82ed-f52c34ff5996,51.0,77632.0,16.0,0.0
84ec5371-d3c6-4160-9eac-5a6f7c9c31e3,29.0,44193.0,21.0,0.0
8c46ec28-3b8f-4c28-af5f-a995c57b3577,36.0,110212.0,16.0,0.0
c282f999-ac3e-4b58-853b-b2b3ab203f03,54.0,60776.0,13.0,0.0
03560b97-1355-4639-8129-c4c5449a8d38,34.0,73225.0,13.0,1.0
c45066b2-643d-4143-b30c-18e75ba0efc9,27.0,90010.0,16.0,0.0
c7035c4c-cff0-4312-82d7-188d2ee8ab17,29.0,112735.0,7.0,0.0
b9fd47fd-a1a3-40a8-8d92-826d1432a41f,33.0,95451.0,33.0,1.0
a11a9d03-0206-401e-a9a8-f8cb0014fa2a,41.0,78812.0,25.0,0.0
4de715af-5532-4346-980e-0c71e8f236b9,36.0,110602.0,29.0,0.0
6b3b237f-6aee-4520-ae31-2ee3870cdb6b,25.0,48895.0,21.0,1.0
024b4472-92cc-471f-812e-af14d452a232,48.0,95782.0,15.0,0.0
80fca883-ccb6-4592-95c8-da7156001168,38.0,51209.0,29.0,0.0
2a79a699-db72-46b9-8082-3ea24a696fb7,34.0,134820.0,15.0,0.0
1795339b-4a24-49ce-beb6-2d886d8307ad,40.0,112336.0,37.0,0.0
1a972074-4685-4909-aa35-31f8f51ea0c7,54.0,141646.0,23.0,0.0
fb75f488-eea8-44b0-a4e9-11235905d7ef,33.0,91807.0,35.0,0.0
3d05d8f9-eb8e-46f0-9edd-66775dca1d8c,23.0,53086.0,34.0,0.0
30a8da42-ed0a-4018-b7d9-35e75e6528c1,25.0,115637.0,5.0,1.0
94208043-468e-40a9-8cad-0ee67d403388,42.0,112027.0,3.0,1.0
38a25ce7-1c3f-4e52-bc53-edd898c387ac,35.0,57207.0,17.0,1.0
9ad132d2-8814-41f9-b9e0-a69481914404,42.0,137334.0,5.0,0.0
085bc95c-3a63-450f-83a8-1e6bde9227b5,29.0,50897.0,25.0,1.0
1fefefdd-3b2f-4c0d-9b7b-79dc8c3d3c51,32.0,93083.0,36.0,1.0
1d934c52-a089-4e22-a2ef-9fc1372f9e8f,43.0,125028.0,26.0,1.0
c8a70432-c603-49a9-9cc7-1ae1604b7388,58.0,96957.0,10.0,1.0
0a5e0562-20ea-42da-8d26-0806e017dffe,43.0,127551.0,37.0,0.0
86e9c3f9-6c91-4680-89df-19f9b13809af,49.0,108506.0,15.0,0.0
b999a3cb-c285-419b-8080-233a2fba7d96,27.0,37283.0,18.0,0.0
b9be1d3e-5d23-47ce-bf0a-c65abae27fa8,33.0,124024.0,14.0,1.0
4d18dd74-5174-47b4-bcbc-8fcb1bc4ba44,24.0,111481.0,25.0,0.0
bb634259-18bf-4011-b220-9b89e5cc4acf,34.0,30255.0,30.0,1.0
9b81958e-79f4-492d-8a0a-489807a86a79,40.0,106555.0,18.0,0.0
f228e523-993c-4fd1-bca8-c23d38c12c49,43.0,45487.0,23.0,0.0
38552649-02c9-44fb-a5eb-19ca01389a10,38.0,137333.0,8.0,1.0
25bd3d32-73a2-40d3-adf9-b899e113460a,39.0,49346.0,22.0,1.0
23feb478-5c25-4b12-a6c9-fa9f855d0ab4,24.0,65050.0,3.0,0.0
fb0b152c-d32d-4407-9fa7-51907b8ef9c9,31.0,38744.0,9.0,0.0
114f0fd6-1765-4f40-803e-555ef6379699,32.0,54756.0,8.0,0.0
6820d5b6-25e2-4ae3-9908-3eb208daf237,24.0,91596.0,18.0,1.0
f45aba39-8dee-49de-9f27-437e33fad1b0,26.0,113397.0,14.0,1.0
83ab7aa6-2fb7-4e0c-acb3-6b6545c8a7b6,25.0,55146.0,33.0,1.0
817cd849-ea34-43d4-8a6e-c1fab69ca066,40.0,149640.0,18.0,1.0
8f9090eb-f31d-4272-8dc7-57ff3ed9d941,46.0,85032.0,20.0,0.0
1fc096fb-1f7e-44b5-8375-73ae6b7e9c99,35.0,72687.0,33.0,1.0
d9551edf-e64e-433e-b8c4-6cc9ccc7a1cb,48.0,76103.0,16.0,1.0
b8118913-6197-46ce-a314-4b1c02652e29,47.0,51976.0,17.0,1.0
f5db9ad9-a3c6-41d5-a5df-de9d2e751485,56.0,92863.0,16.0,0.0
fb9a7e8c-c37d-48f4-899d-804de75e8ec6,52.0,30591.0,1.0,0.0
5a1cdc7e-8d67-4fc6-a2e7-280d4c73421d,35.0,36277.0,0.0,1.0
46e2eff9-f4ba-4c26-924b-ec3d6a48fc02,59.0,91860.0,9.0,1.0
deeb00bd-ca1c-4df4-bc98-84a9108388ca,56.0,32260.0,36.0,0.0
339ff962-2261-4888-9825-df973267003f,34.0,139443.0,4.0,0.0
39b4ad8a-9e6f-4f28-9356-15a0d03fad2d,31.0,95883.0,11.0,1.0
e7151174-b71b-437c-8f6a-992c134a7c82,48.0,54741.0,35.0,0.0
3c32971e-b650-4571-b4f5-3918b910c4b4,41.0,149720.0,30.0,1.0
78b4e991-6f37-4214-966c-8a611567bfea,52.0,67211.0,37.0,0.0
fa4c4cfa-c7cd-4aea-aa40-1f52566442ac,51.0,139392.0,8.0,1.0
93203ce9-9106-41a8-afdd-10ab7e59224d,20.0,71542.0,25.0,1.0
892b391a-c7da-494b-a3c9-4f94b77d1763,54.0,36869.0,14.0,1.0
49b84fe0-5b4e-420d-99e1-ba1a804b92d6,57.0,123618.0,15.0,1.0
9162ba74-9120-40f6-8d6a-1e0abd11ee8f,43.0,117616.0,12.0,0.0
e4956f41-0417-4748-9171-211388c3b951,40.0,94732.0,24.0,0.0
4f769752-c136-4e0f-8721-12eec03e6b03,56.0,124515.0,29.0,1.0
090a616a-efad-46cf-a160-a28badfd0989,32.0,49422.0,6.0,0.0
068f5ff7-3677-4c53-a146-f2f771aefeab,21.0,65613.0,3.0,1.0
79d5a22d-0ac4-4862-9317-adb4e0e1f5e5,46.0,87016.0,39.0,0.0
ee0d28ca-dec0-4dd6-bffe-36fd66519813,39.0,90110.0,37.0,1.0
3f5e14eb-f2ab-4bde-84c6-1c6be6bd0e92,42.0,118529.0,29.0,0.0
896640c9-bb7d-43b2-9bce-e04fa5b65e65,30.0,107922.0,9.0,0.0
a37e5533-ccf4-4f64-85e7-db1470a46411,35.0,64033.0,29.0,0.0
99cd3755-4f91-42b3-88ad-425e9dd9d8b7,50.0,75213.0,38.0,0.0
8494182f-1545-4e61-a4df-aeb4970762e2,33.0,91993.0,6.0,1.0
a2ca816f-2e2d-4908-954c-9143165a5f51,59.0,42938.0,35.0,1.0
41f00bb0-ebbc-4bdb-82e8-0a7467fccb88,19.0,106695.0,34.0,0.0
37b23c94-9bf4-4dbe-91c1-ca29e8e9ce13,52.0,32274.0,23.0,0.0
78ebc45d-d80f-49ce-8e42-8239acae151f,59.0,114390.0,38.0,0.0
53a6282d-b7fb-48c9-b5cb-b1e1804a0bc1,51.0,61815.0,35.0,0.0
316fe1fd-4915-45da-a862-2fff78c5f940,47.0,106018.0,19.0,1.0
21acab31-3296-4634-b65f-258ffe51227e,30.0,48961.0,31.0,0.0
7bd94bfe-2fc6-4b53-8a5f-9f1519b0e95a,30.0,50044.0,38.0,0.0
f98bb94f-f7df-424e-b19e-b4cec75650ee,35.0,129372.0,25.0,0.0
1e6f9be3-16a7-4d65-9a8d-2a2ab119424a,49.0,51975.0,25.0,0.0
e9de0a4a-6448-4b18-9162-568a698030a3,49.0,44706.0,35.0,0.0
450decfd-5d6a-4d62-bf21-4d20e2d57173,52.0,35974.0,34.0,0.0
344cb755-1b86-47a9-8bb9-691c224c2682,56.0,106464.0,34.0,0.0
6426fd85-b274-43cf-89f3-0dcd096ac5fb,46.0,51213.0,11.0,0.0
17cea84f-d653-434f-852d-d2a3e6bee6b5,46.0,31950.0,32.0,1.0
920efcea-1bd5-4934-9441-08a309205a95,33.0,115013.0,35.0,0.0
e1002727-361e-4456-8701-8090ad0b3b6c,27.0,40411.0,13.0,0.0
0b81431e-6fc4-4949-bf27-070cb67e5ae6,47.0,117231.0,32.0,0.0
8c7f6621-21c1-4be0-9461-8cc78a8b671d,42.0,76156.0,23.0,0.0
4cd2240b-ddbb-4b39-92ca-7f49a785a8bb,56.0,92744.0,14.0,1.0
d7cdb0a0-3119-4c4d-8907-559ae3f7e553,37.0,47771.0,30.0,0.0
423ec38d-16a0-4453-b1c2-2d72d4923907,22.0,99810.0,16.0,1.0
34b1abd2-a08d-4be4-b20b-1b5875a2dbb7,18.0,65053.0,11.0,1.0
8f21fa21-1256-4234-95bd-82e87c71acc3,47.0,147894.0,21.0,1.0
0756f380-01be-4622-801f-5bd2d3d90697,20.0,82076.0,22.0,1.0
6534542b-603a-41ca-a329-17be3f3f3796,31.0,37045.0,25.0,0.0
8a789666-a09b-4147-bd12-4132779dfe95,47.0,87623.0,13.0,1.0
0b7d7834-8a20-459d-b3e5-e8a2d4501f89,21.0,59714.0,11.0,1.0
6bdde3bf-2e05-4848-a325-0fcdf2f52584,35.0,64386.0,3.0,0.0
c7df1104-de05-4adc-912c-774c537c022d,54.0,139283.0,12.0,1.0
13d99bb8-a441-4e10-8e99-9dd5bfcf6028,42.0,38562.0,17.0,1.0
237323d8-a33d-462d-b745-74ddf632c0bb,18.0,85048.0,27.0,1.0
e4ea9f41-c563-4d21-99e6-16a611ffd28d,32.0,123295.0,37.0,1.0
0c855e23-5a0c-42f2-93ab-caaa21cf776c,26.0,42026.0,18.0,0.0
8c6eadde-b68d-4a83-8038-c7d22a6dd960,32.0,136147.0,37.0,1.0
7d1b7b81-385c-48cd-a140-25b92f0845e0,41.0,61589.0,2.0,0.0
1dfc8542-84cd-421a-8ead-871eadc82e14,21.0,138199.0,18.0,0.0
206f97a4-2647-4d63-b93c-a9baa7dd2685,29.0,127274.0,19.0,0.0
69a40034-f8e6-4eaf-a004-92b7599b5da5,54.0,56844.0,24.0,1.0
67f82260-9413-476e-b5ac-4c0d858ebfcd,54.0,53447.0,10.0,1.0
7d1fcf52-2fed-42f5-9a04-8a851d8ef4d5,23.0,120415.0,16.0,0.0
85d1af6d-d77b-43a0-beb1-c38c8e4d35db,56.0,107502.0,34.0,0.0
42dff9ef-e17f-4a76-9059-9cddd6b05c9e,41.0,113268.0,13.0,0.0
1b1ef6ce-63cb-49f8-945a-7ac502b11be8,28.0,84708.0,38.0,0.0
e86ee9e9-4510-4c6b-aac8-9756c3eee0d5,30.0,93925.0,18.0,0.0
9c0eb7f9-c059-46cf-a610-4f5ecc928979,51.0,100825.0,2.0,0.0
017d77ee-943b-440e-9b49-1be18575edd1,42.0,81574.0,33.0,1.0
199192d2-e06a-400a-9960-03da4cf5a53c,24.0,115548.0,21.0,1.0
3354a947-9358-4c08-9405-6f696124d357,21.0,48812.0,37.0,1.0
d79bfbd8-bcfa-4b9b-bbe0-b35f7da269ea,25.0,131337.0,26.0,0.0
3d36524a-7075-4275-a0be-a82dc27aeb6f,37.0,85309.0,20.0,1.0
a64d9880-1c13-4256-9f0a-74d235d20e38,46.0,94230.0,30.0,0.0
6c52fba8-e794-4be3-bfb8-97ca0233d121,27.0,71628.0,26.0,0.0
951ca7bf-0ba1-4090-963f-547ae1ebe857,51.0,70581.0,36.0,1.0
3e189e3c-1f7a-4370-bf68-45d6a0dfdd9b,43.0,146102.0,1.0,0.0
916e3dc8-df85-4ff2-a052-8d59e9f8c0fb,58.0,76628.0,8.0,1.0
2f2ebcdd-2c57-41df-8455-af6dda94206b,20.0,118628.0,18.0,1.0
bbd55d97-1dcd-4eaf-a569-ecfb40a7f349,23.0,55105.0,35.0,1.0
c1b1cc36-06ac-47b2-ac98-73aa4f6836ae,22.0,109830.0,9.0,0.0
68723555-bc1c-4aa0-a618-b9bcf7625718,22.0,99157.0,39.0,0.0
19390634-8c7f-492d-bc45-689a12928346,40.0,62442.0,38.0,0.0
1669a4aa-6527-4dd7-960b-c6768976a8ff,26.0,117235.0,6.0,1.0
12a6e152-5f29-4513-9558-bca0f04a5be9,52.0,145442.0,3.0,0.0
c1e4ce52-c901-48e3-875e-18d81cb54555,37.0,32347.0,14.0,1.0
c6a64c73-5540-4d1f-b471-e83a097873e6,59.0,125022.0,11.0,0.0
3792e9b3-5fa6-436f-a955-1024680abc66,52.0,77650.0,5.0,1.0
19edd47d-50c9-4a3a-a9f1-badb635a7572,35.0,47110.0,8.0,1.0
5b880264-85df-4a58-b090-bc3f9365ac0d,34.0,92170.0,34.0,0.0
4de1ed40-c309-4a11-ba1c-8c456e6ca953,41.0,34923.0,7.0,0.0
939c1092-e6bc-4d0b-a90f-307a1b3c65f0,20.0,81801.0,6.0,1.0
6dd89ef5-e969-4db8-97ba-0a0eb4c2dcbb,49.0,92771.0,3.0,1.0
9cb8278c-6a24-4ef4-b9b2-52618cfa9a97,52.0,111147.0,12.0,0.0
855027be-c004-456f-a75f-f4a56ec6cb32,55.0,78135.0,18.0,1.0
bc1ce575-02fa-4efe-b069-95388ac7a5ef,30.0,49199.0,6.0,0.0
eb24da5d-67f7-48d8-9b76-981696f755e3,42.0,39066.0,9.0,0.0
78511223-4fd8-4f57-89d7-747d0e0bac1d,26.0,131583.0,24.0,1.0
6097c3df-1fa1-4689-b741-d2a9f188f7d8,21.0,82136.0,34.0,0.0
be6e4fbf-c36f-4e1f-a91f-819420177d3f,31.0,122290.0,24.0,1.0
c9d0cc2b-c7c6-4ce1-89a8-4e08a04d1801,54.0,66575.0,28.0,0.0
5cb5ccf7-1584-403f-b61e-ed654c374b13,51.0,119796.0,11.0,1.0
e9d91e6b-f87a-49b8-a688-36defa5fbe7e,28.0,76733.0,39.0,0.0
e5d0fd26-239f-4e88-b9bb-9014059dc221,58.0,144427.0,11.0,0.0
e139b0ad-a2ae-422f-b86c-08afac32c130,20.0,46991.0,5.0,1.0
e1b83ba2-80f3-4222-8044-90e344af4bb6,45.0,52553.0,9.0,0.0
db18ee56-8ddd-4167-b9fc-9b01210f502e,46.0,119710.0,1.0,1.0
5c3cb8ae-3578-46a2-b7a4-772b1478cf68,26.0,117493.0,24.0,1.0
519ed5c0-7318-4bd7-842c-b9ef54777c98,20.0,30634.0,6.0,1.0
0c974688-b3f7-4cd5-a011-72669d925b44,42.0,125417.0,39.0,1.0
7a92b59e-b13a-4057-91f2-72099bf719fb,51.0,42771.0,22.0,1.0
cbcb4180-e2e9-4aaa-9723-101e48f229e3,29.0,145762.0,10.0,0.0
a6da8579-ef44-4748-9b13-5afc5d954546,59.0,48298.0,35.0,0.0
53fce0c3-0ecc-41c0-b2e7-7ebe0fca9d52,26.0,109876.0,22.0,0.0
2dc4e90d-4cc3-4233-a9e2-5a7a154c386b,32.0,128892.0,6.0,0.0
e803fae9-77a4-4685-a3a9-e15256295a8c,57.0,65999.0,26.0,0.0
b34113ec-d82b-48b3-b858-205b4bd963a7,42.0,101887.0,12.0,0.0
87b8feab-cf08-4af1-863d-822b4aafe2d7,22.0,89648.0,16.0,0.0
734ee7fc-7a76-4a84-9837-2b6582b017f8,28.0,92668.0,31.0,1.0
faa08002-cb4c-4fa4-8653-d5c2de1cbc76,51.0,99374.0,25.0,1.0
7607214a-3ef7-450f-b5c0-46f711099270,41.0,97509.0,21.0,1.0
a04ab10a-c17e-4980-90de-064c1b0c9b4f,32.0,142650.0,12.0,0.0
76a2db03-2efa-4e42-b44e-98425188da01,55.0,133348.0,11.0,1.0
ebd15ae2-b946-42b4-bfd7-4c9ee2b74c58,25.0,105783.0,6.0,0.0
ac9c0ed8-e854-4b92-82ab-0929db6d16e8,22.0,74440.0,0.0,0.0
6aa818f5-d0b0-4a83-a6a7-0a6c063f2c62,43.0,61655.0,32.0,0.0
0f4eefe6-4481-45bd-a109-1cec456a1707,35.0,73039.0,13.0,1.0
b9aa857b-d3e4-4a46-aae7-402e9849268f,23.0,85255.0,16.0,1.0
1e9e0784-955a-4052-9002-3feb4cc9432b,54.0,102219.0,3.0,1.0
cf50ae08-3f79-4137-af92-bce269bf906a,30.0,84989.0,38.0,0.0
ae6cebfe-c604-42cb-83db-27cef18fd7a6,45.0,41244.0,0.0,0.0
f6d8f137-2309-455f-aae3-2c808d1107e5,22.0,124594.0,23.0,0.0
ec321f34-f72a-49cf-af0a-8176ea58908c,30.0,88595.0,33.0,0.0
3978e0ef-4505-4549-a5b3-483107580a0e,34.0,69551.0,33.0,1.0
c3c0e843-159f-4668-bd3f-0a5e9a5364e2,57.0,93230.0,23.0,1.0
64b8b1bd-45de-46d3-944b-a1c2916bef2c,49.0,133898.0,14.0,1.0
b0063b68-53cd-4b79-b786-084a7039d46a,46.0,58371.0,16.0,1.0
df005f8e-4720-444a-a96a-3ec080140141,20.0,99358.0,12.0,0.0
e9b20342-23a4-469f-94b2-e53dce186c61,57.0,58878.0,6.0,0.0
a747837b-d091-4e9d-a63f-d76d392070d9,51.0,66157.0,8.0,1.0
867e933c-7076-4bb2-b77c-78a7f934633c,57.0,35914.0,34.0,0.0
0ccd290a-992d-4f6e-878f-4a403734f1bc,44.0,113700.0,22.0,0.0
5725a976-3954-41f2-9dc7-af7fb38de9f8,30.0,57180.0,38.0,1.0
ff2ad07c-e16e-47ed-9661-b6c67ef97c03,50.0,33688.0,22.0,1.0
1dc32d2c-9381-4e26-9446-043764697d77,23.0,110219.0,25.0,0.0
01ecf531-6650-4b19-a65e-8176cd70cfe1,41.0,108616.0,0.0,1.0
db7e6c58-1042-425c-b6c6-1b1712b07b8e,36.0,126489.0,13.0,1.0
4109f975-7454-46ad-8377-15a5de236e78,33.0,39916.0,31.0,1.0
a8d1d9d9-570f-4f01-a0e7-c76c0f993033,57.0,86363.0,9.0,1.0
2c73aa79-3fe2-4317-89a0-848ecc06fa59,45.0,125213.0,0.0,1.0
f8ab77dc-225f-4764-bd4f-f414da950e0d,50.0,57360.0,4.0,1.0
a7016ef7-7cdc-4bce-bc4c-dedf82c7e5b1,58.0,67805.0,2.0,1.0
6847dc84-15a4-4d7d-91e9-dc6db923f722,30.0,43453.0,26.0,1.0
95eecd18-492e-4990-8009-ca7d97d75a65,42.0,52703.0,21.0,1.0
f79ad4cc-6f0e-46a8-8702-4cfa9873003d,59.0,89021.0,17.0,0.0
c63fe33e-7e1a-47f2-b1e4-5bc31169bb0c,53.0,104176.0,15.0,1.0
f54fd0e2-8985-4d87-87df-76c8e395a5be,44.0,124799.0,1.0,1.0
924bb07d-1de1-40e0-8fbf-ac6ed096d2dc,55.0,128385.0,12.0,1.0
17048fcd-1cff-4ffa-acda-97e9fc4ac57e,24.0,134582.0,15.0,0.0
aaee6c4b-2747-4f3a-b4a9-64181c7bb9f2,22.0,111614.0,7.0,1.0
45a2bfc9-c3cd-49a1-8291-fc66be428744,48.0,118919.0,7.0,1.0
99202f9c-2dc0-49e5-a68a-1f39c0e7cd46,40.0,111072.0,9.0,0.0
87148511-eeef-4dc2-86c4-8ed112a598df,59.0,146094.0,32.0,0.0
76c95312-0b75-4942-b394-6f8653399d34,27.0,37410.0,30.0,1.0
a055f698-8337-4941-a264-41b746c36368,49.0,111462.0,11.0,0.0
9cc39b95-3d0c-4d66-9b80-f50b33522a03,47.0,78268.0,8.0,0.0
40d661cd-6675-4334-8a02-73c207e3a2d8,56.0,64248.0,36.0,0.0
d4b81e27-fabe-4e79-850a-640b55294e1b,48.0,61159.0,8.0,0.0
cf29496f-957f-4ee3-8539-5ff007819e0d,35.0,72039.0,17.0,0.0
1b2dff40-fb53-4a83-838d-b25289c21268,53.0,131902.0,29.0,1.0
a7e78284-7173-495e-9a98-718222d44139,19.0,77800.0,31.0,0.0
58925082-2d66-49cf-903b-1b9c7eff3246,31.0,70761.0,39.0,1.0
86c623a1-79ee-4c39-b59c-0c315ae284b6,30.0,124626.0,22.0,1.0
87e4a819-b7f5-43c9-94eb-5c58ae92831e,46.0,116103.0,10.0,1.0
1bf1c307-cc2f-4a45-9a4e-ab9408b041bf,29.0,148368.0,19.0,0.0
bd8bc0be-d5d5-4c5b-b799-fa1370bd1004,56.0,73663.0,18.0,1.0
2d220c5a-b3a6-40ac-a69d-fdff1c2331fe,19.0,110903.0,35.0,0.0
6c95dea7-cb48-4d67-80f3-5f3502a74066,49.0,70412.0,25.0,1.0
9e481b21-e0e5-465f-b244-657b290a291f,30.0,148998.0,9.0,1.0
877ed651-826f-498d-841f-e82a379dc46e,44.0,140252.0,23.0,1.0
5ea13b7c-4572-461d-be93-36714eb3f817,58.0,146446.0,12.0,0.0
42f31adc-5392-448c-a786-3085179481b7,34.0,65367.0,33.0,1.0
3fd238cf-a65a-4a81-9729-91b897948591,57.0,35813.0,28.0,0.0
e78e5f94-85df-468f-a2c3-1604e92f996e,48.0,89894.0,35.0,0.0
780c5840-ff4c-4063-b577-d125e80f2df6,51.0,132157.0,6.0,0.0
97b64d2c-dc85-45fa-8a04-1d529caa0964,41.0,81444.0,29.0,1.0
9acae279-393f-446f-874f-fa37664a6465,52.0,64269.0,16.0,1.0
bc98799a-f42b-4927-9da2-4258f02a1d8e,23.0,91748.0,12.0,1.0
13c25156-1f31-44ba-a616-59a25da5b3af,36.0,71190.0,23.0,1.0
2c1a3bf0-a8d4-4125-9ced-058b97faeee2,47.0,70318.0,30.0,0.0
4f0d92be-747e-4ba9-9dfd-d6e2a71ea2fe,24.0,67018.0,26.0,1.0
8190c06a-69a8-4542-8ff0-b1fc12835dae,27.0,69759.0,20.0,0.0
20d7bca5-f367-401f-a8a2-f6ba826d318b,58.0,46498.0,0.0,0.0
47692982-2ba9-428c-8bf8-b05616e9e322,49.0,55989.0,14.0,1.0
b3740adc-3a6c-4c83-92bc-4a2625715b73,51.0,132710.0,2.0,1.0
858e2ed0-6f89-4776-bc21-a84d7ca88155,45.0,55568.0,5.0,0.0
6d1e80d5-45d2-4b0e-b749-1c1aa2390c7b,32.0,147035.0,13.0,0.0
13a21712-bddd-43ca-ba9d-122e9046192f,47.0,96577.0,37.0,1.0
98b2c4a6-53e0-4fb2-a696-a82e7f1bded7,54.0,135231.0,32.0,1.0
d3132d58-9cc7-4ce7-b8a9-88830197e66a,46.0,144699.0,37.0,1.0
d02f01df-7bf3-4803-b591-9278e63e6af6,39.0,60099.0,7.0,0.0
02f78ae6-a859-4ccc-983b-913872d9e1e7,21.0,119900.0,25.0,0.0
96b47aa3-3553-4b0d-84ed-07972c58944c,37.0,70639.0,14.0,1.0
9365b501-fd14-4177-9634-89d417846d19,49.0,134679.0,13.0,0.0
8c4d9741-280c-44c3-ae62-b518a408755a,53.0,53482.0,19.0,0.0
221b81a3-f049-4250-879d-1fbb5899f72a,21.0,99212.0,18.0,0.0
420d22d1-f813-4c17-8f4e-db275b3b4767,44.0,85261.0,32.0,0.0
bb523a44-5249-4da5-a351-cd4ba3e62163,34.0,141321.0,35.0,1.0
b140f7ea-d893-44c4-b199-b14ec60031dc,29.0,117317.0,23.0,0.0
eff34711-31ee-4a7d-ba50-1db5b1e309e8,39.0,60048.0,9.0,1.0
61444b1d-5850-49cd-a3b8-5dfb9f6f4ed2,34.0,33065.0,33.0,1.0
6150041f-a9ff-48a5-9150-364240d7ef72,27.0,32036.0,35.0,0.0
f845c0eb-283c-4251-8c86-c58ad2de47b4,18.0,65814.0,35.0,1.0
d84891fe-6561-424c-b98b-659e8821a2c7,39.0,89694.0,15.0,1.0
876270d6-1132-42bd-a6b2-20b4c2189d73,43.0,46924.0,14.0,1.0
83815895-6155-47ec-8256-691fe01fe7df,35.0,90204.0,17.0,0.0
121e18eb-e98b-417d-84b0-04139ea23b06,31.0,62844.0,6.0,1.0
c22074ab-dde7-43e8-8564-231b136a1495,46.0,147755.0,21.0,0.0
df4e26c0-22fd-4500-9a0e-be724a80840e,29.0,144184.0,31.0,1.0
b9a10ee0-df0b-4af6-86ed-13f8653fb4c8,53.0,111943.0,18.0,1.0
414e0dbe-da0a-44a1-97a3-35568d561920,52.0,51518.0,39.0,1.0
34e698b1-9e19-47ce-b5c9-e98e9e394147,29.0,47059.0,0.0,1.0
227b4830-e509-4428-9c52-bce8c48d7276,24.0,53052.0,34.0,0.0
838d8373-3094-4ed7-a138-7f9f2b666783,46.0,99803.0,4.0,1.0
833790be-8c83-42d6-8d26-3c87f46aaf1f,28.0,101524.0,11.0,1.0
09699665-9589-4ae7-955a-0a77e73119dc,50.0,123510.0,11.0,1.0
2c60686d-532e-40f0-a1b1-067f2bf10eb1,23.0,119572.0,20.0,0.0
b004cb11-986b-428d-b187-9c678237aa52,32.0,38680.0,18.0,0.0
17f426e7-b4fd-4448-bae9-6ae399a07114,49.0,97021.0,8.0,1.0
9de3bfb7-a61d-4438-9224-ff02c11dd2c7,28.0,110249.0,35.0,1.0
17f58105-c5c9-47ff-8594-6c9e0d1e3d79,40.0,50043.0,31.0,1.0
7012bea1-5fe6-4a81-a1d2-5b0c36bf0dfe,43.0,32419.0,34.0,1.0
0b198d32-21e9-416f-a5a3-3c968780aa86,51.0,86892.0,30.0,0.0
4ddda51c-7d62-4785-a5e0-8cb00215dc24,51.0,143616.0,31.0,0.0
2d388dc5-09e5-4f51-900d-754b13054800,46.0,131799.0,36.0,0.0
7cbfe069-d306-44ad-b9f7-3d4093537a4c,21.0,47140.0,31.0,1.0
e47e8408-c20d-4c50-86da-2731c8c6a46e,34.0,73484.0,36.0,1.0
845ce067-21b2-4a9c-a05a-bbed696c830e,52.0,93869.0,38.0,1.0
784c303a-8057-4ce3-b406-6d8a300a6fb6,30.0,75210.0,37.0,1.0
c72e47f5-6571-445a-ba57-0ea284ba63d4,58.0,87600.0,29.0,0.0
fd98da32-9ca1-472f-b305-ef11c00514e4,56.0,146467.0,31.0,0.0
ab126709-9d0b-44ca-8d76-8b345b415e9c,32.0,108497.0,1.0,0.0
fadeb7dc-f65f-40eb-9248-937177e9f2f6,46.0,138611.0,10.0,1.0
6f8adabc-973f-4e2b-90e7-5861283309a0,46.0,36487.0,19.0,1.0
522d81ba-4873-45a0-9c95-5cfde255de4f,28.0,90692.0,36.0,1.0
31e8274a-39b4-4a40-8f25-4e6e7e5642f0,49.0,92112.0,8.0,1.0
bb3c1dbb-64ef-489f-bcbd-3097fa3220fa,19.0,61110.0,37.0,1.0
2f4041d4-2a27-40da-adf8-a889e92f536a,31.0,137968.0,18.0,0.0
1183a0d0-96e9-4e69-9e62-d726181038e5,37.0,46360.0,39.0,1.0
320495c5-0e0c-4f9b-8a39-a674fdb59d3b,39.0,79410.0,6.0,1.0
8adf43f7-dcf5-4438-8e5d-38d77299ed07,28.0,132379.0,4.0,0.0
c0e2c422-d1bc-412d-8b70-604961742301,44.0,120418.0,23.0,0.0
87abeebb-b574-4454-b171-cd7fd725b99f,20.0,113038.0,6.0,1.0
b617516d-9532-422c-b03e-e0767c421130,34.0,143589.0,10.0,0.0
bd146bf1-2aa0-4cb3-8501-f1d45ba8ef2d,45.0,103167.0,8.0,1.0
21926540-46d2-49b9-98d3-7707182407e9,46.0,33017.0,29.0,1.0
e7fe48c8-4490-4079-a9c4-853ac8112ef4,38.0,116261.0,2.0,0.0
e659604d-4df8-43e0-8bfd-e5267e47865f,33.0,90124.0,21.0,1.0
237b66c2-791a-4cc8-be98-a05678c19cc4,54.0,146346.0,39.0,1.0
d3071ef8-cce2-4169-b825-a09509531638,37.0,120298.0,19.0,1.0
9b545a5e-4204-4bf1-ad2a-307cb401bf2a,23.0,80949.0,31.0,0.0
e8c7e45d-f61a-4774-834d-30780391c9b8,36.0,88268.0,6.0,0.0
2115cd6f-5586-4dab-9b29-b57fddcb673b,22.0,96320.0,6.0,0.0
a30fcf28-ca26-481a-acbc-1e59f1e9388c,20.0,123556.0,19.0,0.0
389bf175-5ca5-4c41-a5dd-8116f102c2d0,18.0,133995.0,24.0,1.0
5b396239-a8a9-4e19-b68e-d3825cc5d73c,55.0,111301.0,34.0,0.0
dd853863-77a3-455b-89be-c3d574e0a828,32.0,61127.0,23.0,1.0
94d4927e-f6e0-4cbd-9402-ce4455ac0d29,51.0,33196.0,39.0,0.0
2c363902-d6ac-4b12-a769-89eb13be9a7a,52.0,105088.0,12.0,0.0
4034e3dd-04c0-41d0-a7fb-13a91c84aa2a,42.0,71300.0,38.0,1.0
7d750f32-a415-42ce-8d6c-286959a4e2c0,41.0,79714.0,3.0,0.0
baa3913b-396b-4154-9ca6-da63ec92a60f,29.0,61921.0,11.0,0.0
0730925a-88eb-4365-b4b2-2e4bdc373f7f,35.0,34746.0,16.0,1.0
db432ad8-20d9-45ee-8e04-512e4cd6cdec,32.0,98535.0,0.0,0.0
f5b15630-f31f-4992-bf59-1c4199d2a5b8,33.0,95350.0,16.0,1.0
9b46ba59-ca71-4222-bae4-126945c431d8,44.0,80345.0,1.0,0.0
a81e2a15-b6ed-4b1f-9fcc-dee7dcd11c71,25.0,139606.0,5.0,1.0
d021eb7c-a39a-414d-a727-e7be824c5a09,42.0,79220.0,10.0,0.0
639b6dc4-ba6f-41e2-a5b6-2ec4183dee23,34.0,111131.0,17.0,1.0
78325cc6-d05b-45ab-b8e6-e7d4e023986d,46.0,52063.0,39.0,0.0
855aa117-ece0-408d-8376-fe8e04b3c640,25.0,147116.0,24.0,1.0
fcd38228-340c-4860-9251-8ec326a45c27,32.0,101736.0,38.0,0.0
5b2950b1-a423-48e1-8184-b00580cdc579,44.0,133700.0,27.0,0.0
20f2095d-a28c-41c2-8547-2d0ffac328df,24.0,118913.0,15.0,0.0
89ed18af-0c83-4db0-a170-a7fe6a5ae4a3,20.0,108946.0,11.0,1.0
0f1e37d8-38f8-46e3-b6df-30b796f1596b,46.0,75971.0,28.0,1.0
7beed4a7-a506-426b-b622-0cfb6b8f073a,41.0,33598.0,22.0,0.0
ae67f2fa-23ed-4222-bf25-4fe90afdb371,20.0,40564.0,20.0,0.0
894f13f1-324b-417d-893c-134ee60e4e57,37.0,141052.0,15.0,0.0
226025e3-725e-4a74-88a0-af37c9b2d572,32.0,126434.0,25.0,0.0
c18a03c0-f4e7-42a0-a7e3-d73ea17345b7,42.0,79725.0,36.0,0.0
b39be95c-17de-4b73-adf8-8a482389410e,47.0,116134.0,21.0,0.0
7e1a52dd-fc49-4fa6-91f0-01118bc5d52a,31.0,135940.0,9.0,0.0
de19450a-e6b6-4e46-aa0c-082853e4faba,24.0,89940.0,6.0,0.0
e0e4e290-09d0-4a3d-9036-a5541a4a6881,34.0,92085.0,8.0,0.0
708ff4b0-d190-4334-9487-ea0c67be4154,37.0,47862.0,24.0,0.0
646dc54d-b64b-48b0-bd7e-d5c8bd63ca43,53.0,40265.0,14.0,1.0
149f175f-979c-4f03-a886-c7ba2ef07e6e,26.0,39705.0,12.0,1.0
16235a50-a771-4f75-8ddf-abd3999932b6,55.0,85279.0,25.0,0.0
c64aed3e-cff7-4053-b06c-bdcc5e51fd40,39.0,92471.0,20.0,0.0
bdd00dd3-80dd-4bf3-bd5c-5d7fdf7c42d7,19.0,121080.0,22.0,0.0
7b682b3b-b839-421b-807a-ff239112b061,41.0,109834.0,27.0,1.0
d6cefcad-2ba0-4900-9b1c-e0a478696295,25.0,92979.0,37.0,1.0
1d45b487-f0f9-498e-968a-c0af2711d1e1,28.0,85828.0,11.0,0.0
78581596-43e9-4086-b8e6-5343f56bc0cd,30.0,128206.0,23.0,0.0
9cdb51bc-d4f5-406c-9a38-b2e807a9c705,34.0,146884.0,12.0,0.0
02dba29c-f1df-423f-b7a7-8e87ae1f6cde,25.0,138007.0,39.0,1.0
55ee4e0d-ed5b-4397-8c40-dcdae96d8229,38.0,76104.0,1.0,1.0
f21d441c-62cf-414a-93d6-40bf0ff9fe43,35.0,70934.0,38.0,1.0
669e4436-6c21-4962-a8c9-ce35e2dd5166,47.0,144420.0,11.0,1.0
85c607bc-9e38-4196-93ef-ebf746892871,35.0,36050.0,38.0,0.0
e7e84f93-f972-4cb9-96bc-8125240c6582,48.0,73952.0,13.0,0.0
5a21bfaa-183e-41d7-8050-7b334345ee05,55.0,116570.0,29.0,0.0
d33522fc-d486-4800-a2b9-8c79865c42f6,49.0,141016.0,18.0,0.0
b0907eac-625c-4f58-a025-7a24fe157acc,28.0,38484.0,30.0,0.0
44668de3-cc94-43f1-a046-f9ed8cba1294,42.0,92648.0,24.0,1.0
06c7d666-1364-4089-a1d5-18f27ee954df,50.0,89945.0,3.0,0.0
b77e188b-3386-4fc0-9640-e1099530d67f,55.0,83678.0,12.0,0.0
f6f70030-45f4-4053-902f-8134f8858003,58.0,61323.0,35.0,1.0
adfb1336-2fb9-482b-821c-df2623ce87f3,25.0,116332.0,36.0,0.0
44fb1717-3ba3-42d7-9ce6-f49cb64e2c66,28.0,124605.0,2.0,0.0
9276aaf4-0169-4f58-a635-10660462db1a,39.0,117363.0,15.0,0.0
8ebae195-b40f-4472-8614-d45ebca6957d,41.0,65361.0,25.0,1.0
0f9e98e4-5024-4dcd-b059-d0ad511acd15,58.0,40315.0,39.0,0.0
39d345ed-1032-4afb-a40d-6ce684b8ab0f,34.0,77968.0,38.0,1.0
8bd145a9-c517-4af5-957b-bbe358428ed2,29.0,56519.0,18.0,1.0
19c178f4-0bd3-4de4-b9b6-fadc758348d6,49.0,39107.0,14.0,1.0
0fb25f70-41bb-4c77-8bb1-bc49a4334e7f,32.0,85781.0,31.0,1.0
b23357b0-df83-47fe-8e17-4c516947fe5c,33.0,33869.0,20.0,0.0
1e890417-f259-4e0a-ba43-db1b2a90c807,39.0,110983.0,0.0,1.0
4225eaa1-fb3e-4846-810b-2bfe15f72c0d,45.0,57370.0,5.0,0.0
59ed1721-76a1-471d-b8a7-2c0b90afd9ab,37.0,92695.0,26.0,1.0
2550f629-6141-4971-baaa-5880e3a7b6ab,50.0,90422.0,22.0,0.0
6e44cee4-cb3e-48d1-8864-c7c17a31b71e,27.0,37971.0,30.0,0.0
f749d967-b934-4955-a185-166d0e6379b2,57.0,126805.0,11.0,0.0
1b2dc60c-f740-4335-b1f3-1f353deabcfc,49.0,55651.0,20.0,0.0
f477409e-e19d-4834-bdd1-1dad1f3e6615,50.0,86974.0,1.0,0.0
3f9fc998-7bc9-43ae-8c7e-713c66ab54da,19.0,131293.0,4.0,0.0
2d93ec2e-3a6a-46f4-b570-56be61789c90,50.0,53446.0,8.0,0.0
ee79247e-96fe-4e94-a302-1c8e3de237fe,50.0,68108.0,19.0,0.0
83d6703b-a67c-494f-b195-c6c363c3c14b,58.0,105179.0,17.0,0.0
a42b3b0b-58ca-4511-9dfb-c8cb59702591,30.0,33823.0,21.0,0.0
58cf8afa-380f-46f3-867b-826a51a21006,47.0,43454.0,7.0,1.0
54bf1d0d-2b42-4de3-a7d8-26e71fcefefc,50.0,33932.0,33.0,0.0
46342b02-f3b3-439b-9b51-933cdfccf924,30.0,40220.0,8.0,0.0
cd77a089-3386-4871-bf04-94f22b7c9090,43.0,104090.0,6.0,0.0
265527cf-6e91-46b5-af64-c469dc599851,39.0,97965.0,29.0,1.0
70255b9f-3211-4cb9-8887-f0554f9889fd,56.0,58208.0,17.0,1.0
e70f408c-2334-47de-9b45-94284c682346,19.0,102980.0,26.0,0.0
14d85886-53fb-49b6-8bad-f9abf3e708c5,55.0,40510.0,15.0,0.0
9c1a2754-f1c9-41cd-91f1-df6440d9a5d7,56.0,74045.0,20.0,1.0
97ea1632-84ee-42b5-952f-84009eeecd2b,43.0,40537.0,4.0,0.0
d9962c51-5c07-4c4f-9d7b-cc32830697e5,32.0,102683.0,28.0,0.0
027049d0-ef8a-41c8-b81c-a932e8390ece,51.0,135935.0,36.0,1.0
645fb873-74f5-404b-aaa0-e24cf3c4def3,59.0,99134.0,21.0,1.0
5b415711-8c39-4be3-9ceb-8e0a44b02c9b,57.0,132633.0,13.0,0.0
5dad28ca-5929-4491-a73d-962374862e8c,28.0,102254.0,18.0,0.0
d2325b0b-9111-4586-aa77-1332f2a0db62,20.0,138227.0,34.0,0.0
3819a0f9-2388-49cb-81d9-e9cbf1048e79,23.0,43782.0,23.0,1.0
1bebd729-c9a8-4728-bb8f-0c94942705ae,26.0,144780.0,5.0,0.0
6990da95-bd25-4a54-ae67-1998d5532c3b,23.0,95587.0,2.0,0.0
a8e93ca3-4c5c-49ac-bfe3-90879766c5f1,26.0,112238.0,33.0,1.0
d87e84a1-0c37-4de5-a969-0faf1dd44de8,56.0,105720.0,1.0,0.0
fcb43c5c-c4f6-470f-a70f-e705b8c08daa,48.0,108004.0,14.0,0.0
4928dc39-5f86-4356-9e25-f211a340e789,49.0,52072.0,36.0,0.0
71f1eb4c-e425-4411-b131-947bb6d9ca9b,58.0,111015.0,14.0,0.0
a9da6b58-ba35-4dce-a9d7-443b8f3f0e0b,29.0,124003.0,31.0,1.0
23540aaa-a9b2-43e1-9ffe-fa9de60e79e8,25.0,118938.0,20.0,1.0
2ccb256f-89a4-40ee-88a1-8591d07efd8b,25.0,102746.0,16.0,1.0
2a1c61f2-5d8d-4283-b728-cd8f1583fbb7,45.0,75702.0,33.0,0.0
7d9c0358-2457-4285-8445-4d0a1d6dc267,37.0,132260.0,31.0,0.0
7175a973-5c12-4c3b-9946-665a40e71f9b,24.0,36057.0,22.0,0.0
88f87cbe-6036-4d56-b538-dce20e912bc8,28.0,60916.0,34.0,0.0
3008e605-f418-49ea-9d2d-41d4e4bbedbb,37.0,57268.0,36.0,1.0
56239f1b-1a15-487a-b7ed-6d9dde287f03,33.0,73978.0,36.0,0.0
7c1d9ee8-7d22-4e79-bb0e-ed0dfdff6a14,21.0,142894.0,32.0,0.0
babc0892-773a-40ed-892b-f89968212bce,23.0,53259.0,24.0,0.0
9b5707a0-c3f9-4204-87c2-0c1c2503ada3,39.0,83583.0,36.0,1.0
aac26feb-53a7-47f2-afec-0401fbdb7a8b,43.0,109400.0,39.0,0.0
e9b07e12-8a76-455f-b553-11fcb4c05620,20.0,64293.0,20.0,0.0
ce330498-9930-4832-9f96-645b6f1289fb,58.0,141581.0,37.0,0.0
48905c28-d940-480b-9fc4-8fa44f0281dc,59.0,37043.0,39.0,0.0
287ffea2-0ae2-4479-9ad9-aba7d99a4760,31.0,80430.0,33.0,0.0
289ab0f9-e40c-4acf-9779-00e1723dc2ce,28.0,137009.0,18.0,1.0
c73cff56-bb30-4b8a-b159-9e5141c86fc1,35.0,68893.0,26.0,0.0
ce2c016f-b74c-4a45-8a21-2d89a288cb25,29.0,70642.0,8.0,0.0
0b7f73e9-092a-46c2-b962-33944a1b9267,40.0,108065.0,4.0,0.0
89352534-a02d-4caf-830f-dcc2273f144d,29.0,60868.0,4.0,0.0
60eb7a9d-4be5-4c60-a807-136bcfe3d481,30.0,56309.0,24.0,0.0
f51da2d3-d331-4509-9af3-e419f5aaa00a,42.0,53284.0,25.0,1.0
c992e2ea-45fc-4570-bcec-4080ad4bfd5f,36.0,143259.0,18.0,0.0
b8cffa22-2cc0-4e8a-a6ec-ba1bd79a200f,53.0,130804.0,29.0,1.0
4222f6b4-e696-47d3-a14c-592e26dc4263,25.0,99000.0,35.0,1.0
fea1f853-119c-4ded-bc86-48773d16b48d,46.0,114179.0,15.0,0.0
d8a351e2-b7b4-463e-90b1-30cc3f1725bb,49.0,92107.0,6.0,0.0
2be0c90a-f96d-49a1-acda-cb5e363e1272,35.0,95049.0,17.0,1.0
e0e5eb00-c483-44d2-8076-35fdfb8601b6,23.0,59265.0,20.0,0.0
1737073a-cffd-443e-91d8-11847783fa20,35.0,111490.0,30.0,1.0
3c3ec3f5-2039-4cd0-aa47-95a4c3fa7053,36.0,53880.0,0.0,1.0
5defaf04-1571-4c86-a46c-81ac67040625,39.0,114579.0,2.0,0.0
094ad3ed-7433-4db6-9f13-7b278174dfd9,54.0,30255.0,30.0,0.0
e24f2896-26aa-416a-908d-f75f201a09a8,49.0,31502.0,24.0,1.0
9e39c2bd-25f6-440a-8964-2189fd1a9261,58.0,100192.0,7.0,0.0
1d536b4a-6457-46f1-b89a-52dd808191d6,20.0,95424.0,0.0,1.0
67a02327-4a81-462c-adf3-4f7d4adeec61,45.0,105838.0,6.0,1.0
a9a4c0db-d220-40ad-9ea3-35d6e4d9db21,27.0,100966.0,6.0,0.0
45c50c68-7c9c-41f4-9a5f-aad6361efc65,52.0,71366.0,7.0,1.0
12fed4db-49f1-4df6-aecb-eb67368789b2,46.0,57425.0,18.0,1.0
85d4a494-02e8-484e-bf18-189db4b4a3c8,32.0,82328.0,16.0,1.0
93d9aebc-a556-43ff-805a-8056a2a8f6fa,50.0,144280.0,10.0,1.0
8f2cbf16-1bd0-483b-8625-6635f15c90e6,24.0,97396.0,10.0,1.0
8c4659ba-82a5-48ea-b7e4-22f157e02b70,29.0,101694.0,37.0,1.0
16960496-c037-45b1-a785-96d486160d02,47.0,35806.0,1.0,0.0
aec4d1c3-7168-482e-99f7-49396804f53a,38.0,116274.0,3.0,1.0
d441cc71-4d14-4692-9802-15e61ada067b,48.0,47106.0,27.0,1.0
0d1ecbd8-f3f5-4cb2-a54d-1e07889fcbc0,41.0,86731.0,32.0,0.0
072c6893-4bdf-4316-a422-4090e9a766fc,37.0,105010.0,10.0,0.0
b58aa8ce-6344-4695-b7f8-7f1044e3eb2d,54.0,112533.0,2.0,0.0
b8789735-1c6d-4c08-93c8-cb50edab0d52,21.0,148019.0,39.0,1.0
6b7fb6a0-0df3-47ef-974d-21e9577cb66b,45.0,62599.0,4.0,0.0
cae5901b-b9cd-47ed-b03c-a25624f91165,37.0,101326.0,20.0,1.0
9a4dd585-2332-4fa8-ba13-f678f8fd5006,41.0,147804.0,21.0,1.0
865b30bb-8de8-4f7a-864d-720cf1ab3048,49.0,105706.0,36.0,1.0
f9ca1160-8d20-4d28-a81c-292ee6cb2110,58.0,39004.0,10.0,1.0
b9407c1b-6b07-4288-9c45-1c4b113503f6,53.0,138282.0,21.0,0.0
d444c51f-5dab-467e-a7ca-88bb4dddf809,51.0,145018.0,12.0,1.0
5075c4fb-231d-41b0-bdc0-ee615da0d901,53.0,81364.0,2.0,1.0
59aaf4cb-068e-437c-a22e-fa6588ba3ce0,19.0,55792.0,12.0,1.0
916207ec-947a-42dc-a481-7ded8b9fedb8,32.0,125752.0,27.0,1.0
2348df56-f6ff-4044-9098-dfbbd30f8f54,51.0,94912.0,10.0,1.0
7875066c-3e71-4f76-b46a-65c3d0f2a7be,53.0,84645.0,10.0,1.0
19c97691-f46f-4c5b-9e7d-b2f60b096516,23.0,37232.0,20.0,0.0
f7c05b8e-4968-4d6a-b886-5346b544ad87,56.0,108210.0,20.0,0.0
73d7cf6f-1e30-4b37-8dd9-f01b94971c14,59.0,84766.0,6.0,1.0
17d26f12-45a4-4a75-86cd-08e393b267b6,29.0,111588.0,16.0,1.0
b43c46c0-ada7-44b5-9af1-32accf2a9121,20.0,78542.0,13.0,1.0
1e746b50-d42e-4b86-95d0-c48ecfa13b5e,35.0,35913.0,32.0,1.0
8bb9d25e-5edc-4b85-9e16-7235fd002a94,57.0,142406.0,10.0,1.0
7785a03a-5073-43d0-9932-a9219d384b80,38.0,143693.0,12.0,0.0
2a2d4deb-5b07-4341-8e63-47af19dc7c24,32.0,123449.0,0.0,1.0
48eee00a-5e23-460d-a96f-322f5666c698,50.0,40567.0,33.0,0.0
27eb64ff-23e2-470b-9f95-b3d48303b2c2,52.0,68379.0,8.0,0.0
350db40c-60d9-422b-bcf1-0243ff84b321,43.0,104968.0,12.0,0.0
4a689468-227a-4f5b-8047-67e52b539d0d,25.0,30319.0,36.0,0.0
03b0f031-687f-4ac1-9065-237c75c582e0,53.0,120005.0,29.0,0.0
5e3de6a8-c480-446f-a25f-0f41f477fae2,47.0,140990.0,36.0,1.0
1ac891da-e281-4268-b413-b17c791df0ff,40.0,122026.0,6.0,1.0
abfddffe-2a5f-4056-8f02-bb5538d84f1a,59.0,116120.0,13.0,1.0
2942f89f-019a-40c1-8ee2-fdee16b8655d,31.0,34791.0,5.0,1.0
a7fcdf5f-c278-4d38-bd37-50fa34f349ed,31.0,127272.0,33.0,0.0
e6b15469-188b-4066-9aed-056f4d84a39d,19.0,30329.0,15.0,0.0
bafa4470-d615-440d-8eee-bf9c1caeb267,54.0,104387.0,36.0,1.0
4e9948fc-d6e8-455f-8196-7b1e975545ec,22.0,91032.0,35.0,0.0
de753d7a-3ce9-40b1-8c94-67f0d00435fa,55.0,74078.0,5.0,1.0
98528988-d235-42ec-aa61-aeccb366f6f4,58.0,118662.0,7.0,0.0
6ccf2b67-1650-413c-bdf9-9d65a5b26034,31.0,51300.0,23.0,0.0
2e65155d-9af2-490d-93ff-0af622dc55d4,56.0,105700.0,2.0,0.0
712cbcc4-1b5f-4f74-a22a-d68a6805ec29,42.0,80945.0,3.0,0.0
3450f439-3a59-4a97-94c7-61ca077cafe0,37.0,85609.0,31.0,1.0
a940f83e-d3c6-4be0-8ca1-82c8f8d4ce66,19.0,90562.0,0.0,0.0
fe9d1935-c19f-4f1e-b5a2-f04e5dfd4e91,56.0,120045.0,33.0,1.0
bbb7bb13-3dac-4aee-bde9-1c8cb6d4b2cb,23.0,91901.0,8.0,1.0
d4af32e6-9c70-45bc-ae2f-060dfcd77e45,34.0,35703.0,11.0,0.0
6407ff2c-6cfa-4e46-a8a2-188dbe745577,42.0,122645.0,9.0,1.0
4d279db6-0457-467a-bb0c-64090d80b06b,45.0,93115.0,9.0,1.0
d9ce631c-6728-4545-8bbd-be342ac948a0,19.0,138953.0,22.0,1.0
024c0df1-fb4a-4054-b9ff-e635adf11eb7,52.0,118090.0,5.0,1.0
29e14a73-c468-4b0a-a0fa-f0ca150717bd,54.0,57676.0,23.0,0.0
bec6004b-dc6b-4a82-ad13-80aaad533395,22.0,91710.0,23.0,0.0
4c58ed0e-0ebc-48fa-995b-e24bc1e3275a,18.0,90077.0,20.0,0.0
f376351e-3996-4eb3-b2bd-671e18ae1c0f,57.0,119340.0,30.0,0.0
6ce75bd7-1ba6-4ce1-8be8-e51ad4892a86,29.0,75440.0,29.0,1.0
8915ab3b-f8ee-46ab-9dfc-78ceda6ab8b8,53.0,66923.0,33.0,1.0
6212be9e-e711-4f7d-b8b4-807e07168fdb,40.0,59802.0,17.0,0.0
bf680799-c620-4830-a49f-a5a537ac5570,48.0,120331.0,11.0,0.0
230290b9-4b4b-4242-a6e2-ce55ecc4873f,28.0,92904.0,34.0,1.0
ba76beba-ae50-47d6-8f47-039e74ef5ef7,27.0,90162.0,6.0,0.0
34280b88-1201-442f-a24c-0ad78aa69f25,20.0,95169.0,39.0,1.0
ec12d249-fdf0-4680-840a-8b4ac2a7301c,31.0,98147.0,24.0,0.0
8fa3965d-5991-4afa-b29c-a78180244f89,33.0,52075.0,5.0,1.0
ebc62d1a-4376-4169-88c6-d61ed9032304,27.0,147281.0,0.0,1.0
f36ab19c-ce51-4006-ad05-6ab3c244f130,46.0,112015.0,15.0,0.0
f4d8c6c0-ccfa-4745-937f-b78e3cf25abb,27.0,104716.0,3.0,0.0
49d2e897-b81a-46c5-9bea-ea49f2044985,29.0,39304.0,28.0,0.0
55c44a9d-77b1-4a02-8093-a0a0d997b1e6,47.0,89622.0,37.0,1.0
ee652b5c-4ac2-4ba8-bf69-bf27fa83c718,58.0,84215.0,27.0,0.0
e2bcbb55-bce4-4421-9a03-0bb7932d7d5c,18.0,110146.0,21.0,0.0
2ca0a41a-0f38-42bb-bbff-5c95297a6810,22.0,103973.0,7.0,0.0
55055820-121b-4535-8d51-793120c03b2f,37.0,138654.0,31.0,0.0
e9011f5e-f69f-47fc-82d8-fab1c55e5328,25.0,42521.0,32.0,0.0
c1b81c65-6297-43cd-b2e3-0b62769a6ff3,29.0,148037.0,12.0,1.0
4d2e4ea5-9c19-404d-8fa0-810c328414b4,18.0,54028.0,26.0,0.0
cd54eee6-8eb0-4605-a3cf-6612387ad863,37.0,69328.0,17.0,0.0
b95bc91e-ebd9-4c0f-bf61-d8ef45f66ec6,45.0,57301.0,17.0,0.0
66452c8e-5794-451c-a56e-8f9b5ace4cbd,54.0,68015.0,12.0,0.0
cd1f7d50-c33d-4e67-89ac-1f56700c1cc3,54.0,117276.0,21.0,1.0
670de86d-5074-4fd0-ab05-202498169c13,29.0,66845.0,13.0,1.0
761b6a66-fe54-49c3-a700-5068859d21a2,54.0,116818.0,10.0,0.0
0ea1bc11-6c1f-4ba1-a7bf-b05ddbd5afe4,45.0,106394.0,38.0,0.0
f35f482e-d9f3-4506-9d3b-8bac22ff8ff7,32.0,74159.0,21.0,0.0
140e70ef-b56b-4dc7-934d-8901f6f734a5,23.0,73714.0,35.0,1.0
e99f8041-57ae-4c68-a6a8-0d5672ead4e8,37.0,110722.0,16.0,1.0
d4b1fbb3-ae22-462d-8a76-7b60119c91c6,31.0,129721.0,31.0,0.0
f3e25eaa-17db-4cf7-9fd1-f526bf256e91,19.0,126730.0,13.0,1.0
b21d4cd1-b962-4e28-bf99-a1a1afc174ec,26.0,55230.0,28.0,1.0
1c46b228-5fdb-43dc-b2e4-0e722aeebe30,54.0,122554.0,5.0,1.0
4daebe1a-6e0d-4221-afda-42d700fef6ae,37.0,79262.0,3.0,1.0
bf279a7c-d97e-4b4c-9bc8-e340cc74c57c,43.0,120201.0,10.0,1.0
7fdae7b5-ff53-4401-96b9-9429ed38fa7b,46.0,71722.0,39.0,1.0
58b8f6db-486d-43b5-8a6a-cdb73f14cbc6,18.0,76359.0,9.0,0.0
330143cc-6c65-4ecc-9228-9e24faa80a77,52.0,92796.0,27.0,1.0
30a4fb62-2f00-4118-9c11-0a771a3cf42a,23.0,70159.0,10.0,0.0
e0941c0a-730a-4b64-b9c8-ce34a6658a0a,54.0,139668.0,34.0,1.0
059d58f2-9c35-412a-844c-4efa2b18cba1,22.0,138675.0,14.0,0.0
4f65cb01-97a8-4133-8796-e4012eb467cc,50.0,117052.0,7.0,1.0
6c280c8f-68ed-4639-bea0-da33c1abaf59,31.0,130808.0,19.0,0.0
f8a77143-20f8-498a-a0cd-5447c515b89b,29.0,120209.0,20.0,0.0
7dc0000e-8263-41c9-8d19-dcdef3788e23,59.0,35239.0,0.0,1.0
7d1af164-b65e-4c07-813c-a9390fc42e6c,37.0,144980.0,28.0,0.0
f3290e7a-10e6-4364-a1fe-d4195e34ae2b,41.0,121951.0,23.0,0.0
63541915-439f-4faf-8256-8a1da45e79dd,51.0,80886.0,29.0,1.0
cbc235e6-5871-4a42-ae55-6cd37d6e3670,42.0,133424.0,39.0,0.0
32b9884e-1d1d-4258-88c5-5d2ac444ffee,46.0,57195.0,34.0,1.0
30223a99-dc19-4f88-94bd-13ae008338ce,56.0,134697.0,32.0,0.0
a8c9d0fe-9e6d-4dcf-9528-df70c2ddec06,48.0,124859.0,19.0,0.0
2b9cf533-ce46-4e3a-930b-fc736e524e31,40.0,130500.0,15.0,1.0
e84dcc42-e5ae-4625-9930-a3be8d24f25b,55.0,131770.0,8.0,0.0
3f3fe624-ea84-4d00-88eb-8138a4b4e1a4,37.0,126299.0,30.0,0.0
396f8467-9d54-496d-97ac-aa61cb091396,40.0,64674.0,16.0,1.0
55abfbdd-8e1b-41af-a69e-dabf456661fb,33.0,48105.0,30.0,1.0
50c0b46e-48e3-4d76-b27b-a2dce5b2a355,59.0,140187.0,22.0,1.0
ecf817be-87c0-425a-92b9-e29c408c5218,25.0,59739.0,5.0,0.0
74b5e734-0f59-431d-885e-cdc4b652c967,38.0,143741.0,29.0,0.0
e2f02322-3273-4fe0-ab5c-d0535a1ff7c0,18.0,61969.0,6.0,1.0
cf8a8225-070a-4c6b-897d-45f4594c9c75,25.0,44497.0,39.0,0.0
b334deb0-7d0c-4717-ad5c-9c30c3284c3a,46.0,31816.0,10.0,0.0
1520364b-2803-4abb-a52a-818f8f5b8df3,49.0,148915.0,33.0,0.0
15f8091a-1c6d-4c9a-9597-47430462a467,55.0,122019.0,11.0,0.0
e78133bb-1818-4ee9-b954-2fa540aca340,22.0,89254.0,26.0,0.0
0b85c9f1-e1cd-40d6-a315-1d322973972c,39.0,139017.0,11.0,1.0
4d49af0e-b5be-4648-9eaf-c598222e273c,51.0,117695.0,12.0,1.0
bae8df16-dea5-47d2-9492-feee13913025,18.0,99385.0,7.0,0.0
e412633a-5f99-44d5-995c-d2965805713b,43.0,117148.0,15.0,0.0
07ea7551-d145-4101-99e4-a35986ee8ae7,27.0,135153.0,28.0,0.0
9edb1808-6a9c-4b7f-86ad-3361ab629088,47.0,63826.0,34.0,1.0
d1a84831-1ef6-4de1-8ec2-3e22779bdf06,35.0,140034.0,28.0,1.0
06c87230-491f-47eb-b362-9cfdffee1984,34.0,93365.0,30.0,1.0
54835f59-f282-42f9-9198-3d8fa774c96d,43.0,114242.0,12.0,1.0
83c3ab43-3bb1-46f3-84dd-526818b1385e,25.0,80100.0,11.0,1.0
2c480372-87ca-43a5-9bef-46926e34e1d2,57.0,120099.0,1.0,0.0
850a6185-3042-4d0b-977c-f52197803ad1,29.0,34359.0,32.0,0.0
0d358681-a7fc-4597-a9eb-44f0024024a9,44.0,126205.0,7.0,0.0
791e7490-fa2b-4f46-9ff2-d07fde8d4863,25.0,42809.0,39.0,0.0
76905afc-0139-4aa9-b878-b756175ff9ca,42.0,94450.0,31.0,1.0
a125d3fa-0079-4d07-8657-fb511f4f5372,21.0,68428.0,37.0,0.0
2fc3dfb5-9cc6-4143-a33e-3fc414044bea,50.0,124990.0,27.0,0.0
93365811-d0e1-4cc4-9f5e-8bb11f7786a3,18.0,102790.0,14.0,0.0
c80afc32-a602-4754-a345-41f2d521691b,36.0,141126.0,22.0,0.0
3c9f8dde-2705-47a5-b356-da01cc17d636,48.0,120321.0,23.0,1.0
72df8967-4a89-4e85-b74b-ac8d03973c09,33.0,32093.0,12.0,1.0
62cbd4e0-241f-40c5-a40c-867ab1ea29aa,31.0,74498.0,20.0,0.0
5da13628-31bf-465f-a937-8ab8833e9c9f,22.0,146251.0,11.0,0.0
86d3b4d0-563a-498e-92de-297915f29c2a,58.0,70985.0,12.0,0.0
c244e818-61eb-411a-a968-36ac6c0cb354,43.0,62009.0,38.0,0.0
46e03d67-4d1e-4dce-a3ef-d8ecae333854,45.0,112094.0,22.0,1.0
6b756551-1512-4ba2-bee3-9a87b273d142,19.0,47718.0,27.0,1.0
3d0c1d0e-014d-4df8-b6a6-18ba95d892f3,23.0,46705.0,13.0,0.0
a6451da2-daa5-4e86-be5a-fd233e0e90fb,26.0,117618.0,16.0,0.0
125a9a41-c0fe-420b-aedd-91c04718e380,50.0,92598.0,23.0,1.0
5ba3a597-4e9d-4007-acfe-e40d98d14c10,58.0,107878.0,33.0,1.0
810d2bf4-845f-4fcd-b851-9e5aaf09f565,42.0,42239.0,21.0,0.0
529db391-68ac-4dae-aeec-9b465b530805,30.0,76622.0,9.0,0.0
22c26920-38e3-40c7-9552-acb6b379ea65,26.0,76665.0,7.0,0.0
79ee454c-6e6d-45d6-aa21-fa422c91e1c2,30.0,62274.0,20.0,1.0
19267e7e-c220-4641-9370-17fff0e32e7c,48.0,41419.0,36.0,1.0
731178e1-e196-4888-8ab2-6a52ab6e7865,58.0,138368.0,6.0,1.0
92f103af-62c1-45e7-a2e4-a85d3ba23e4b,28.0,45003.0,25.0,1.0
291dae56-671a-4c5f-94fe-5e672d3a04fc,21.0,60866.0,12.0,1.0
99880cb7-5f90-4005-8334-1cad9bc3609d,51.0,51988.0,15.0,0.0
067fab2f-b4b3-4f67-831d-757812e54e47,55.0,85894.0,29.0,0.0
605e7c68-0172-4886-9109-38c32ae79b02,21.0,138563.0,30.0,0.0
68afdcac-14c9-4ce8-ae75-a9a8ef0c3518,55.0,120444.0,4.0,0.0
9c38de75-f8b2-4826-bd1f-5f977a86adb5,36.0,35674.0,31.0,1.0
4732bcc5-01dd-420a-9c2f-4e8f12f7fe07,23.0,100538.0,15.0,0.0
9175f1b7-1a51-4522-8daf-9a4115a882ce,51.0,123103.0,8.0,1.0
2ccb34cb-9eb7-40ba-9f46-28a4a83c46a9,35.0,96446.0,21.0,1.0
a2513fb7-19cb-41b3-b85e-9f5bd3daccc6,30.0,59072.0,39.0,0.0
f0d8aa64-75b7-4856-a677-00742c30bdd5,58.0,63717.0,36.0,0.0
b1944592-9773-49c5-b0e7-6d184c84dd31,40.0,117345.0,13.0,0.0
a1b11b46-339a-4afb-9ee2-96ba577cb43d,36.0,56651.0,15.0,0.0
fcb6755e-0245-4d01-8be1-80ef7df1fbc3,28.0,147202.0,19.0,0.0
0c358321-2ee6-4027-92f5-4df812093f9e,18.0,74291.0,14.0,0.0
ce0f1b67-3ee8-4be3-b7fe-61f43191fae5,41.0,139525.0,25.0,1.0
4127176d-be32-4637-9747-b784ce3265d5,24.0,93350.0,8.0,1.0
a00751a5-cc85-4b0b-9d85-e3fb6a7bb6d1,42.0,112020.0,0.0,1.0
bdca0076-2c88-4911-96c4-799973587fe1,38.0,34646.0,34.0,0.0
ef9f3d9c-0601-49a3-8fd9-766c4ef099e8,32.0,69713.0,19.0,1.0
b9bc3246-4b7b-4a5b-bedc-8bab83bd9bd9,18.0,97936.0,5.0,0.0
8b2d54b9-a1f7-4f70-8d9b-b58b17403547,29.0,74331.0,9.0,0.0
3bcdba14-ccfe-4ed5-9fdc-5c20b9e6d13f,24.0,52185.0,32.0,1.0
29ae7638-22b4-40ff-a890-d681ff503b05,32.0,114263.0,15.0,1.0
1b6edca5-e9ef-441c-a9c0-ecaa4b310ff1,38.0,128656.0,35.0,0.0
d02c8050-6ff4-4c9e-91cb-4bcf77446651,36.0,82107.0,5.0,0.0
076026b3-84ec-47a2-a654-3fe8f7eed029,46.0,143793.0,18.0,1.0
1d6e04b1-2ad4-4883-bf61-7c30a91548d6,42.0,96554.0,30.0,1.0
5fe61ba3-e9d7-4e05-89ef-13bc7d60306c,50.0,47563.0,1.0,1.0
69f77d5f-1c5e-42fa-876a-8edfcccc28ab,49.0,100729.0,17.0,1.0
7d98b787-f11c-41d4-8060-51db6e456a25,52.0,45701.0,27.0,1.0
92bc975c-06ae-421d-9564-e9e20c2b891f,55.0,99072.0,3.0,1.0
359b0381-57fa-4621-be00-4f23cae18cb0,43.0,78217.0,0.0,0.0
cef55913-7c81-4de3-b4f9-f648f2a2b4c8,28.0,74610.0,15.0,1.0
6a0372c6-6e9a-446a-9bfc-b19e3d890157,52.0,114422.0,1.0,0.0
48a7b7ec-887e-4379-9248-2750370a1dd5,25.0,132123.0,35.0,0.0
418b7a39-0ea9-4580-a8bc-8bc03ddcf70b,31.0,80131.0,0.0,1.0
d6cf27f5-f7b5-4c11-8cca-6778da6b163e,27.0,59410.0,38.0,1.0
21d6e0e2-3350-4ea6-a278-87dc79993551,19.0,129280.0,22.0,1.0
9da4e6e4-206f-4e42-a3e6-89e07dc69ec0,26.0,88715.0,25.0,0.0
da357da0-0563-4cc6-af3c-77857c68cced,20.0,146968.0,10.0,0.0
696581c1-7c9d-47d9-8d98-fe50874c2bfb,38.0,68665.0,0.0,1.0
fe6d9367-8b86-4c6f-a012-ab74306f9922,43.0,45957.0,10.0,1.0
37009e22-e7ad-46e3-b703-a5cfc51db75d,25.0,78127.0,23.0,0.0
fd81894a-81d5-4a79-a6f3-c80f46f00afc,19.0,93589.0,9.0,0.0
843b9a76-d40f-4d69-8515-f9ab41c4f641,23.0,76008.0,13.0,1.0
acdc212d-d555-43aa-88ec-30186267dd01,45.0,91920.0,13.0,1.0
f5269e44-23fb-4a79-8512-37392f3df80b,46.0,62875.0,6.0,1.0
9e8c0bdb-c399-442b-b3bc-0cf364d701d9,43.0,143828.0,22.0,0.0
9e751ab5-be51-4d62-9b74-9b14f991d107,42.0,31626.0,21.0,0.0
9e3703af-c3db-4424-9264-2212848164a7,29.0,120815.0,35.0,1.0
26315080-ef78-4b4f-9a0d-3d26a696c31c,22.0,93822.0,26.0,1.0
78068e6c-704a-4882-a356-80024c4d7f51,51.0,101765.0,1.0,1.0
1f496af0-6893-4246-b271-30e2093a17c3,54.0,102413.0,38.0,0.0
aee1d5df-aa23-41ed-87ba-13cd19db27dd,32.0,63642.0,18.0,0.0
70d4756f-309f-4d00-90e3-0b5357d4fc0d,53.0,68311.0,6.0,0.0
47b76521-9224-444a-a63c-22181dfe6ca7,32.0,62356.0,11.0,1.0
f8fc649f-4223-4713-96c9-422cefe0c0d5,40.0,33809.0,2.0,1.0
93cf6601-0cd8-4c15-a202-88ec2508bac4,23.0,73371.0,4.0,1.0
23d27aa8-f7b1-4f85-9409-6a52e0040908,38.0,64875.0,7.0,0.0
874a2633-d7d8-434d-94e6-397bfe8d2a09,40.0,140049.0,13.0,0.0
9708dd07-5e91-4853-942a-a8c3d836145a,33.0,39465.0,35.0,0.0
c554015e-3104-4bb5-907f-ed2aee36e152,32.0,96095.0,6.0,1.0
81a286ec-a102-4e0a-977a-26c28d347eef,42.0,103844.0,6.0,1.0
d2dab2ef-9a57-4800-829c-0fbeb54b6655,53.0,95250.0,31.0,0.0
72f04d3e-6922-4325-9dae-261b07fd027b,28.0,116889.0,7.0,1.0
89241749-f5be-4f74-97e5-6bef1a1fd388,32.0,45250.0,11.0,1.0
dedd8daf-defa-4040-a8c6-882f5977d079,21.0,76023.0,9.0,0.0
87033528-a7de-4e0b-9891-54f1a8426ec4,38.0,131350.0,13.0,0.0
a0148d42-64ed-4655-8726-c8f96f3aa0f0,30.0,76624.0,8.0,0.0
9c49fee6-230d-41a2-9b03-2fdfc7057ca2,39.0,46427.0,37.0,0.0
3f31915a-80b4-40dd-891b-0b070c5440e6,36.0,63276.0,29.0,0.0
833adaa4-f19e-40fa-9cf9-3fbf9d22d3ea,51.0,101643.0,4.0,1.0
fbc57ca8-e80b-48b0-8ad6-49bb38b701da,31.0,109012.0,0.0,0.0
d8296007-2ceb-47d7-9d3f-e1188ad21109,21.0,33439.0,0.0,1.0
e57e8381-fed4-418f-a4ad-3731bb925abe,44.0,115848.0,19.0,1.0
8d7d0288-30a6-45a2-b4bb-2b9e79ee0486,46.0,117331.0,10.0,0.0
a2408e4d-647c-4dfb-b05b-9d26bd41706e,45.0,108672.0,25.0,0.0
df996763-9ce7-4da6-bee0-7097b3b576c8,52.0,109703.0,2.0,1.0
ee7a14e9-23e0-48bd-ae4c-2a56705a7047,25.0,47300.0,5.0,1.0
3f2858c9-4492-4eb6-949e-c74ef46a5f5d,33.0,90289.0,10.0,1.0
0cef3a70-137d-4c3c-b786-0c873ca961dc,59.0,47182.0,7.0,0.0
6ceff500-5b76-4dd9-84c4-f79227483fc9,53.0,100507.0,28.0,1.0
31d753fa-f5dd-471e-92ab-b5be0dbb69a5,47.0,80912.0,9.0,0.0
14d59cc4-8fe9-437a-9c3f-6fe8837b2a14,35.0,56909.0,33.0,0.0
25fc4bf5-313f-46da-a2ca-7dec36514486,19.0,49659.0,23.0,1.0
820f5882-3821-4b2b-9239-05e12cf7488d,30.0,61403.0,16.0,0.0
1ca65b3e-263f-4c16-9477-ee9e624a1d3e,21.0,144187.0,31.0,1.0
099f1ac8-1280-4082-b635-9fd394937413,43.0,63586.0,10.0,1.0
7e8cef41-71b0-4fef-8d33-0df1a268637c,42.0,40360.0,33.0,0.0
bf1db055-4eee-4993-94ec-9a4785808a44,47.0,51424.0,23.0,0.0
e6fd1753-9550-43ad-a5a4-e46d144835de,28.0,128035.0,4.0,1.0
bd8d20a9-2b0b-4d03-86c2-179713424cc8,24.0,140231.0,28.0,0.0
a0e98389-80b8-4caa-b8ab-4aa522d42686,48.0,78791.0,33.0,0.0
7678729c-537a-4c0a-ae1a-9bdb7dc08065,27.0,33065.0,15.0,1.0
d484c48b-e3b5-4b22-84d7-0d79ded5189b,56.0,98795.0,24.0,0.0
d9c92443-3014-4e3f-bd54-6c9a850a55fd,30.0,145594.0,36.0,1.0
fe3c5051-9347-45f1-aca6-44440bd969b9,48.0,42300.0,7.0,1.0
567b0fb0-6602-4d10-8ce8-c82f0acf81dc,24.0,63370.0,28.0,0.0
815cc08c-46d6-440d-8b9c-78f5bd614e71,59.0,99831.0,24.0,1.0
2d006eef-a66b-404a-bea0-2c7883dc21dd,59.0,57209.0,22.0,0.0
3afb6137-8f5b-41e4-97c3-da217bf98a85,53.0,138287.0,33.0,1.0
381c5227-158a-4acf-92c5-56adffd48fc5,37.0,131831.0,2.0,0.0
7c94b6a2-75db-479d-9d77-b55fda40e5b3,21.0,50927.0,29.0,1.0
20a7c0fc-6b61-4693-ab4b-15f08f811a25,24.0,64579.0,33.0,1.0
176d4dbd-ab09-43c0-992b-086c64e13afc,18.0,140407.0,31.0,0.0
bf266344-99ef-482d-a203-5601c994c000,59.0,39032.0,28.0,0.0
7aaba267-fa8c-4df8-a04d-6865bc9a4dc3,30.0,123254.0,8.0,0.0
2c9fb8bd-e50f-4369-85e6-a824d772cccc,39.0,108413.0,1.0,0.0
16ebd96a-4662-4e5f-b1da-4a4e0e119421,38.0,70731.0,38.0,0.0
28a10625-f50b-408f-8c0f-78e09f25eba7,39.0,149937.0,6.0,0.0
d9a721ff-85bc-4289-9aef-f35db1ace804,45.0,143528.0,4.0,0.0
c2fc3763-a4f8-4dd4-80e8-9c16b420e727,26.0,122202.0,7.0,0.0
ed5efe25-c725-419c-a694-90dde4ab64b0,43.0,83767.0,31.0,0.0
e13909f1-147b-4fed-b997-c23701437b99,26.0,137220.0,17.0,1.0
eacae674-a473-4d35-8730-9dd0eff582e3,32.0,102302.0,37.0,0.0
ab408c13-20cf-455e-a349-8462d50627a2,27.0,79954.0,17.0,1.0
2188dfb7-85f4-418a-8148-e01eea717e81,41.0,147270.0,15.0,0.0
fa388a8d-89c6-4aef-8fd2-4237f4bfdd90,59.0,118365.0,20.0,0.0
c3d6a7b6-ff3a-4b22-841e-726e9c28eadc,25.0,115757.0,9.0,1.0
b95b66f0-faf6-41c8-b212-0a04fa7eff23,41.0,55102.0,3.0,1.0
36c8d18c-ea4c-44b6-bd17-e56d1bac9577,33.0,64433.0,7.0,0.0
b1a3ad34-c74c-43d6-ae31-64b11b3b9053,43.0,45932.0,18.0,1.0
7c7b28c8-780e-40a2-9273-1b4c222f5713,44.0,55714.0,39.0,0.0
512c5414-fef7-4735-84fb-da389033c907,54.0,87803.0,39.0,1.0
6bf50fc1-36d5-487f-a396-94cbb1732455,21.0,69743.0,8.0,0.0
ab8c1e88-7d71-4711-bd24-daf093593e8d,41.0,32552.0,29.0,1.0
7a7b5834-9a0a-48cf-9842-5e3fcf2e2f67,36.0,86627.0,16.0,0.0
4b355f8d-a58e-4da3-aee5-a37c78f8ec02,53.0,75987.0,39.0,1.0
d5f3d6f1-4398-43a1-9a17-a9fb451c1572,56.0,109810.0,14.0,0.0
8181c911-9f6c-430e-81a1-068b63f1f82c,27.0,75380.0,3.0,1.0
e4595074-6be9-4f86-a6bd-23848815bc45,42.0,59250.0,5.0,0.0
90eaa7e2-3067-4481-b995-61b3110eedd5,35.0,98344.0,15.0,0.0
1809962a-31c9-4e7e-8352-519dbff29ea9,36.0,94686.0,25.0,0.0
7da31620-2ef9-4a8c-b5f2-a1dfa3d4bfba,53.0,139394.0,36.0,1.0
a55b59bc-1bea-4cc1-81fa-d52612d963cd,27.0,75028.0,22.0,1.0
1627bd9a-c437-43eb-bcdc-82b971813def,50.0,45295.0,12.0,1.0
75f46ce3-5064-43e2-872c-5485fafd6e9b,22.0,143141.0,16.0,1.0
eb09e837-bdfc-4c86-9015-7ff518168acb,52.0,85248.0,26.0,1.0
0a87c3c0-8a44-4564-b3a3-50eff579995c,51.0,110205.0,21.0,0.0
68365654-b264-43ae-b550-1d7ddf9c74ec,50.0,40523.0,36.0,1.0
1da9ac26-a5cb-40fb-86c8-d738d46198e1,38.0,75530.0,18.0,0.0
bbf48217-db6d-4712-9740-fd6031de482e,34.0,43769.0,38.0,0.0
d3ef6029-1c77-41aa-89e7-4ea208818dab,39.0,93042.0,34.0,0.0
cf31774e-53a7-41b8-b518-59772959980e,54.0,142035.0,12.0,0.0
bcb89684-1ce0-47ec-9959-f238b48dc62d,32.0,74645.0,13.0,0.0
761ffeeb-aacd-4f02-9a33-4137f8ed0cfe,52.0,120743.0,30.0,1.0
4c677248-c0f2-4cac-b3f6-5474bd73f778,45.0,92142.0,1.0,0.0
f88fab1c-ef47-409c-97cc-339e6e473511,24.0,130760.0,38.0,1.0
b0781722-46ab-4363-a5a8-b2194c0bee7a,49.0,55557.0,36.0,0.0
4d79aa8b-79cf-49f2-a0bb-8ae8bf958fe9,28.0,133727.0,13.0,0.0
a4295f47-8ef3-43c9-83e8-c9a3647d9491,27.0,109782.0,8.0,1.0
5aac77fc-dc4d-4e50-8d0d-33f66720ee2e,26.0,108382.0,9.0,1.0
a77ecb93-8e51-49ac-98d3-9e7ab190d5b7,31.0,67085.0,6.0,0.0
f61c35f0-6616-4e29-9833-dc2ba4258eba,30.0,80708.0,27.0,0.0
41a7367e-816e-4ff6-b258-7a57df1518ce,42.0,81357.0,24.0,0.0
f82bcf26-c46c-4227-8164-1e53dc2251c4,19.0,140939.0,27.0,1.0
b276b26a-e93d-4079-bf48-7802ed25f011,52.0,43470.0,1.0,1.0
b5b10859-5a5c-45bb-b98d-5c2c678dca44,24.0,108712.0,16.0,0.0
57e0f641-269d-4300-a654-8898af742b59,38.0,148643.0,3.0,1.0
95293de8-bafd-4124-a4c3-ce4b72b26a7c,35.0,137417.0,12.0,1.0
cfefb15f-506a-49cf-9ec4-3dbdf5d8b772,20.0,109082.0,17.0,1.0
14db29f6-d77c-42ab-9170-13293d58f792,59.0,36805.0,2.0,1.0
657eab6e-4312-49b8-a855-8b9e352314a5,56.0,112324.0,36.0,1.0
4b84c067-409b-43fc-9850-ec12f8e0e56e,58.0,124884.0,32.0,1.0
5ff68aca-4a0f-4a1a-8e6e-9245e8475a33,28.0,92028.0,23.0,1.0
167e1e74-666c-4174-9cbd-b80020534530,56.0,80772.0,7.0,0.0
d4a7df89-9e6d-4ab1-8e2e-49f0a0f4d45b,41.0,82104.0,34.0,1.0
1cec156f-200b-4971-ae1f-2085cae38053,36.0,103616.0,1.0,1.0
c1ae9042-c4c5-4c52-a434-baf5df56ed24,21.0,131422.0,32.0,0.0
657d776e-190f-4bd2-a9e1-62fd47d89b9b,43.0,119300.0,11.0,1.0
8c3e974a-cec5-480b-935c-4233ac1fce6a,55.0,36630.0,21.0,1.0
2f4f986c-9e6e-411a-bfca-54bc0d87973f,59.0,128869.0,12.0,1.0
e3c9e036-9a27-4641-b8aa-b5a62890c3b3,49.0,45701.0,9.0,1.0
75786403-08ba-4ce9-9877-35b9051410b0,56.0,44859.0,16.0,0.0
3c1cbff7-6e9c-4256-884a-5313c3005576,53.0,51183.0,4.0,1.0
f1b9741b-5c66-4419-b64c-c366aa3597d2,57.0,70438.0,8.0,0.0
48669446-04ea-47ec-a879-0abe39f726e4,54.0,127285.0,12.0,1.0
d06987f4-1f97-4586-ab3a-c2dbb6591c42,50.0,147556.0,22.0,1.0
08fa93ac-e996-448b-9d41-402c7625df36,53.0,127423.0,29.0,1.0
ab2cc9fd-9575-4bf7-8bc7-b03c4a51e36b,20.0,72244.0,3.0,1.0
2fd2f82c-d77c-4452-86eb-505e3142620a,26.0,104312.0,20.0,0.0
cc96972a-4436-4c1e-ab13-dacbfcfd6bca,25.0,45021.0,8.0,0.0
fec88d1f-9e69-4719-9f05-83a9bd961bdd,50.0,99863.0,6.0,0.0
e2f860b7-fc76-40fa-81fd-ab8121aca0e3,23.0,85565.0,15.0,0.0
a816c72d-37d5-447d-ae95-7347bb6b8dda,58.0,78043.0,22.0,0.0
9dfa2019-460e-4abb-840f-f0eb55e4b68e,56.0,103150.0,22.0,1.0
44168bc7-7ff4-48f1-9fb9-2254a39748ec,21.0,94361.0,30.0,0.0
be3e5016-ae7f-48cd-b793-4d7718a63727,30.0,31245.0,4.0,0.0
b79da178-f8c2-4c3d-8948-44eb3e28a504,19.0,71011.0,5.0,1.0
b94244c1-b386-4e07-97ac-cd079a05b3e9,22.0,40355.0,0.0,0.0
c627bc34-dc76-4e1b-8e92-f82709979463,44.0,128841.0,27.0,1.0
e84e7574-b8b7-4815-9d29-94ee5ce511db,49.0,78692.0,17.0,0.0
781b6ef1-4316-4391-88d3-111d10ea7fec,38.0,79004.0,23.0,1.0
fa27f426-0dc2-454d-b6b8-6e1f2e92df5f,25.0,145228.0,12.0,0.0
ce10c2a1-84c6-4ae3-a007-d06feb93e67f,55.0,59714.0,32.0,1.0
1574609e-6b45-491a-a635-bf7f64568308,25.0,47198.0,9.0,0.0
4e43e547-2998-42c0-92d3-1e938ada9fb0,20.0,96951.0,6.0,0.0
9c9ee586-18ed-496c-aed4-1718ea4002d6,20.0,139334.0,36.0,1.0
d3819928-9f86-4c0b-9da6-6e0c9f771174,39.0,31652.0,31.0,1.0
5a285e71-64cb-4707-90ae-8934e22df062,23.0,73625.0,21.0,1.0
9d6affa3-2774-4d50-b2cb-557091ff19c0,19.0,115982.0,15.0,0.0
f722f9b3-53cc-4339-b0a7-8cbbf781a53a,40.0,48740.0,23.0,1.0
c1416643-f3ae-4e63-b5af-0dbf87565fc0,19.0,33810.0,13.0,0.0
17b4fd62-7cae-4bbf-a1b8-2ed1081de7ab,55.0,46569.0,10.0,1.0
04a88ca8-9418-4bf4-a8ba-bf3f062efbb6,34.0,129855.0,18.0,0.0
63056bb7-f3dc-453f-9cf8-0e8e72ff76eb,52.0,109120.0,22.0,1.0
b01ffac4-9307-4b9d-a566-13a440c059d4,51.0,56783.0,33.0,1.0
e1b9e009-49ca-438a-8921-649963d7f682,40.0,129065.0,39.0,0.0
9e038b88-49bb-4005-bcce-1ff4fb749e3d,47.0,108047.0,12.0,1.0
61ed52e8-edc6-48cb-89ef-056d779c9944,25.0,39471.0,38.0,1.0
d84150fe-7c26-41ea-84fe-98d8c6ef0876,39.0,140771.0,27.0,1.0
c111b361-4449-43c7-b483-d11c3d65a817,53.0,36163.0,39.0,0.0
07334e72-03cf-4c54-ae02-cc2a232797f7,22.0,93087.0,15.0,0.0
34f1cd48-2f82-43d0-acf0-b6ba076ca579,30.0,92071.0,27.0,1.0
41026f50-8201-426b-a979-5eecba1c4399,46.0,46065.0,3.0,1.0
f9464698-22fb-4251-ba7f-f1d55e97d009,48.0,140190.0,27.0,0.0
5dbc3945-72c2-4857-9f02-729227e213e9,33.0,147969.0,11.0,0.0
02024454-602a-4c85-9ab1-94f12f925372,59.0,113456.0,15.0,1.0
39ca474f-628f-4cc3-a9d2-42aa53ca21e4,47.0,134505.0,35.0,0.0
f0ed07ba-03e8-47cd-ac33-b04c4529061b,33.0,147852.0,19.0,1.0
347bfa86-4d6d-494f-b25d-f76261340869,29.0,78348.0,25.0,1.0
5feaeeb2-60ef-4511-a06f-c0f2865d55d9,34.0,49154.0,25.0,0.0
1ff1e491-2dff-455f-910e-76b29b1313a4,33.0,135703.0,21.0,0.0
adc1a748-f6f6-4888-ac5e-8b90d66b58fa,29.0,50229.0,8.0,0.0
aef23714-6368-4a1c-8d6e-4d1cd01aa208,25.0,82587.0,4.0,0.0
cd6a7798-4888-416b-ba4b-27592e582e30,37.0,149398.0,16.0,0.0
f3d0659a-d958-445c-91ed-f67cc00e2864,20.0,79713.0,33.0,0.0
d6113ddc-6418-484d-b741-5f72b7f223a2,33.0,56997.0,1.0,0.0
2cb09034-d7d5-4987-bb5b-bf0332d74997,47.0,51101.0,6.0,0.0
301a825f-ca9d-428b-9b43-2d3a727e25e6,40.0,70391.0,35.0,1.0
879a261e-3ace-4653-aa85-d1219588b9be,45.0,105863.0,12.0,1.0
788d50e0-23c6-4eb2-86a5-db24968c658e,57.0,102723.0,19.0,0.0
08d54188-de3e-447e-bf41-2a786ac08a30,22.0,125221.0,29.0,1.0
8b4013ca-87b1-4b16-87c8-a404025e35f9,37.0,89405.0,29.0,1.0
23df6d57-ac70-4d67-98fa-7384c75de488,57.0,64948.0,10.0,1.0
5fc301f3-d6fe-4d33-bf0b-b0b2f06fc431,18.0,130264.0,30.0,1.0
bd415e50-6de3-45f9-a9f9-b8ff9140283c,47.0,83031.0,2.0,1.0
55b390ef-b8b2-487e-a9a3-a4592583b459,38.0,67921.0,1.0,0.0
57ab5f46-063d-4bec-b6f4-2b23c825d2ee,37.0,102571.0,2.0,0.0
650667e9-4bde-4764-acb2-20ea7cf01af4,23.0,107007.0,14.0,0.0
b0928137-9a2a-4236-9142-cdd5e9a2e4ac,39.0,58460.0,16.0,0.0
4c7db350-3aae-4fe1-98f6-5a7c07bbd1c3,35.0,147958.0,6.0,0.0
36ff81a2-aa20-4c8c-8619-dc1d08b3ee59,25.0,51071.0,4.0,0.0
5ccaa9a4-727e-4f03-8614-6ce44f7f2c0b,56.0,96118.0,33.0,1.0
8bb36860-9fad-48d6-984d-d5f539b4d211,49.0,78282.0,32.0,0.0
70215ca6-8494-4c4e-bb7f-6acfbd5be0d9,50.0,121725.0,15.0,1.0
eb757889-935f-4be4-b155-4585ef60fbaf,33.0,88445.0,36.0,0.0
313989b5-b7f8-498b-bdd5-d8b2449c73a3,29.0,111067.0,2.0,1.0
dea2f41d-73a5-4d46-8883-878be43b95af,55.0,112208.0,20.0,1.0
d683de72-71e0-40e3-b8af-3dbca5ec4725,51.0,84816.0,7.0,0.0
0f4ded6c-2e7b-411d-b6a2-b11dc3589877,31.0,136283.0,21.0,0.0
3c893c17-4f58-46c1-a2ae-16e6be6cc0f1,53.0,115779.0,4.0,0.0
4b6c99cf-7b0c-43b2-ba44-67d6f933ef40,50.0,33060.0,16.0,0.0
b5769ee3-582a-4da2-957c-ebc07813f349,40.0,43731.0,36.0,1.0
afa5e9df-d73d-46fe-b873-71486d4c64c1,19.0,107830.0,13.0,0.0
6f728d01-f53e-4123-999a-0bc276332cb4,58.0,145871.0,38.0,0.0
c3c0923f-1c83-4b25-953c-95a4af60e7c5,38.0,50719.0,27.0,1.0
a7105bb7-acd8-429d-a51e-22f7bc99fe13,19.0,77042.0,30.0,1.0
dda95051-cede-46de-826c-bb6d53a4575e,44.0,146134.0,16.0,0.0
703ff3cb-81b7-4792-be32-5b15fc689356,26.0,79116.0,34.0,0.0
5c40c669-9aa8-484e-aee7-7ae8ad441456,18.0,56325.0,39.0,1.0
2e35f100-ec69-45af-9df3-891314ef25eb,28.0,52597.0,21.0,0.0
49b310c2-1f0a-4e74-8295-fe1b131cd96f,20.0,97439.0,28.0,1.0
35d9d706-756e-468b-bf86-9c4ee7cd5847,40.0,44551.0,9.0,1.0
889575fb-4df0-409a-9861-53f668085b61,43.0,123287.0,17.0,0.0
94673a22-d123-4e7a-aeae-9841a8a3e155,21.0,54278.0,34.0,1.0
846a9b14-04ce-449b-96a9-c1eae99bfdeb,35.0,121189.0,15.0,0.0
d1a586e0-a514-45d3-a7ac-355b7e77ac10,23.0,45141.0,6.0,0.0
ea4188cd-01a8-45e3-9861-a971f4d3064a,52.0,97913.0,29.0,0.0
f544f0e6-f0cc-48ce-8831-cc1d419540f7,39.0,63615.0,18.0,1.0
ff639dea-c14b-4e7a-b7fb-859376bcb9d6,32.0,92751.0,22.0,0.0
5bc19d65-3e0f-4f74-94c2-49b63f932d91,39.0,142684.0,7.0,0.0
716f53d9-02bb-4243-a220-501070e323b1,54.0,57452.0,16.0,1.0
673e160e-cc54-419c-a4f6-b39b20110b6c,59.0,52725.0,20.0,0.0
b6ada9be-bdfd-472d-a284-8dcc8ffc22bd,29.0,80391.0,25.0,0.0
8e27830f-141e-472a-a027-c338bb944ac7,59.0,105060.0,27.0,0.0
b6d3b92f-e0df-43bf-82dd-9417f806246f,55.0,143535.0,38.0,1.0
24748c70-fdbe-43b3-b88c-0041dfdf42e6,35.0,41698.0,32.0,1.0
281c6a36-1faf-4798-b26f-64b57881b0fb,52.0,138875.0,39.0,0.0
67c781ba-2da9-4c8b-a100-6a5553929914,47.0,116711.0,18.0,0.0
33f4d372-21d7-42b0-9a1b-08d5de2363a4,41.0,107850.0,28.0,0.0
8293da37-a4d1-49e9-99d1-a395a393dc67,59.0,139733.0,19.0,1.0
f04daa74-eb23-4d0d-a65e-b3e38c7dbdc0,47.0,32365.0,19.0,0.0
804d2df0-3631-4cff-8d6e-ff9cdf879ba0,31.0,127553.0,9.0,0.0
b26ef9ce-ac14-493f-98b5-d61a4cd656fa,23.0,127662.0,11.0,0.0
e1dcb181-f878-48d1-bd47-5eb3b0f3036a,20.0,73372.0,32.0,1.0
4414126e-23d5-471e-9e2a-db53fa02b85d,33.0,74134.0,24.0,1.0
101f632f-0fa1-4441-8d9d-09dcfb92a22c,24.0,67823.0,24.0,1.0
ef20986b-7f95-4b02-b209-bcd50090ed57,31.0,101158.0,3.0,1.0
1169a57a-9f30-4cca-943d-66e667b43297,26.0,126076.0,3.0,1.0
1891f66b-7f9d-417f-a1f0-000a6a18f806,32.0,145060.0,8.0,0.0
7ca6c02d-2136-42f5-bd32-482001a81cac,38.0,136087.0,14.0,0.0
335ebfac-b5c7-4da5-b57c-64d27daf2865,52.0,31949.0,25.0,0.0
914bcac8-8cee-40fc-8252-c1afcc5d7a92,19.0,79396.0,14.0,0.0
1f4d63ac-5013-4b3d-9f56-63d75a6ed056,44.0,138336.0,25.0,1.0
6863e25b-9865-490b-a524-ce3d167947d5,19.0,61912.0,27.0,1.0
3765c340-eaf7-4016-9387-8f458bce144a,52.0,86947.0,6.0,0.0
617499b1-46f7-49a4-b55b-e005c7f9cf5c,35.0,127697.0,31.0,1.0
eadc934d-ee8d-4115-82b9-e40461f61c92,31.0,74387.0,11.0,0.0
2435eabe-f05a-41e4-9aed-57909182e6f7,37.0,93965.0,34.0,1.0
edc1ae45-2122-4f1f-ab50-99070c9a7d22,35.0,46508.0,31.0,0.0
d295d35f-1ea7-4933-b019-221dff3012ff,27.0,75592.0,8.0,0.0
4d2a21ff-9bb7-419e-9ab8-6ecedabf4389,42.0,139249.0,13.0,0.0
53c3a584-c10f-4d88-8ad3-ddeca9fb2244,19.0,31919.0,12.0,1.0
b73a36b2-b626-4790-8697-7b8ade2ca887,42.0,72595.0,32.0,0.0
bed48370-8e8d-490b-b881-f150321fbe05,50.0,39617.0,31.0,0.0
9f7e51dd-b8e0-4915-8474-c10783a488d8,53.0,105268.0,18.0,1.0
49bb4c9b-583b-46bf-94ab-55c642ba0f65,48.0,63298.0,29.0,0.0
16f8a3ab-ccbe-46e0-8f18-fe82fe8f4d03,31.0,136153.0,15.0,1.0
ef8f152d-4cf5-4cc3-be8a-cdd726666c04,18.0,36929.0,11.0,1.0
1c0e5bc6-ae18-44c2-9d75-c04ba258010d,33.0,132653.0,9.0,1.0
14a98204-3ba6-4b21-96d8-e6a3b211dae3,20.0,44456.0,1.0,0.0
69409f9b-ab33-4703-b6e0-c52b0e5c29ec,52.0,139599.0,17.0,1.0
33ce3c01-9ccd-441e-8a26-b930e2629a0d,58.0,116676.0,12.0,1.0
5a37130e-9ad1-4161-acf8-d9dc0b364c43,23.0,113721.0,28.0,1.0
7a0f7339-e9f3-45b0-a8e7-d9ed948ad843,42.0,67924.0,23.0,0.0
c48d797b-a6de-4f51-811d-0cd3dda8f28e,30.0,54240.0,37.0,1.0
62cb1c47-aa72-4e2b-8c1b-a2b39940a5fe,51.0,117381.0,11.0,0.0
e41b502c-29eb-4a9d-b606-4ff7c4a2dab5,25.0,39228.0,28.0,1.0
27c123cc-19af-4afd-8ecf-184e3f1b0199,38.0,51686.0,21.0,1.0
d222753f-1482-4b68-b889-93fed9f3a664,51.0,41920.0,35.0,0.0
2ea77d64-49a3-42da-ab06-588c8ece5470,21.0,37432.0,0.0,0.0
445e9c31-e058-4bb6-880d-5c3fa1740cde,42.0,93575.0,39.0,0.0
ebff1ee5-1135-4e9f-88e8-b1e0017b8c5e,32.0,140507.0,33.0,1.0
a3bfc6ef-8fd4-4787-8a5d-5715b11be27f,21.0,101725.0,33.0,1.0
793b06b5-8a2d-4050-91c8-58f14bb0957a,29.0,123575.0,32.0,0.0
235eea1d-986a-4a1e-b065-8cb51b8d282b,49.0,63910.0,3.0,0.0
81f010db-08ec-40b8-8cdd-015073dbd649,49.0,60226.0,37.0,0.0
1e2cbdfc-e7d1-41b5-a71b-b3a6438b8c09,45.0,103150.0,29.0,0.0
952313e4-16f3-4629-a7eb-261f9b190c91,30.0,89099.0,19.0,0.0
e01bb954-6df4-4481-8f79-c77169151183,48.0,142557.0,25.0,1.0
b5706fd8-7634-428e-a40c-d796e7c9ac41,31.0,116760.0,14.0,1.0
68c5c730-ef24-4749-bd64-6313d3577c4d,37.0,48013.0,6.0,0.0
7b349a02-5852-403a-a175-598f31d9cf2e,35.0,51446.0,6.0,0.0
835ec823-dad2-4a26-afc5-2857275f4dd8,46.0,145450.0,28.0,1.0
30fe3be3-b5e7-43a4-b934-ce3c70d0ee25,23.0,135209.0,22.0,0.0
5b3f04b2-a2dc-4db3-814f-93c6a04bdcc7,49.0,133193.0,33.0,0.0
cb545e3e-ec8e-4708-9a81-cac4c41824d4,46.0,100375.0,19.0,0.0
e9a62e97-d899-4196-b13c-bf7a7a323a14,19.0,92509.0,14.0,0.0
f49fcff8-4325-46a5-96c8-fac4ec0d0418,40.0,132261.0,32.0,1.0
e2bc3773-d812-41ff-8e93-5bfb0a29f55a,36.0,125739.0,16.0,0.0
bd7915f3-ec54-40d7-8ee6-90b9bc2f475c,48.0,30557.0,19.0,1.0
83cec5a3-e5b7-402a-9ba9-6598c642216e,22.0,60666.0,12.0,1.0
f1f9a935-3a3d-4d94-af99-75bed32dbfdc,36.0,67389.0,23.0,1.0
b937b7dd-5ec0-48da-a823-09cd6f7b63d2,51.0,77700.0,36.0,1.0
2286823c-0a25-42b4-931f-7e347bdfd133,27.0,129143.0,6.0,0.0
70114626-0ab9-4cc5-a54b-34010a5d936e,42.0,54578.0,7.0,1.0
a51583a4-f5d2-41b8-ac64-26837df6191f,19.0,104779.0,22.0,0.0
33b57fa1-6c87-4fa7-8be6-311a93f61cec,28.0,39596.0,13.0,0.0
ed1ee6a0-1d26-4364-9ab6-2fbc2172c9f3,48.0,87500.0,3.0,1.0
8f7d8798-6847-4a0c-92b4-cd6f2b826878,32.0,102534.0,20.0,0.0
9f20618d-c332-4132-8fdd-6a95ad503620,26.0,40129.0,9.0,0.0
f64ecefe-c3d2-4a46-b557-f8cbdcd66688,40.0,93394.0,21.0,1.0
468d9251-8e21-40b1-83b4-f884ff75c741,36.0,96046.0,29.0,1.0
b5020c2d-0023-4626-b385-019f888a2e89,26.0,41596.0,29.0,1.0
3a6b3050-7970-4a93-a240-3713646523be,52.0,95355.0,15.0,0.0
2d4105f3-0472-4837-a816-93029e835665,38.0,42974.0,10.0,0.0
2b71dc1d-cb8c-435f-af48-313f71445239,26.0,96673.0,21.0,1.0
94f36f41-54ee-4c0a-86d6-60fa9f33440b,45.0,142004.0,28.0,1.0
5471bd49-6c03-4585-a0b3-f10a06f99060,24.0,123433.0,24.0,0.0
db446be8-4f19-4199-8d42-b0f49063e991,33.0,100202.0,13.0,0.0
c740845e-444f-42c8-bb1e-1be9402a39ca,33.0,104442.0,13.0,1.0
84512ec1-dff2-4b8d-8541-c05633f61851,50.0,51818.0,1.0,0.0
6c533023-36fa-45a0-a3be-9775b40d9d4e,21.0,73246.0,12.0,0.0
694d5dfd-bf41-467b-bf52-e93445a523fa,21.0,85598.0,2.0,1.0
05f3de06-97ee-46b8-bcf9-15ac67ea97ce,56.0,32654.0,29.0,1.0
a0e90ca1-e670-4b98-830d-d152edf46f25,57.0,63758.0,17.0,0.0
44d7fc64-654f-4dad-8a80-7d33027d64db,34.0,54204.0,35.0,0.0
1555e89b-b87c-4497-8ffd-e1dd9f52f39d,54.0,64928.0,20.0,0.0
d2d43579-82ec-4009-af10-919bb480005f,56.0,83609.0,18.0,0.0
925c1565-9549-4054-993c-1f58c0515140,46.0,60552.0,15.0,1.0
fc5c855f-c3a0-4029-bfbc-43df111133a7,53.0,143440.0,27.0,0.0
b0d23d15-ea29-4a08-b01d-4b8b5347458e,55.0,40336.0,3.0,1.0
20d94bb1-4cd9-4bbc-bb29-1b63dd2aef13,56.0,77037.0,14.0,0.0
74c86cb8-57ec-4d3f-925a-d768b0db62f6,54.0,46206.0,0.0,1.0
f8770971-ab97-4111-a372-880d5c2603a5,52.0,64831.0,15.0,0.0
052288b4-7b23-42c2-a337-e9dddc9f3975,24.0,73563.0,19.0,0.0
151a4a28-44e3-4213-97be-3ae97714100d,44.0,48361.0,32.0,1.0
fb2aa7e4-ac2d-4a52-95c1-4dc7e2058798,45.0,71335.0,16.0,0.0
befc4d11-9a37-479f-9ad3-0be1008b8e2f,39.0,104469.0,4.0,1.0
6cfedc8d-9152-45b7-9100-9d14685a7af3,31.0,147355.0,4.0,1.0
41503e75-2337-4789-a1de-43605521e56f,24.0,55816.0,38.0,1.0
dd31ab8b-fe90-4f0b-81b8-55cba8560b16,54.0,45619.0,12.0,0.0
d6871b3b-530e-46d3-abe7-443121b19766,39.0,133223.0,35.0,0.0
2fb5b1e6-8f21-4b42-a356-f865d59a40f8,22.0,122479.0,29.0,0.0
3915bf6b-7c17-450b-8824-1fc52a480e4c,19.0,56819.0,3.0,1.0
ceb80e29-cf69-4886-9384-7207450d9c48,44.0,41741.0,22.0,0.0
2dad4faa-13c7-4f50-a610-9f209394b3cf,38.0,38798.0,20.0,0.0
8f01cf30-6e48-4779-a080-ed3d78e0d15f,55.0,55143.0,20.0,1.0
29c8cc13-1963-4f06-86e8-ded0e39ba549,32.0,79695.0,5.0,1.0
b0496a02-5910-4474-9d3c-37438c6f4a28,38.0,62747.0,23.0,1.0
3299096a-0b75-4f69-83e5-84316d3605b8,27.0,142870.0,30.0,1.0
e96fd285-5cc6-453e-8f20-a56f499faff6,40.0,129187.0,18.0,0.0
def0c06b-0698-44f2-8680-912ec6e3d220,56.0,51182.0,37.0,1.0
e272f01f-7bf4-48a0-b50a-9e62db77b13d,22.0,39415.0,11.0,1.0
95798cad-cce5-447c-b9b5-8a823806e8cd,18.0,41085.0,13.0,0.0
086c2957-abed-4dfa-a421-205c41247ac7,30.0,45008.0,11.0,0.0
4be0411a-a36e-437d-ae63-e2a26c27e62d,38.0,117638.0,14.0,1.0
baad3432-8a83-4435-afe7-f5dda58d55c7,43.0,48452.0,18.0,0.0
16d4e04c-328f-475c-9f12-ef1565116030,38.0,94075.0,27.0,0.0
3765c64f-134a-450b-9956-d4c177cef82e,35.0,38120.0,39.0,1.0
4bd965ae-02b9-4a55-bf1e-cbdb5655877e,54.0,94385.0,4.0,0.0
9d547a72-2201-4939-8c58-69824ab9dbe5,49.0,103356.0,4.0,1.0
87798fd8-4de2-45b2-9f15-c9cf937d6e80,53.0,140205.0,5.0,0.0
f53b6620-24ca-4773-aada-2f23d91c876f,34.0,48170.0,22.0,0.0
7973cb25-6e2e-4480-8ad1-2c09d9aa5057,52.0,46259.0,2.0,0.0
d8a9243c-76ae-49e9-8322-3b6436a3e1ce,28.0,52099.0,36.0,0.0
0ac43b58-cba5-4e61-8af6-10d94e0e2125,38.0,39649.0,32.0,1.0
cf1e05e9-b278-4ac8-b495-ef06ede6d814,43.0,125791.0,20.0,1.0
12213ef1-560b-42f7-b03c-8bdb3c3bf883,21.0,89258.0,19.0,0.0
9433512a-b3b2-4656-83ee-adf03878513c,51.0,71037.0,0.0,0.0
d5b00587-4701-454b-9cfe-de208c357286,35.0,41805.0,38.0,0.0
6a167248-4404-43eb-8748-7ff322bde7ee,57.0,145996.0,16.0,1.0
174d3265-0d8e-4e26-865c-821a71b5283d,52.0,73147.0,28.0,0.0
62801992-b87f-4090-a0d7-3861a02cb9d4,58.0,104280.0,7.0,1.0
68bdeec5-9ff0-4c0a-b826-3c156fd6ad72,46.0,76053.0,25.0,0.0
08ba18e7-03aa-48a6-922f-4a084d0fac96,46.0,136777.0,27.0,1.0
6df2d5ca-de55-492d-a4e8-2153763d6c8b,55.0,127841.0,33.0,1.0
bb6ee1ed-c4d6-4212-9be3-40cb10dae844,59.0,121393.0,25.0,0.0
b736be81-5773-4a47-8454-d892115bace2,38.0,106215.0,12.0,1.0
80f30386-e376-49ad-a2aa-245126391154,59.0,142909.0,36.0,0.0
f09e1cb4-527d-4c12-a768-cb9d2ccc61f5,30.0,125365.0,12.0,1.0
24f5cffa-9526-41c4-a14f-3f212016ca20,58.0,40985.0,37.0,1.0
af1f8312-8d63-43e6-9b99-490b86bc2f39,34.0,123823.0,24.0,0.0
60eeddb2-88c8-4655-8de9-cec445ac562e,26.0,42391.0,22.0,1.0
acf1aad2-f4bf-4333-91a5-f9772834e66c,58.0,34861.0,21.0,0.0
703a95a2-4fbe-4863-b5b8-133e92c5f45c,18.0,93582.0,20.0,1.0
7944b702-ec20-43bf-8818-f1a2e1a113c0,19.0,81928.0,29.0,0.0
436c6c54-e25d-449e-88a4-7824b6e97d09,46.0,64364.0,10.0,1.0
9d65adb4-2080-41f5-9492-bd677e22c15d,50.0,112399.0,3.0,1.0
8cc33641-1cd7-45ec-a962-e50dd3a86dd3,27.0,127035.0,32.0,0.0
49103707-073d-437f-96b2-fde3fe73ff58,57.0,148000.0,11.0,1.0
22d7fa68-fd87-4807-936c-efe2d6b2ec5c,38.0,123330.0,8.0,0.0
9235ea4b-21d3-40de-91fb-6571fa789030,45.0,72923.0,31.0,0.0
e5a7aa5a-3a54-452c-8695-6da1bfcf91ca,28.0,37919.0,10.0,1.0
8022216d-10f1-4a25-93e3-183eddb04890,51.0,85896.0,36.0,0.0
a8a2bb1c-d7f1-4013-b5c3-f81dd9dbfe76,25.0,138638.0,23.0,0.0
3276387b-7260-4de4-9749-149d57a43ed5,39.0,115818.0,6.0,0.0
fb84556d-3b3f-447d-99f7-2a883dca41b9,25.0,77396.0,7.0,0.0
d2cf3c25-3e59-46cb-a613-6eca6727e3f1,32.0,64840.0,32.0,0.0
afaf6ddb-8f4a-4455-98d1-d2e770a95b45,34.0,72255.0,24.0,0.0
5844bf71-593b-4d17-a5f9-e2a302fc0959,40.0,101160.0,0.0,1.0
55d4065b-f194-4bfc-9445-8eb7776636ac,41.0,129242.0,2.0,0.0
61553994-56c2-466f-917e-eadf458023e2,36.0,38176.0,39.0,0.0
aa34a99e-d3c6-4148-8de8-ba3fd74154b9,22.0,63529.0,27.0,1.0
7a24d521-de3c-4ed5-a70d-cca2e03a9189,49.0,86406.0,32.0,0.0
4d35e430-f3e0-4640-9f96-14878883606e,18.0,42941.0,0.0,0.0
1559492b-96a4-46b7-b2be-c502eb4b8c92,40.0,31669.0,37.0,0.0
f832fa14-57c0-431d-b515-bd6392a51c10,54.0,135432.0,26.0,1.0
7a9ea353-87d5-45a2-9f85-3ca05021abfa,25.0,115782.0,37.0,1.0
a457b825-d150-4ca8-bc6f-6145c8123cc8,30.0,147373.0,34.0,0.0
3e181c64-c553-4cc7-9990-eadd62d48fac,25.0,74859.0,9.0,0.0
eef9e414-61cb-4955-ab0b-3a20e31e04d9,40.0,85786.0,11.0,1.0
ded33778-ce99-4a84-876f-616095738052,18.0,81083.0,9.0,0.0
a83414dd-0b11-4909-a213-dd2fa05acb6a,41.0,70076.0,33.0,1.0
a8ecd9a3-ea0a-435c-ba7c-457d09dfaf3d,52.0,50323.0,23.0,0.0
c0024f43-eea6-4fee-a1a3-b2f5719ade8f,41.0,129430.0,27.0,0.0
988f12e8-47fa-4c63-a2bd-6edf475d1b1e,34.0,36021.0,21.0,1.0
d7d8ffa5-8ea8-4623-a32b-5692e887d3d2,22.0,134741.0,15.0,0.0
26851c4d-c3b8-4d40-8c1b-d021a99ef75c,37.0,69807.0,12.0,1.0
6a5c3921-fa8e-40a9-b7c5-86b5dcbd8baa,38.0,80355.0,35.0,1.0
33fa6f19-3f31-4778-ae50-492a50ff562b,57.0,132439.0,35.0,0.0
648d3046-f27f-4b49-922e-e9f2fb25c467,48.0,143415.0,22.0,0.0
54a6a428-45f3-4573-a5af-04581617c9b4,53.0,74732.0,13.0,1.0
cb6ff8fc-af02-4dfe-aeb9-2facd460a8af,28.0,38711.0,31.0,1.0
db4c2c2f-c353-4b83-9e90-b10fd4064309,32.0,93079.0,2.0,0.0
f851af97-5ca6-457e-a8e6-eb2637a267fc,36.0,37904.0,26.0,0.0
a89bff40-4770-4ecc-8afa-534e1fa084e8,24.0,94033.0,18.0,0.0
a8abb183-62bc-4890-bcd7-47c6738a0593,45.0,130587.0,21.0,0.0
43513e41-f04a-4024-a8e1-7dff0cd63d4b,22.0,116478.0,0.0,1.0
790e242f-9018-40e9-9428-c2e2ecefbd69,22.0,119787.0,4.0,1.0
eefc8712-fa9a-49b0-9915-1c513075d3ff,47.0,85096.0,32.0,0.0
83babe12-9a46-440a-a23e-bb29bd4b1884,49.0,120594.0,18.0,1.0
63700e6b-7111-4788-9752-b5609b25074b,25.0,130781.0,35.0,0.0
974e30bb-195f-4d91-90e3-475f81449874,27.0,33093.0,5.0,1.0
4d1fd3dd-fa6a-4892-bdc8-eb3ce04cee78,55.0,54918.0,14.0,1.0
d1c122cd-afe3-4cc3-8f47-611300cd8721,49.0,102743.0,35.0,0.0
350cf469-430b-4237-adec-df3af094700f,45.0,92636.0,32.0,0.0
6d5988b8-ba96-4b7e-8369-ca258e499668,34.0,88806.0,23.0,0.0
15178003-5f3c-4295-a364-751b9482408d,48.0,39394.0,26.0,0.0
12b63c97-3583-49f4-93b1-798187b60a76,25.0,122510.0,10.0,1.0
8b3be071-52ff-4347-afcd-38c881a29d8b,57.0,123708.0,22.0,1.0
63b1aee7-402d-4ffb-a73b-ab516ba6bbd4,42.0,127819.0,32.0,0.0
1248085b-3603-49fc-80ec-d6f273ca880a,26.0,143145.0,28.0,1.0
de111423-7782-4bc1-b252-6a4f6fee6380,19.0,134531.0,30.0,1.0
ae3ce89b-f445-4595-a95f-5a2a520a3691,32.0,43280.0,0.0,0.0
e3678759-2313-4a0a-b6cd-29f8e991df62,20.0,66303.0,33.0,0.0
773f0fee-c13c-412e-a12d-c5ee04e92454,53.0,57453.0,17.0,0.0
b6f4c0a5-8b7b-4987-968d-a6503eeff8eb,21.0,138886.0,17.0,1.0
e6140b89-e376-4fff-8773-e91d5b20a065,31.0,90695.0,5.0,0.0
90d4981e-8a7a-41c0-a44b-c8ce504f5746,58.0,98449.0,39.0,0.0
64349ea4-5da6-436c-adfd-6d4746abcaed,58.0,55765.0,0.0,1.0
383af513-d01f-4bad-9226-e93330e74586,42.0,32340.0,29.0,1.0
2725f1c7-6648-41ae-8387-b0cfb1a95bfd,27.0,121715.0,3.0,1.0
4a85f605-f4a9-4b40-b508-81de862bc12e,38.0,123409.0,31.0,1.0
96621142-be68-4afc-a047-2098c711a3dd,53.0,68057.0,9.0,0.0
2f79aad5-9ad7-406b-b4ae-11a4578b8b24,29.0,30597.0,4.0,1.0
09d6427b-444b-4ac3-bbbd-3c18459c1b79,44.0,87988.0,8.0,0.0
f1ce751c-83a3-412f-a6f3-1ce0f9b34090,57.0,124655.0,4.0,0.0
a76526de-2d87-4e99-bc47-c484c24ebf92,19.0,45025.0,10.0,1.0
ff204197-e98c-484f-a749-54d37e8f55ba,30.0,37145.0,34.0,0.0
9511e8cb-aff6-4152-a454-1494408879e2,49.0,131206.0,26.0,0.0
7d5e2f0f-d5d2-47a1-aee7-e4308b3d475c,48.0,85797.0,3.0,1.0
5b80499c-7e48-4c2e-bcc1-8fd55d0319b7,33.0,71723.0,9.0,1.0
d75ac766-0df9-4843-af88-eca1885956fc,49.0,103230.0,38.0,1.0
cff94bf9-7d3c-4822-85ed-caab4d06dbd8,49.0,34830.0,32.0,0.0
d0044304-11b9-425f-8a63-8a3db6d5f3d1,51.0,53930.0,37.0,0.0
a89d78ef-31c4-45b5-8511-3be37edf5a8d,28.0,53752.0,7.0,1.0
54b38817-0da3-49cd-9930-e4d79a0139d6,27.0,138138.0,23.0,1.0
86b46c02-b305-4e39-93a3-ff26057cdc12,32.0,106025.0,38.0,1.0
849386f5-c5ac-470c-8f0e-fa07bd227eb0,34.0,128228.0,32.0,1.0
d59ed8a7-0059-42bd-a75a-90fcfdd1440c,57.0,111304.0,18.0,1.0
75365a56-a3cc-480c-961e-948d96d24600,35.0,92040.0,1.0,1.0
603aee04-dff4-4088-afa7-18dc77a3e07f,26.0,138668.0,10.0,1.0
7d65cecc-4e07-4542-beb3-8d9ebd8198e9,42.0,97696.0,34.0,0.0
a7be22a5-ba2d-4596-8e21-a17742d6d99c,57.0,141572.0,16.0,1.0
4ee4064b-f80d-41ab-aba7-2bb6ad0be90b,31.0,94648.0,2.0,1.0
783b391f-9943-41da-baca-77ad149382f5,42.0,85030.0,21.0,1.0
f62768cd-fedd-418b-b618-16923901b40e,39.0,86815.0,34.0,1.0
e6f81c20-aab3-4da1-983b-1a9607c2da4d,47.0,115669.0,20.0,0.0
50317cb5-5c80-435b-9152-2793e8fa656b,37.0,142789.0,24.0,1.0
9e8b19a4-294d-4a54-aa6b-8a2c103036ee,38.0,65690.0,38.0,0.0
d9c56da8-47d2-4ebe-803f-ce0c339688ff,49.0,118406.0,1.0,0.0
3324f903-1af2-4893-96ed-78cccf6d4387,38.0,120032.0,0.0,0.0
98f8343c-9405-4bb3-a7ae-b106a2e1c0fe,52.0,87923.0,6.0,1.0
cf839406-0beb-4025-8e91-e84f0c7008ba,49.0,66572.0,19.0,1.0
122624a3-c0c6-46be-903a-2432448dd7f8,47.0,84030.0,5.0,0.0
8b8b2798-ab74-4798-ae0c-e46d0f1bc87b,56.0,97904.0,35.0,0.0
d281201a-b83d-48c0-a6b1-92a2600ba20f,29.0,143461.0,20.0,1.0
88dcd2ad-4605-451a-9b44-0d15d8a542ce,58.0,136397.0,34.0,0.0
45b26619-0285-48ea-9c01-15d5c90a1c22,35.0,132236.0,35.0,0.0
84dc64d1-d083-496a-85d4-9fa7b798792b,38.0,59203.0,7.0,1.0
32c28c71-3652-409f-8ad3-71b405fd778b,30.0,107088.0,3.0,1.0
255287a2-68d5-46ea-ac07-6223eb249a7d,38.0,35608.0,15.0,0.0
7e37a773-9991-4836-a0bf-8416e14c2c5b,25.0,75667.0,2.0,0.0
1c19df98-b3ca-4f04-839e-af13072fbe75,57.0,85547.0,6.0,1.0
93fab148-2067-41c6-90c5-7c3ebbb98573,24.0,52485.0,1.0,1.0
9ae58e90-0a10-45f7-864b-71b28a204436,40.0,137596.0,0.0,1.0
30d9a948-9050-40fa-947d-84f34542cd1e,49.0,39862.0,0.0,0.0
9dab7595-9636-40f8-9462-63903db51f99,28.0,133835.0,37.0,1.0
bc9d8052-3468-4f84-a9c4-d79c2b0e4f27,39.0,105948.0,6.0,0.0
a0339fcb-c9d7-4cd8-b157-2aed5aa17f45,39.0,116890.0,23.0,0.0
3c9e956a-f17b-4d81-b015-ca349f6f860a,42.0,101880.0,4.0,1.0
06e6acb2-10cb-496d-927a-627942eee73a,39.0,87560.0,20.0,1.0
683153eb-9a16-43b0-8add-ab46677b4ae1,45.0,145063.0,27.0,1.0
f4cea9cf-a75b-40cd-a046-1241898f8100,46.0,136191.0,17.0,1.0
018beb11-0a06-4355-8ad4-cff8df4ec56d,30.0,113529.0,23.0,0.0
804290f2-b3fb-4c52-885a-1c02dba9f975,35.0,124218.0,31.0,0.0
0ff13eb6-3e2a-46e0-86c3-521b052768f5,19.0,144462.0,32.0,0.0
44cef54d-0725-47d9-8944-d5be295d4b6f,46.0,58415.0,9.0,0.0
678b1421-840e-4390-b651-447a7160480a,38.0,94523.0,8.0,1.0
bf3b05e2-bf09-4227-8eb5-2bca346373c1,32.0,49323.0,32.0,0.0
f63423b3-d91b-4c89-b0df-49f8f0327810,44.0,83214.0,32.0,1.0
65d31d56-72a1-4bcd-97eb-56364d2dbc89,48.0,47997.0,6.0,1.0
4564bd1d-e33a-40e7-9023-994bd47ef768,32.0,87003.0,3.0,0.0
9a999b48-72d0-44e1-99db-71ff5b461538,40.0,33679.0,27.0,0.0
dd19444f-8896-4ca8-9c83-37e2085deb7c,41.0,125025.0,22.0,0.0
b55531e2-30d5-4a37-b78f-faf71cd39923,30.0,70308.0,31.0,0.0
829d41f7-d964-45be-8064-4a4aa7670944,39.0,105024.0,15.0,0.0
92e6dfef-1130-4138-a866-f5958e34304b,54.0,69842.0,9.0,1.0
73a3b6a9-c2ee-4fb9-9634-8f7f4e346786,50.0,95408.0,13.0,1.0
cdf1bba0-4baa-4dd5-8296-75ae8eeae86c,20.0,99532.0,38.0,0.0
8e82606f-ba1e-4b7b-9428-2388e952c859,36.0,83938.0,35.0,0.0
f86762f7-fa18-4476-8180-1adce85a5b6f,40.0,35695.0,33.0,0.0
d5ac58c6-331a-4c4a-b69e-1cfd67ca0110,46.0,125740.0,23.0,0.0
f26e7e55-7c1f-466e-a4e3-4836bac72792,47.0,88499.0,17.0,0.0
d9fa3e3f-1599-412e-8dac-85854c3a5423,56.0,53382.0,15.0,0.0
c63faaaf-303f-4009-9e41-2f6ccfc5e7c7,42.0,44235.0,36.0,1.0
a420446d-e87c-4515-a277-b9cecbc72bcb,54.0,92223.0,24.0,1.0
e1359ef9-7b1b-4922-a94a-3eb912d1cbf8,25.0,32366.0,7.0,0.0
091148b7-c2fb-4c92-88d2-62a973630475,59.0,57467.0,23.0,0.0
565453b6-e54b-4d2f-8964-19ccf3338e1f,33.0,89316.0,19.0,1.0
6bc006e9-b526-43d3-b43f-c7d3ff82092a,25.0,142468.0,29.0,0.0
1284537c-666b-4747-a455-f5d6216e2fa2,18.0,36764.0,19.0,0.0
336335ca-eb5c-419b-bde2-c6021e64b14b,22.0,120896.0,17.0,0.0
8935594c-f8a6-4d2a-b956-c0981cc093e2,20.0,143831.0,3.0,1.0
856b21bb-da50-47de-9ada-a10d0f167217,18.0,91836.0,35.0,0.0
20cb341e-4007-47b4-b425-e6072d40c0ee,21.0,61923.0,5.0,1.0
3701ebf6-57e4-48a5-adb7-6c57be96439d,57.0,125711.0,2.0,0.0
6f326772-7414-4b4e-b95d-fa3bd1ff3633,52.0,46292.0,17.0,0.0
9c0d9332-99d5-466a-98bf-77a29fb82cbe,49.0,31614.0,39.0,1.0
ad672e68-4744-4791-846e-fcb296a7064f,59.0,50939.0,17.0,0.0
7db5dccb-3be0-49de-89a7-9b9950255300,51.0,142700.0,22.0,1.0
a66005e7-3766-4ab4-b14c-c02526afb0b2,42.0,48800.0,34.0,1.0
08cc64e5-ce1d-4770-bc85-b90d047e6126,27.0,86440.0,5.0,0.0
bcb2d980-8e27-4a8d-93f3-e810d906dd3b,38.0,53246.0,25.0,1.0
df3cfaa2-446d-47f1-b2e9-0c5de92fd9aa,56.0,82805.0,20.0,1.0
e0aa84c5-f745-4bb7-99a2-a909165d84c3,44.0,79648.0,23.0,0.0
60d8637a-c704-4f62-9d67-6d5f705d7cde,44.0,145192.0,14.0,0.0
508d8c80-127d-40db-8cd3-c3b6013a033b,19.0,86851.0,26.0,0.0
69150fdc-5cff-4a2c-b173-92184c7a81e7,58.0,61688.0,31.0,1.0
190fa2c5-1335-4763-9207-7b7831e4757b,30.0,123498.0,11.0,0.0
51f2fa8e-c064-45c8-a220-562ce3ebbb9c,26.0,59764.0,4.0,0.0
9cbebb1d-560a-48d3-b374-39e1af54cecd,53.0,62470.0,6.0,0.0
3e8c7f9a-2a17-4f1d-9cd8-20ec6f432c2f,39.0,68501.0,21.0,0.0
cf6aa50a-0f13-4688-93dd-699ee0c96473,59.0,87207.0,26.0,1.0
83296736-6181-455a-b7f9-9ff384566acc,43.0,92157.0,14.0,0.0
1014d6d6-0f38-4bc5-b669-6f9027df9e08,29.0,33216.0,38.0,0.0
079eaf5a-efe4-4d1e-8af4-bbf1343963a9,34.0,52072.0,34.0,0.0
c7a64b59-2a8a-483f-847d-a9e41d457b06,31.0,123778.0,25.0,0.0
d7f9230f-e25c-4915-a8c7-63184a738d52,31.0,67132.0,22.0,0.0
f14ea930-7eaa-46af-872b-bb2685c5e0cd,51.0,140573.0,12.0,1.0
41a27997-936b-433e-a11b-146b2fcf91ff,37.0,47861.0,25.0,0.0
80ede458-a582-467b-8363-bb65942601df,28.0,94186.0,2.0,0.0
dd99d427-b9a8-4a72-a9b6-1efdedc63d1a,33.0,142133.0,28.0,1.0
ccf36626-78c8-4bd5-938b-a9815268d356,48.0,34960.0,1.0,0.0
31e154b9-3b47-42db-a8ab-26f6ddfb284f,23.0,48781.0,27.0,1.0
4edb14c7-fb5f-4ec2-bb9b-180213b16f33,36.0,136605.0,22.0,1.0
4cf6cddd-2f6e-48d8-b96e-da6f566b5a3a,54.0,61126.0,35.0,1.0
b522765f-938a-4249-88c3-f054ce3a6302,21.0,137145.0,5.0,1.0
bb28acee-a4cc-4e8d-b461-a152e61f9ab2,21.0,52578.0,10.0,0.0
16151f70-ebc5-4e25-b56b-6b58127b1230,37.0,136034.0,37.0,0.0
bd826722-8ab5-4ace-8261-c49601356b2d,27.0,47883.0,33.0,1.0
13873c4f-6e3b-474e-a862-dc70d66ce126,41.0,59782.0,16.0,1.0
3e51dcf7-493f-4022-85d2-a72712f61b03,52.0,86387.0,2.0,1.0
f5ced8a0-4850-4c30-8ebf-88fd3c9d481f,43.0,46979.0,33.0,1.0
201db5a0-3db3-4628-ad39-5d6171ddd643,54.0,63746.0,21.0,1.0
dd000eef-3a39-4d3c-9cfc-8b1741dd481a,55.0,96266.0,28.0,0.0
9ee74b49-7632-4f8c-ba52-07fd9a1350f6,38.0,30056.0,28.0,1.0
c7d6fdf7-16f6-4f98-93ee-72ddaf46b610,57.0,61457.0,4.0,0.0
e1ba6dd6-7309-46c5-a39e-9bb6c2b2cbae,56.0,32243.0,9.0,1.0
fcd1d0e0-2133-4b7d-9094-90983beb73a4,38.0,85031.0,9.0,1.0
ac67d5ad-7a91-4b14-a15f-68ec40b2b46e,27.0,31701.0,8.0,0.0
1275a693-0557-4eb9-9fa2-435edd0d7195,55.0,86381.0,20.0,1.0
333c3a70-339b-4e29-918d-fe2fff5e1755,21.0,80438.0,12.0,0.0
996ab771-ede4-4266-b71b-8ae924ef2ec0,37.0,103839.0,9.0,0.0
c31f0a98-e6f8-413d-ad66-65774b312ddd,34.0,110636.0,37.0,1.0
a7cc0978-0765-42f8-9b07-426451cfe0bd,24.0,141302.0,10.0,1.0
baf34561-aa29-4be9-9703-9e8be21d4009,21.0,137697.0,3.0,0.0
edec1fe6-14af-4f2a-9aa4-a74a6b104197,46.0,96483.0,30.0,0.0
9baa17d6-6d61-46b0-a2c9-7a7a4cd35a75,31.0,50505.0,33.0,1.0
13d9948b-8ecc-49ee-90b0-8543de46a155,20.0,36553.0,34.0,0.0
a2669c63-7af8-4484-8557-d5b7abf1d33f,41.0,63525.0,38.0,1.0
a532543e-1eb0-45be-8c06-2f440a7b9d7e,54.0,110402.0,38.0,1.0
ef264bab-7b4e-4770-b972-0c4fce0397e2,33.0,126008.0,32.0,1.0
00a9a398-9c26-4b76-910c-439068023d30,21.0,74348.0,7.0,0.0
d41d7d96-588b-4d4e-9ac2-afb26052dad4,41.0,101187.0,31.0,1.0
e731b917-ed30-477c-80ab-0411705eaa3c,51.0,37273.0,32.0,0.0
47c76ebd-4f43-41ac-a90d-533892c1b4ce,47.0,94236.0,7.0,0.0
5947e72c-589d-4af3-af73-6b830c92bc1e,35.0,105569.0,13.0,1.0
2ddb53df-ef4b-4df2-9029-aab39ad59ce6,36.0,33535.0,33.0,0.0
56df6cd5-cb3b-460a-a581-d714e99a78da,48.0,48677.0,7.0,0.0
53b770d8-190a-440e-903a-e82bb7568d49,36.0,113024.0,6.0,0.0
21ba889a-dc71-4e97-b161-f3167c93a337,36.0,137157.0,12.0,0.0
7ab0f3ae-f7b5-4af1-b1fe-69ab37f93142,39.0,30908.0,20.0,0.0
bd983e31-9e47-4e94-b907-be8bf7530fdb,41.0,100153.0,31.0,1.0
9ab05fa9-b774-4c72-bfaa-42cec7385298,29.0,138352.0,10.0,1.0
4395c53c-8b69-4358-bea4-710c2d6baef6,47.0,125967.0,13.0,0.0
bdeaf5e4-d5f7-4fd7-8f71-36a0a1bd6b77,55.0,118989.0,10.0,1.0
5aa92473-ea59-4404-9304-381ee77c8146,48.0,65079.0,1.0,1.0
804300bf-4852-4f7a-ba2e-e05148a7a321,53.0,111556.0,33.0,1.0
cd5b3cdd-9512-44dd-a86d-86f03332bf58,36.0,145477.0,16.0,0.0
f1fc4787-4736-4d7c-93b8-555f595d9735,53.0,141889.0,13.0,0.0
52f0fe4d-2ade-4013-9fa3-194faee3a817,47.0,142321.0,24.0,1.0
9b59a4f8-3a15-4d29-a9d2-a117b5f0d9fb,50.0,79323.0,26.0,1.0
44f805d5-0014-43f4-a9bd-291c56da6c9a,35.0,75320.0,7.0,1.0
a2d73ca0-b4ce-4bb9-89ad-654175731310,45.0,122098.0,16.0,0.0
b7f80e9b-b1dd-493e-9155-be4566491a47,28.0,119909.0,4.0,0.0
331ccb06-a649-4150-aab7-7b1754b3ccdb,50.0,76105.0,11.0,1.0
7af049a2-81b2-44a8-a47b-1a5d4606a2e1,34.0,60164.0,37.0,0.0
3ce939d8-ebbe-41cd-b51e-0eff7701414a,23.0,31885.0,17.0,0.0
d78b19f4-6621-4647-9633-6fc1c2b89bf6,21.0,87819.0,25.0,0.0
aa5141c8-b7d6-435e-8827-398ea5332620,37.0,31049.0,30.0,1.0
af7c2235-500c-4b2e-bc6f-abc700c02465,44.0,83281.0,36.0,0.0
89beb9f2-88c0-4df8-9134-4ec2dabd8d9a,32.0,73271.0,5.0,0.0
170b1cc8-f495-4bc1-b0ee-76432029aa79,23.0,96697.0,14.0,1.0
0d07fb64-d130-4889-a615-ddb5098a65da,31.0,96351.0,25.0,1.0
60756465-2157-4400-ab31-cca99c96ac76,28.0,66534.0,11.0,1.0
36004ece-bc53-4153-bc0c-e32e5d0fc92c,56.0,123034.0,13.0,0.0
21ea1cb5-724a-49bf-967c-75ffc7918510,26.0,88097.0,0.0,0.0
ecfccb4d-6082-4fd0-adc3-3d30802e1ab8,43.0,83813.0,16.0,0.0
9fb3ce94-ba4e-4161-80ac-be502ea4c8fa,33.0,55037.0,32.0,0.0
23ae3e1b-e10b-482c-aa01-9a933b112a77,22.0,66007.0,28.0,0.0
f0b9d102-f9bf-4ca6-be45-7b2776b48a22,27.0,109478.0,30.0,0.0
76f2f061-4fc3-49ff-8e7c-e7af7a2d27be,20.0,57278.0,7.0,1.0
a696f497-0d8c-46b2-bf56-0de1bc7b48e8,30.0,38272.0,29.0,0.0
d3cacd6e-7314-4e4b-b721-8cf28f7f4a9f,47.0,147492.0,12.0,0.0
ee19cdc3-98ae-4b2e-af7b-4700aa2865ff,23.0,87183.0,15.0,1.0
40c5feb0-92f3-4a67-b2fe-4ab561778529,34.0,129173.0,1.0,1.0
da7f3c3d-3a41-414f-9593-d2c2909ba793,36.0,68294.0,17.0,0.0
00d91c40-d989-4504-950b-16632a7f1df9,59.0,103277.0,34.0,0.0
a59de21a-f57e-4122-8a3c-e4a6766b3548,52.0,92509.0,18.0,1.0
662313e9-6e26-404a-88fb-90d566afd481,43.0,34694.0,12.0,0.0
e0bbabb5-d977-495a-a8cc-c2f7c19628ab,22.0,125842.0,3.0,1.0
05817e88-7d68-4577-94d8-50a483b4b3b9,46.0,88150.0,18.0,1.0
ad5754dd-7c08-4b0f-a080-4cfbe5496601,54.0,97470.0,24.0,0.0
fd1664d7-a81f-494a-987d-47c720357633,37.0,51556.0,37.0,1.0
a8c8150e-98c1-4748-823d-82e121a70062,38.0,94471.0,30.0,0.0
0ea2eb62-4e8f-4082-9b13-4a9f266a65df,27.0,79855.0,35.0,1.0
1a541d50-a30c-40db-9068-d2abf032e5e4,22.0,79086.0,3.0,1.0
5d087a37-4cdc-4cae-943c-f78f1d48d315,53.0,48907.0,38.0,1.0
c12cc24d-4e51-4d5b-b546-2ab829baee07,23.0,147327.0,6.0,0.0
68b463f6-bf58-4028-8d23-fafe2165f325,43.0,101695.0,15.0,0.0
61e34af9-b73e-40c8-bf78-2f4ca0711153,21.0,78487.0,4.0,0.0
fec3ea42-7d47-4873-8bb7-73a76469623e,56.0,59158.0,22.0,0.0
51f4d62c-be18-463c-894e-25157313f3d3,56.0,50293.0,35.0,0.0
c7a84fcb-224a-4d69-9d92-e3682c87c13a,52.0,75761.0,31.0,0.0
5b4725dc-e895-41e5-8fd1-630e98b1aaaa,18.0,142117.0,23.0,1.0
57c62213-36a2-4ad2-a301-717d5d369f24,41.0,129468.0,24.0,1.0
5282e172-f1bd-4309-9773-baa7400a07f2,53.0,63387.0,27.0,0.0
e0d0b729-ca16-436a-92ea-40e66513593a,23.0,70750.0,18.0,0.0
01b3ddd1-03c5-48ff-8453-240f85f4f750,58.0,98602.0,6.0,0.0
13bfb441-2fde-43c3-9e9f-4cbfff604a7e,48.0,51256.0,16.0,1.0
164aba67-79a3-4d97-ad4a-b259583d34e3,37.0,136942.0,1.0,0.0
6af1ec35-f1dd-4280-9aaf-35212e4ea59b,41.0,130641.0,15.0,0.0
acfd446b-a564-40a6-afbe-32415cc9d678,42.0,35594.0,38.0,0.0
29dd4d3c-590a-4d00-a2d8-fb2ac26c6fd3,53.0,32460.0,17.0,1.0
4125be83-a06e-4c17-9a82-7fdf7e0205fc,38.0,102356.0,38.0,1.0
e5f9cd09-6b33-4061-b0e3-82007567d43a,47.0,84698.0,0.0,1.0
9e61c050-ebdf-48b1-bee5-e977aec34004,41.0,131746.0,2.0,1.0
7c080dd5-86ce-40a9-85fe-c61183c0bf5a,59.0,46191.0,20.0,0.0
0391916a-f408-4132-9a42-01ede8004934,47.0,114631.0,29.0,0.0
67982965-9e06-4db8-87d6-e6ebd20ce543,39.0,144630.0,10.0,0.0
553a2c10-1855-4bf7-807d-0e80de73ba7f,45.0,40529.0,21.0,1.0
11055fc7-2803-4c93-9452-9dcea824fbe2,24.0,62175.0,24.0,0.0
bc5672e7-e0dc-4e40-ac02-ef11c3db27fc,52.0,47675.0,2.0,1.0
384a0ed9-5ff9-430b-822f-1d8222f2ae30,45.0,73158.0,29.0,0.0
021b047e-7130-4ba1-9802-bfafd2277a64,31.0,76798.0,23.0,0.0
d6e05772-02ed-4aa3-85d6-4a982581bf75,27.0,100910.0,35.0,0.0
cc1ce078-ebdc-4cc3-8051-0cf44790f2c4,33.0,55976.0,22.0,0.0
3b0968db-6337-4437-be90-7dce269ec67f,33.0,93116.0,7.0,1.0
0a2a12e1-ba63-4347-ad27-80e55128238a,48.0,108678.0,3.0,1.0
e6bedc0c-ba9d-4d6f-8201-3cd2c59e4787,59.0,92821.0,38.0,1.0
45becaa0-665e-4c58-ac01-41be2077418e,42.0,147343.0,30.0,0.0
5bc56244-3b93-4e76-9029-0515a6e768d1,30.0,42204.0,28.0,1.0
9c3d341b-07ed-43f6-b76d-ca7fcb26a608,23.0,85665.0,35.0,0.0
3c929aca-6dc6-407d-b158-eac9fce76bf2,26.0,37394.0,12.0,0.0
9358bd7e-0b68-4ec2-b9e4-db0b17de79a8,53.0,145392.0,8.0,0.0
1225edb8-de81-42ba-af03-88e8dd8b5172,37.0,94814.0,20.0,0.0
0062f71d-5d57-4742-a22b-bfb540a0811d,35.0,63593.0,2.0,0.0
3999d705-34b2-4808-821f-27c8ed2552f6,38.0,71964.0,24.0,1.0
82e8a9e9-de96-419a-9348-de4b4a2b93a1,21.0,107188.0,24.0,1.0
6f3a206c-a1c5-43d2-8bef-6ba7a6c60735,50.0,145064.0,11.0,0.0
5ad5b7ce-c95b-4846-a06f-567a6c6dc2ca,44.0,129276.0,28.0,0.0
24a43dcc-312f-4d61-a79e-ab1723d9fdd4,24.0,83365.0,10.0,1.0
dc4c690d-2d20-4496-8f1e-2f88432193aa,23.0,139572.0,10.0,0.0
50c6360a-96aa-4301-9911-560e0ee3aae9,32.0,30443.0,25.0,1.0
bfe41d4c-a9dc-4756-80ff-ed37f77c5e23,35.0,119439.0,13.0,0.0
ea98da81-b47b-44df-9446-1c5ed669dde7,49.0,129058.0,15.0,1.0
19b0489b-fb4c-4f47-a9d2-5ea3e9e70ae7,28.0,58180.0,9.0,0.0
53d093ff-4a25-4e18-95f7-56107c371ab3,37.0,78791.0,30.0,1.0
cf160bb2-22a9-4429-bb9a-7b3e357be839,41.0,116655.0,30.0,0.0
3deabd56-9a20-4213-9a7e-d0dfed04e1f6,32.0,105899.0,35.0,0.0
703fbf8b-b85d-4e6d-989d-83e40a1a086d,24.0,73665.0,9.0,0.0
2fcaab8d-6782-49ed-9c48-327dbaa653ee,38.0,133700.0,25.0,0.0
15e6ab7d-8a71-4ec8-bfd1-c0322bed91a9,59.0,127077.0,19.0,0.0
8a5caf27-e1b4-4170-9556-7f7fd499aaf2,43.0,33465.0,8.0,1.0
01bb85c1-9d98-4317-8fc7-08bf23e8d6de,31.0,98247.0,14.0,0.0
014d78c9-9359-4483-930b-46a855a02e3a,54.0,81559.0,8.0,0.0
03d97be4-be89-4cdd-b056-d0a0a6db3a3d,38.0,55198.0,6.0,0.0
abeab8fc-ed19-4d58-8b5d-e6ba043e2e65,35.0,84740.0,25.0,0.0
596264c5-867c-43ab-a05e-c4d8b0f77739,22.0,52488.0,23.0,1.0
f77e62d6-0deb-4055-a6cd-b881f89a36b4,20.0,68515.0,11.0,1.0
77bbf413-1ce2-4320-967e-305f51e54dd8,40.0,146411.0,19.0,1.0
22208371-e18c-4120-b981-605f9dd35067,43.0,119144.0,13.0,0.0
63d2699c-2b0a-4958-8d42-598886d9cdaf,54.0,57898.0,21.0,0.0
2235bda3-bd3a-42e5-ac5e-f8c0fa8abf78,41.0,31919.0,15.0,0.0
ffa099ac-506b-495f-85f6-46b0cc5c7c06,36.0,80070.0,28.0,0.0
f22cc387-3b4c-44ba-bf3f-a56038cdab34,42.0,92613.0,31.0,0.0
fe24db9e-ffae-48de-98e2-4edcf685c901,38.0,126707.0,18.0,1.0
76b0ee7d-9724-4bb8-8198-5204ab7ca245,29.0,141777.0,34.0,1.0
2ac5583e-7ca0-43e3-b474-607d21b6adef,58.0,116135.0,31.0,1.0
0f99c8fa-addb-4785-b853-becde274b923,50.0,112501.0,19.0,0.0
c897af07-0171-4bfe-83b8-7322ef306ec1,21.0,77003.0,39.0,1.0
602cb760-afba-4262-821e-4e78082cbe5f,59.0,78478.0,19.0,1.0
0a685c68-bf67-48e8-bfec-6951f1162b6d,24.0,44434.0,7.0,0.0
e050c185-114b-42b7-9758-06792ace020f,39.0,76246.0,34.0,1.0
0d6afb18-8a6d-460a-bd8b-1ca285932fef,50.0,66649.0,12.0,0.0
2b9517cb-d27d-44c9-b3e9-bef946895a66,34.0,89030.0,5.0,0.0
ae0371fd-c3d1-4e41-aba1-c6784aa2a42a,41.0,83061.0,15.0,0.0
1ef3ff7b-beb2-47f3-b781-090dcb5a2c6b,51.0,31999.0,4.0,0.0
843b650e-906f-4ee0-b477-84ec3f4f35ca,45.0,44849.0,33.0,0.0
593f6e61-d6bd-43b8-88f3-a2d4c418b884,58.0,106439.0,5.0,1.0
402e562f-b74f-408b-ac34-5f4a14310aca,56.0,145088.0,32.0,0.0
65ac95e3-e49d-47a6-9448-3bde4ef2ccbf,39.0,143004.0,14.0,0.0
a81d30b9-5be6-40b0-976b-ee01109e05de,34.0,82800.0,14.0,1.0
4284f6a4-7b34-418b-b629-5b7947ceaa4d,51.0,35445.0,13.0,0.0
8d1e887f-de0c-4c45-aca2-94c0101154df,23.0,130932.0,38.0,0.0
a974fd63-17aa-4715-a652-9971b79c2e71,23.0,48040.0,4.0,1.0
4782af50-63c9-4271-b4c1-81eb253be154,51.0,145308.0,25.0,1.0
4ffb8616-e70c-41a7-bd27-b2c092540d05,18.0,94315.0,16.0,0.0
fad974c1-cf49-41f4-abe7-cbbe77497fe3,27.0,30246.0,15.0,1.0
bca9d536-3a59-48c8-8b6c-b72759bae39a,38.0,61153.0,34.0,0.0
5eb9334c-9618-4fc2-be39-7cc19ae490da,22.0,35212.0,37.0,1.0
532f075a-a65e-4264-a008-8e111025e2f1,19.0,33339.0,22.0,1.0
d966ebc4-7e56-46f2-8d50-a302c0b8b25c,39.0,118678.0,12.0,0.0
b4d29500-2e43-4e2d-87b5-bd757451fe3a,19.0,86238.0,32.0,0.0
b7c34047-fe0f-4c4a-a062-b66cdfbb02ce,27.0,49394.0,28.0,0.0
fed8508d-8109-42d1-9533-44e2bfaefa61,51.0,83871.0,33.0,1.0
d0ac4eeb-d113-4a0a-af3f-67e4382cabf3,33.0,130672.0,33.0,1.0
8144e51d-66a8-4643-8ad7-566d9250a207,56.0,107722.0,26.0,1.0
dec7c8d8-020a-4fdc-8ea8-3321c05cdd99,39.0,64607.0,14.0,0.0
9b2e98b5-3f47-45ae-a1a7-4bbb43c0111c,29.0,82055.0,8.0,1.0
5e3b543b-ef4f-45a2-a46f-244571f9979b,41.0,134509.0,25.0,0.0
a490714c-44fc-4834-a726-47738b8e4be2,57.0,34395.0,2.0,0.0
2f258592-2470-452e-9771-6d25d16d976d,55.0,45290.0,35.0,1.0
d9a4cff9-e31a-4a75-8879-33652ffaa072,27.0,117687.0,4.0,1.0
4f678ba7-9a7a-4c9e-aab7-da1895a713dd,52.0,95078.0,19.0,1.0
84c980b5-7346-4b74-b156-36e9d583831b,49.0,33691.0,19.0,1.0
123ca968-5bc0-4f58-bbe8-b3ef5fd95c92,24.0,37470.0,4.0,1.0
68304617-d5ea-4d8b-94e3-cfe899a0a76f,38.0,33841.0,9.0,0.0
3108e773-dc8c-417f-9a4e-bdb19e8c0445,37.0,132652.0,15.0,1.0
9e5016bc-51b5-466e-b336-ddcd83b55796,43.0,93197.0,24.0,0.0
b57a4cfc-2edb-42a8-8461-14fb9412f964,21.0,85773.0,24.0,1.0
5a928ee1-c519-4ab8-bcbe-067af77aab22,39.0,47776.0,29.0,1.0
d6710365-8617-4b4e-b4fb-81a86aa14b41,32.0,101596.0,13.0,0.0
23301cb0-fa17-40b9-8096-ba5337967f1b,57.0,148943.0,21.0,1.0
3adb54d4-7a22-492a-9f93-ce48fee909de,38.0,57584.0,27.0,1.0
4aeeb5b1-b385-424e-9a7e-54238ff3c9ba,32.0,143829.0,29.0,0.0
c3e4a54b-cbde-4f38-a574-45e6484a1fa2,39.0,34300.0,18.0,0.0
21c39e41-77a0-411f-872e-c6895e039022,45.0,33338.0,37.0,1.0
88003f1e-1d93-464f-9c7d-27018363cf4d,31.0,92601.0,19.0,1.0
18d1f040-81cc-4b29-9bf5-93986b5920bc,44.0,35487.0,34.0,1.0
374ffd9b-961e-4d8e-abb7-2d0d25fd6933,58.0,66282.0,21.0,0.0
4d8aa69a-afc9-466c-9ba9-813fd4a526ad,57.0,125065.0,14.0,1.0
2b984637-13b5-43d2-97ce-2b4b8351ff4a,45.0,145447.0,10.0,1.0
960cfc41-3194-4918-8a16-cbd89058e467,43.0,125798.0,33.0,1.0
fbaedb47-a245-440f-8929-368e74dbf381,19.0,106816.0,23.0,0.0
cc8aceb7-07e1-47f3-8be8-68155b83f709,42.0,138611.0,5.0,1.0
39418eb4-2a32-4534-8a04-d6b63fb5e694,20.0,58804.0,16.0,0.0
8d492610-6cb3-44dd-ae52-f486bc27373f,25.0,39915.0,27.0,0.0
764dda06-9eef-44ca-b521-3028bdf05796,50.0,41158.0,30.0,0.0
cebb260c-b43e-42e0-83ca-911a1bfbb2e9,59.0,104157.0,35.0,0.0
0a210be2-85c4-4e09-82b9-65f171a7f2ed,52.0,40547.0,8.0,0.0
8e8696bb-bc0b-4529-b916-ea7e63415716,23.0,118713.0,9.0,1.0
4e2f77b5-5afe-4a31-96a3-62ca1d6a1963,56.0,141789.0,20.0,0.0
2a412bf6-0b74-4bf1-90f5-8814c564b02e,40.0,32459.0,33.0,1.0
04bbc0ca-dff9-49de-952c-a8619cb51fe9,42.0,58768.0,30.0,1.0
f35500a9-c488-45ce-a764-a554af80ea39,36.0,93146.0,28.0,0.0
00b2723b-1244-43ae-af89-dd86b66744e2,22.0,133577.0,10.0,0.0
f4866c68-a7e4-428c-b195-756422b26e38,28.0,80870.0,32.0,0.0
92bf4711-126b-4482-9857-9eaf3f40950a,29.0,137761.0,0.0,0.0
9714a3b9-be95-433e-a552-0cf0ef004500,27.0,133727.0,20.0,1.0
edf9873b-df08-4d47-9499-08231668637c,25.0,80460.0,22.0,1.0
5a252dc7-1162-4a58-8ab3-8f06bf3f52fd,41.0,112970.0,8.0,0.0
26fcd6aa-51b9-4657-bb21-458a1da0b058,45.0,90817.0,0.0,0.0
4af7590f-2cad-4f19-a45e-de5ca45889b8,58.0,68247.0,20.0,1.0
c4de2cae-76e8-43e3-b69d-2b30fccb75b5,53.0,45419.0,21.0,1.0
9e889a29-5541-4ea4-aff0-12935b50f595,54.0,130553.0,3.0,0.0
ea6c0158-639c-40b7-ae9d-bd5a05e566d0,38.0,65577.0,0.0,1.0
661dbe1c-2f22-4d8d-a580-f67eed697c20,25.0,32921.0,9.0,1.0
dc2e084b-4e5f-4f1c-9875-d061b3f3c3c6,26.0,34676.0,14.0,1.0
4ac689aa-0192-4597-9726-ac4951d9ae8a,32.0,115961.0,35.0,0.0
b4a4d963-4e0b-49ef-9507-adcd7af6e331,57.0,130721.0,28.0,0.0
661dfcc8-539f-4b70-ba87-a29a4d06d307,35.0,79684.0,4.0,1.0
586ac709-d76c-4ca4-ade1-8aa7769c33d0,59.0,43463.0,28.0,0.0
d42d65a0-5c03-46f4-a910-98cc21d6f5fe,37.0,55474.0,26.0,1.0
462b14d6-8df6-47b3-8aa9-8a7208c6ff96,23.0,70935.0,24.0,1.0
7342f5cf-85d6-4d72-8c40-701c7d108a54,29.0,97005.0,15.0,0.0
2b608044-a1e4-45d5-b85a-dc145e25de79,19.0,88596.0,15.0,0.0
53a742de-73d0-4506-b798-8c05226d90f3,24.0,102828.0,35.0,1.0
1df4ef7e-ab9c-4d65-a318-650865a9708b,33.0,120945.0,24.0,0.0
65ebcbf5-545a-48c0-befa-ec798ac624ea,20.0,119062.0,0.0,0.0
5d93e39a-7044-4758-a70d-1640094d483d,20.0,85152.0,4.0,0.0
f1e33015-d13e-4420-bb2f-79b8c7f8857b,44.0,119001.0,19.0,0.0
f15da5e0-b04f-4169-9bc1-4c88cdff3fc4,57.0,126491.0,4.0,1.0
bc318d04-0cc2-4c41-b043-c62fda3daa10,55.0,122321.0,35.0,1.0
3cd03d8f-ccde-41d2-b75a-e80cae3a64d5,50.0,116569.0,28.0,0.0
ae66a032-c2e6-4246-b2d9-3a81bc1e9706,45.0,102467.0,33.0,1.0
e22923a6-c09b-4128-a749-2ed7081ee37d,18.0,82576.0,17.0,0.0
c213cc47-14a0-455e-9560-311e59684478,25.0,96627.0,1.0,0.0
4806adc5-2fe6-4b08-b634-09fe13c6d63a,54.0,55772.0,15.0,0.0
d2506692-c6fd-40c3-bee3-b456f6cfe06a,49.0,46363.0,28.0,1.0
0bcc23a5-acad-466c-84f2-5983f5959ab1,54.0,58490.0,32.0,1.0
2f1e30ea-387a-47e3-b8f1-5340aa42d2c1,21.0,89004.0,15.0,1.0
ace015ed-c088-4cb0-b12d-68e1e6495cac,47.0,83806.0,34.0,0.0
c6de56b9-5498-4ae9-bcb7-68fd80502068,23.0,30260.0,16.0,1.0
4d0549ca-1fc6-4692-968c-e9581963ffd0,36.0,105992.0,3.0,1.0
5eb0e5a1-afd2-4e7e-aefd-1d78070b4c59,49.0,52320.0,3.0,0.0
9401d8cb-4d36-4938-b3aa-8b94ee8caa3d,26.0,108971.0,24.0,0.0
463e5e7b-7282-44b7-855c-763279bce674,29.0,72145.0,32.0,0.0
9ff09a79-9fff-45df-a617-087ccb44e77a,28.0,93688.0,13.0,0.0
36788846-2aa1-4856-8899-1f8914ff48d5,33.0,78581.0,23.0,1.0
ac862d65-9da1-495f-b780-d4ef374deb3a,18.0,122561.0,10.0,1.0
7d59488c-c01c-4b60-8559-0d8b747fe33a,38.0,123645.0,24.0,0.0
03b86914-d13f-4085-bd51-f289086c6cbc,47.0,50754.0,27.0,0.0
5fa32cd2-6722-4094-861a-36fbe0e953c0,30.0,99837.0,6.0,0.0
2fde27b9-3555-4fdf-b51e-6d36528d614d,51.0,37207.0,35.0,0.0
0832746f-5fdd-4817-891b-5bad87db2a1f,21.0,57920.0,9.0,1.0
1f13ff6d-325a-47c0-8d4b-28146e80e70c,45.0,117739.0,35.0,0.0
365ac983-4d32-4609-95fb-5b7b23d8d242,55.0,144780.0,30.0,0.0
5877c02b-fd43-475b-92cd-d63d1183faab,48.0,117081.0,18.0,1.0
20e7f8de-42b8-4566-b0be-0ddaf0e0bda5,44.0,54016.0,17.0,0.0
b8c338aa-cd65-4a90-bdcc-38c9522963ac,22.0,126634.0,5.0,0.0
52930995-f3ab-43d6-8ed7-16f5f86eae9e,42.0,90522.0,27.0,0.0
96e97471-8545-4651-974e-670b1eb7d17c,20.0,104092.0,6.0,0.0
ae90d45f-ab47-415c-9820-b82f74f8eae9,50.0,84068.0,37.0,0.0
0d4407b9-e47b-40d5-953b-6ed10708ae61,21.0,142099.0,11.0,1.0
08c50e0a-3fc7-4647-b46d-518891691b89,42.0,50102.0,33.0,1.0
8fa20fdb-a3b8-4791-a389-069313ff2bfd,37.0,134429.0,24.0,1.0
c7629366-3fc0-43f0-80fe-0348d1a86b10,51.0,31924.0,16.0,1.0
24c1e15b-59f7-447c-878a-9aeebc21b7f3,43.0,115015.0,32.0,0.0
dd683fbf-123d-4888-9bd3-386b6c8de3bc,22.0,134987.0,22.0,0.0
2b9f41ae-1dcd-4b8d-a1ca-efe2bef36353,52.0,84333.0,8.0,0.0
9887f44e-35e1-48e0-a103-ab54d5b838fe,45.0,114458.0,5.0,0.0
260b2a3f-fe3e-43a7-a4ba-dd4b339212fc,46.0,114196.0,1.0,0.0
802f810c-85d2-4972-9b48-227a8351cf6f,26.0,76099.0,37.0,0.0
4680ee4a-f9a8-4e51-91ff-ecb4a8cdc564,55.0,87346.0,8.0,1.0
d5d9d830-ad5c-4442-a055-5be0576854e4,23.0,105481.0,2.0,0.0
13706cc2-41cb-4650-af1a-1bbc2d4aee03,36.0,80062.0,15.0,0.0
27fd78bd-6ecf-4bd5-b948-14ab458bdee0,28.0,30306.0,24.0,1.0
fbc060a7-ce4e-43f1-94b2-a60b2518acc2,19.0,118495.0,23.0,1.0
b74364d1-4b28-49f8-9cda-58972359f55e,26.0,99767.0,28.0,0.0
f06004e2-a165-469b-8edd-2a7bc6606fed,38.0,134332.0,39.0,1.0
4e845c0f-439f-4754-99d2-c3a03ed2ed15,41.0,42207.0,25.0,1.0
eca3a0f5-6ba8-4fca-acbb-76107e25c314,51.0,69426.0,37.0,0.0
716bf054-f8ab-427b-9d78-c0726f8961fd,39.0,36336.0,34.0,0.0
58cc009f-8c0e-4207-b6fe-d9a762a63731,20.0,142200.0,22.0,1.0
53321d77-d7bc-4d03-b5f1-a85124e12d62,29.0,105166.0,3.0,1.0
a559ca2b-4e88-48be-89a2-8501d6c8fc2d,45.0,47256.0,13.0,1.0
4bb7b29d-fb99-47e1-871c-f707209ede0f,47.0,129445.0,38.0,1.0
9863a50e-7874-4388-a507-1a4af8613862,43.0,79817.0,6.0,1.0
11370ea4-9a59-40d8-ab99-3130e14ca63a,38.0,136704.0,7.0,1.0
22ddfeb0-5ad1-47ad-9a9d-25e28b389527,45.0,63719.0,18.0,0.0
d22c886e-c11b-4583-a1bc-f5eb9dabeba3,43.0,72017.0,1.0,0.0
e83a10ac-ab88-4eb0-bfc3-de6475b332cf,50.0,75704.0,0.0,1.0
6b957377-45d2-4d0d-8b2d-f625510fd82d,38.0,60013.0,37.0,1.0
a37c045c-3041-40ad-ae4b-56410b658397,52.0,109991.0,12.0,0.0
5adbed05-7328-43dc-8ff2-2768461599c1,51.0,100258.0,23.0,1.0
0f8f752f-1265-445e-aef1-b9777f79ea13,58.0,108348.0,31.0,0.0
2f996307-cdc8-4838-b29f-38a175badf8a,35.0,125812.0,29.0,1.0
7260be36-1ae6-4ca0-8e69-1b76a9b600ec,28.0,66776.0,5.0,1.0
9ad49689-d482-4a85-968c-7d25bf08fd02,40.0,40060.0,37.0,1.0
cc6a6714-02be-4a96-9bfd-ac5be0649b5d,39.0,108592.0,32.0,1.0
eb70157c-512c-4998-bbe3-e7ef5a422880,34.0,36655.0,22.0,0.0
5704cd1b-9e67-43ef-bcbf-30027cdb0c91,22.0,118110.0,9.0,0.0
c12cf20a-10c5-46a8-991a-1c09221c1f1f,28.0,79923.0,14.0,0.0
1b5c4690-20ea-43f4-a126-0d32af35f24b,47.0,108563.0,22.0,0.0
a11f8451-44fd-4378-8bec-adb8e90f44ea,32.0,34030.0,35.0,1.0
7851eff0-2d88-43c5-adf7-07c1c928c718,44.0,119779.0,0.0,0.0
ee420cb3-ac81-4a52-bb5a-ebc62e5993fa,52.0,63289.0,7.0,0.0
b562dec8-ba01-4a67-8b2c-ec67c3abaf7d,50.0,49739.0,2.0,0.0
b7cf2017-8d2d-43f5-8883-2f1c8a06f140,37.0,129704.0,13.0,1.0
35c9b96d-32cb-478d-ad3a-9b8b93707f81,33.0,140234.0,16.0,1.0
73f898ff-9053-4eac-8d62-e12ec3b60114,51.0,91687.0,33.0,1.0
5794cc02-94d7-4f86-b390-72ac8dbf1c11,19.0,66491.0,5.0,1.0
533e217f-c2c7-407d-bb1c-4b974e6b323e,52.0,125549.0,4.0,1.0
5bc520f8-f536-433b-bce8-8d1ff5516dd7,57.0,102115.0,39.0,0.0
fafece24-e10b-42f3-8791-eed14f6bbe23,45.0,147935.0,28.0,0.0
77bf8d1b-8910-4609-b6cd-dd8086a5a3e7,56.0,113778.0,34.0,0.0
8b95bd22-7f8d-4a46-8b23-1f299b231134,23.0,34781.0,17.0,0.0
1bc53c54-c8f0-46ec-8fad-1a2946f210c3,26.0,50448.0,39.0,1.0
ed679b46-4688-414b-9c01-edfdc47401d3,37.0,141177.0,29.0,0.0
43938774-deb5-4204-879e-326f95e2c9ac,18.0,81550.0,14.0,1.0
45cd8ffb-2cbc-49d3-b012-34ce136174d7,25.0,79294.0,14.0,1.0
c78ac6fe-9e5e-482a-95ff-8a2b194ed2b7,40.0,51446.0,15.0,0.0
f047a630-0f44-47be-b34a-f154f6cdcb18,20.0,106579.0,32.0,0.0
53469763-21b2-485d-b5c1-f999a98b22c8,21.0,115389.0,9.0,0.0
8545d9dd-442f-4b97-9034-affca6050b2c,42.0,144679.0,18.0,0.0
9101c457-aa65-4e66-9394-625c3f581cc7,55.0,115615.0,36.0,0.0
b0365d05-0a81-4d7c-8a2c-24e7e68251e5,32.0,47101.0,2.0,1.0
7e690a6c-b00f-4fd4-be4a-5524c96213e2,38.0,96178.0,35.0,0.0
52c0676d-9cf4-4868-afce-945502a25c77,52.0,58016.0,3.0,1.0
f5327e8b-7b4f-4cf3-8a34-3747aa70d1a1,31.0,48932.0,10.0,1.0
a1be7fc0-2843-411f-ac7f-dbc3c1c4a2f5,53.0,74653.0,32.0,0.0
ed67197e-ec67-4478-9907-b4ff39ee50c1,29.0,120481.0,27.0,1.0
700b8fd7-9b27-4633-b6dc-6685a0daf155,34.0,82802.0,31.0,1.0
4053741d-8345-4191-ad56-1a4d42dfc4d2,56.0,37549.0,15.0,1.0
38b6081f-8ffc-47a3-ae57-062e4fdd180b,26.0,108933.0,8.0,1.0
c083291f-3252-4b01-bba9-d9d186f7593d,52.0,55362.0,10.0,1.0
39edda4a-728a-4ff8-9519-2282ea802bd9,30.0,77842.0,5.0,0.0
5a4fa6ff-5c97-4be3-bef6-3ca563e15dd8,32.0,76539.0,26.0,0.0
c1c4ae9e-e629-4781-94b1-4d65852dab69,35.0,63717.0,11.0,0.0
40b2d3fb-ddc4-4567-925d-3c7ae7b50f01,50.0,84596.0,21.0,1.0
5c7753b7-69b4-4559-919b-73364ebb0cc6,23.0,145209.0,39.0,1.0
1189e1ed-5743-40e2-8296-70e9bab3e453,44.0,53016.0,36.0,0.0
62fc89a2-c8d5-4dc2-a659-fc92ae06cf43,40.0,85200.0,20.0,1.0
fde88b26-c416-4c1a-907e-7f2ba567d9da,44.0,110268.0,32.0,1.0
5a866ace-ac68-4837-b85d-d6dd79ebcc83,51.0,90287.0,16.0,1.0
b2053a6a-68a0-4378-af63-b5dbb7cce7fa,55.0,145042.0,28.0,1.0
84e4cf7b-eec6-46e1-80a2-fbc0fe4a8f9e,31.0,122447.0,39.0,1.0
90e71eb0-2f58-42a3-8e6b-5e97e0045ca1,53.0,113402.0,9.0,0.0
bc6bb4ef-231d-4d79-8acd-0ee1a19cd41a,25.0,72607.0,17.0,0.0
fc9a3359-8ef4-4392-a48f-95fcccee302d,52.0,57621.0,12.0,1.0
b73f06c2-9ef3-4857-955a-682702f4cfa1,36.0,42823.0,26.0,0.0
2855b1aa-83e2-446d-beef-2aa92c831ade,47.0,59986.0,9.0,0.0
b1ce12f6-0a10-48dd-b36f-1470e5af20c7,31.0,94325.0,31.0,1.0
db3a5b27-f340-4692-9adc-936962077545,37.0,146903.0,2.0,0.0
f6d00a76-6e9f-49a3-a198-b682de3c6d34,42.0,149404.0,21.0,0.0
34d1e263-d8c3-4b95-b022-68722a277f5b,57.0,87771.0,26.0,1.0
e36c1f8f-0d83-446b-aa07-6983e72662ce,41.0,84973.0,2.0,0.0
1007ff0e-8b71-48a4-9083-801f0989524c,31.0,147225.0,32.0,1.0
80e74d87-b9c1-444c-ad16-25f9cec5a951,43.0,44690.0,1.0,0.0
4c542453-6cf1-4847-a4ac-32a5f77be5d8,55.0,69107.0,10.0,0.0
c309cffd-1112-4969-8dd4-28157c7e7d1c,40.0,87888.0,9.0,0.0
b6ef6a47-7498-40f1-9116-39f6bcf22dba,39.0,40956.0,38.0,0.0
c441582d-fcfb-4290-b72a-ded5203d023c,36.0,116839.0,32.0,1.0
83c6aba2-a945-4d63-b407-0baf1ecd5411,20.0,86227.0,6.0,1.0
0b6f4424-9a65-4740-a914-10da08074d28,59.0,66533.0,14.0,0.0
e875a2d6-1d99-49ea-af96-95ac05f94ad9,36.0,125210.0,25.0,1.0
db1888cb-6d8e-402e-b265-f4493fdff170,26.0,86234.0,10.0,1.0
b0298f4b-c130-43d5-8afc-c71ee45c5695,45.0,131131.0,37.0,0.0
41f0b3c7-0787-41ae-8b1d-b9e7cc05728a,37.0,97594.0,26.0,0.0
1e557f10-1a7d-4bb0-b4cf-a96d34f7171b,24.0,86901.0,38.0,1.0
09dfa8e0-0245-4140-9ad9-e2366f7dc9fc,31.0,41519.0,6.0,1.0
43b17ed0-ad0c-4cb7-89e5-c2e6289e66de,26.0,61115.0,0.0,1.0
c39a5920-db5e-4b87-9924-5c2f9e20ca10,36.0,96266.0,9.0,1.0
416c0c91-9b8b-4f58-b42f-8cf4ff230bde,31.0,31832.0,20.0,0.0
1ed0eb07-6b92-4c82-b5fb-7288358bb5cc,55.0,71368.0,14.0,1.0
0df582d1-8059-4be5-850e-e7da7f5095aa,53.0,118425.0,29.0,1.0
7e15c986-1d26-4d09-a1db-94a5681d105a,57.0,143922.0,29.0,1.0
d60d3d7b-8234-4e5a-a7ac-53934f6e6e94,34.0,135474.0,7.0,0.0
7119ebfe-e844-4987-9493-67afc4fc90b7,47.0,99715.0,23.0,1.0
f221015c-ceec-4b54-94bf-7ea2074b3b7a,26.0,101835.0,18.0,1.0
ab83f7d2-95a5-4860-be6d-b5a04e82ef76,50.0,103366.0,2.0,0.0
14776d38-2c6b-4dcc-88fe-40a1e2a33dd7,42.0,139743.0,14.0,0.0
5fc1246b-23f7-4098-a9f6-1d54d4c63c4e,31.0,67570.0,35.0,1.0
cbd65e10-733b-440b-b2da-80777e19cbbe,28.0,117977.0,5.0,0.0
1c07edae-d993-451b-8323-f6d015b1e030,52.0,36615.0,17.0,1.0
b7d0b4bc-1c7b-41c1-982e-e81f78033b12,58.0,102298.0,37.0,1.0
51bbec92-01fc-47b9-b020-7c780c900b37,31.0,68311.0,18.0,0.0
9078ee3a-be53-4059-9150-e2f7284e6cd4,47.0,120245.0,29.0,0.0
6b403d9c-e41d-4810-8c95-62a03f479a56,58.0,133187.0,12.0,0.0
36b5d3fc-cd7d-442d-bdda-ed110bacddef,21.0,53434.0,38.0,1.0
80ebb23c-2579-4a3f-bf0f-1eedfa29d83c,21.0,116879.0,11.0,0.0
686f2f03-8970-467b-9126-43880669e84e,45.0,45739.0,33.0,1.0
5edb617f-41db-4a6a-9d1e-6ee4270a4d55,25.0,96202.0,11.0,0.0
e99b41e1-0d7b-4d03-b349-481b7f780ffa,19.0,128580.0,23.0,1.0
3cf72dbd-686c-4ba1-b2e1-3c83d907c542,58.0,123419.0,3.0,1.0
58426611-4664-4055-8afb-f555ba1be126,39.0,109599.0,35.0,0.0
1abc3c94-1645-469b-a62f-c851f97e05cf,58.0,63649.0,13.0,0.0
80e40976-5a3b-4ff7-9a05-3ca322e3fd99,33.0,130364.0,16.0,1.0
8bc1ff8d-933b-4a92-8586-60c5caae7a9d,46.0,77445.0,2.0,0.0
4d73ac03-7564-4de7-85c7-7cae00601708,47.0,146770.0,37.0,0.0
eb08ae59-d44a-472c-92e6-e7c121f2c78f,29.0,69470.0,22.0,0.0
53e109e2-964e-4d2c-938b-8445b98c0d40,52.0,104965.0,12.0,0.0
9e5af6ae-5630-4aa4-b567-53c788807e26,28.0,78621.0,8.0,0.0
3c7559b0-cd50-49d4-b2c2-ef0df0db6657,38.0,62926.0,20.0,0.0
872b26ae-4cc7-46c5-b2be-6d17ad58b73e,38.0,144300.0,7.0,0.0
1fa34506-b6d9-4099-9882-0ab5e8c3b16c,22.0,67997.0,16.0,1.0
98e49f0a-92df-4e7d-99cb-c363cc4c43d2,37.0,89940.0,15.0,0.0
c3f6e6e6-c42c-4d66-80ff-769025746b4c,54.0,70724.0,15.0,1.0
db0a80ab-ed49-4aea-b97d-a00dde1b0aef,20.0,127805.0,27.0,0.0
0aac844d-483d-48fa-8c51-1714bd6ea493,50.0,61704.0,15.0,1.0
82256271-6d9a-4a12-a09c-058e32f4bebf,26.0,58391.0,13.0,1.0
2afb0c01-4ecc-4ede-b558-78560546311f,26.0,93291.0,37.0,0.0
48f61e9a-6fbb-4a31-9cd4-34065c588c8b,21.0,119723.0,19.0,0.0
2972166a-44ce-4d05-b5ca-994d8b2534fe,52.0,140870.0,33.0,0.0
a50169ac-7d75-47e1-a9e1-982461f34f3f,34.0,32526.0,28.0,0.0
aba19633-ac44-43ba-b37a-9b0a1d60da42,51.0,54686.0,2.0,1.0
8abdebb1-b9d9-4c90-8148-c60114dcd614,41.0,103339.0,9.0,1.0
bee0848a-12b4-4d9d-8d0d-0ca6305f00d8,49.0,128204.0,19.0,0.0
84124d58-eb75-478e-84d1-916404e5f852,18.0,36574.0,1.0,1.0
0c8741cd-79c3-477d-94c1-9f68e6644dc6,25.0,38733.0,26.0,0.0
5d158701-1743-48f1-85c1-40f9e2be85cf,40.0,80290.0,31.0,1.0
6b272316-17df-4b36-8ff8-6f35b7cbccae,57.0,102793.0,9.0,0.0
39ef84ce-b4fb-4df2-b40b-7f7b9a353932,29.0,66051.0,39.0,1.0
64cac0f4-d780-41df-89bb-ae70e4686f35,29.0,45909.0,16.0,0.0
983c4fd8-b7c9-4565-86c2-457448cec141,32.0,119682.0,32.0,1.0
c3854be0-cbf3-4f0c-98f7-1eb48fcce0fd,58.0,107338.0,5.0,0.0
710e165e-959d-41a4-a7b6-6b78f28f8346,36.0,103432.0,38.0,0.0
199bc06e-15bd-4635-b4e4-717b0ca357b7,43.0,58133.0,17.0,1.0
3f5f4619-a46d-4ff4-8a59-a4a8bc856b5d,46.0,81571.0,8.0,1.0
c9509542-f5fa-4ee7-adfd-c3470166e9b8,39.0,109062.0,7.0,1.0
79e3df26-0e06-4c90-8192-bf6a03ee9fa6,57.0,80908.0,24.0,1.0
a9f193f6-688d-4084-9875-edcd3b918164,38.0,41278.0,30.0,1.0
3bffd203-2b58-455b-ace2-badb5bc0fca0,55.0,141546.0,3.0,0.0
c741a41d-47b5-4a81-9490-393c64bf4344,37.0,81458.0,19.0,1.0
9c08b753-1ae0-46de-a5b1-250a19e051ba,46.0,94265.0,27.0,1.0
f9d4749e-0267-4119-a957-ce450877e969,21.0,86782.0,39.0,1.0
687ba1a5-53ce-4905-82ad-4e4fc0eb64d6,24.0,85415.0,0.0,1.0
d3115ee1-7d44-4218-95df-c6eae3fe1558,45.0,121087.0,39.0,0.0
106f107c-b714-4f86-9c13-eda07e2c64ac,45.0,84160.0,22.0,0.0
b559ba1c-bf38-42ea-83f0-67d85dd0990c,21.0,84399.0,12.0,0.0
21fb2688-8074-44e7-affe-17521b19a738,39.0,55298.0,15.0,0.0
2ea083a5-e1ac-438d-8c11-5f1711653bc7,29.0,130874.0,25.0,1.0
5d835319-79b5-41b6-a29f-0fad8f365131,20.0,52191.0,30.0,0.0
d799ca75-1029-4ef6-9faa-9e2db2ca0070,39.0,86964.0,0.0,0.0
d553108b-23e3-4032-806c-fee90197f47d,19.0,63092.0,16.0,1.0
46b2133c-6887-4205-af2e-dc4b6d3c7cc6,41.0,119407.0,15.0,1.0
aaaa13f0-dfef-485f-901f-df5cec0f12cb,51.0,105257.0,36.0,1.0
aabf0511-e401-4fed-9ca0-2403d2998732,44.0,133949.0,9.0,1.0
01b3a088-cb15-468e-8d07-13e340eab70f,58.0,92513.0,37.0,1.0
b6887b1e-a01c-4548-87fa-5d3d27887aee,18.0,81097.0,30.0,1.0
b31664e1-3fde-4946-8693-a25f6fd3233b,25.0,60279.0,9.0,0.0
824282f9-3b85-4a7e-af74-4b5eab6d1eac,40.0,44404.0,33.0,0.0
134c4521-7508-4aae-a5bd-d1c0180258c3,55.0,100022.0,5.0,1.0
9d51939e-34c0-4a2c-816c-368c6dd5ad86,23.0,65198.0,27.0,0.0
3989e342-ce2f-4e29-a9ec-330b342ae7fb,39.0,124223.0,27.0,1.0
a2341e62-bee9-4c78-b911-c7614e214750,42.0,148198.0,12.0,1.0
07e043a0-81f9-4cbb-8807-f18b79d49bfb,35.0,79997.0,11.0,0.0
4adfd981-0ee7-4f3b-b825-602c9d65473d,34.0,108692.0,39.0,0.0
f7945e27-6e00-43c6-8fbf-f9c8ea30b943,29.0,30567.0,1.0,0.0
4f75e2fa-ac72-456a-b70e-a049053a93ad,23.0,91032.0,7.0,0.0
7d027c86-f9df-41e9-8cd2-c670de0782e5,43.0,32179.0,8.0,0.0
7ddd7c5e-d320-406e-a3d5-a924d859ac21,44.0,32019.0,7.0,1.0
46287e93-5f7c-4a57-ad2b-2a372cade5d0,25.0,111455.0,2.0,0.0
2774a996-7798-4530-af3e-e5bb26cce66d,36.0,115239.0,8.0,0.0
03f2011c-adff-4018-a8d3-bc0c82ea0d3e,59.0,48704.0,12.0,1.0
4684a0ff-0c4c-4ecf-9c31-1c1490b621a7,18.0,48030.0,8.0,0.0
d9dd25c3-050d-4ebc-83e8-c41f29e1485c,46.0,99445.0,30.0,0.0
76ca3ec6-91fa-4d50-9543-1bf86c522ff8,52.0,103551.0,24.0,0.0
31c5b95d-424a-410a-aefa-7686a40fb0d2,57.0,33420.0,7.0,0.0
65e8a714-5ace-438c-901f-397101cde975,31.0,89875.0,30.0,0.0
1eef81b7-59c7-4290-b7d5-bce3afdbf76b,52.0,77653.0,30.0,1.0
9378dfc7-7980-40f9-a003-85f2c3a7db9c,37.0,46740.0,16.0,0.0
b10d8f39-bc6a-4efb-8a80-3304cb520f51,30.0,95263.0,18.0,0.0
b5907160-773d-4265-8253-a4c6dd76d553,55.0,135789.0,2.0,1.0
9c63987d-d8c3-43d3-9d57-4a77bbd8577a,25.0,125864.0,29.0,0.0
f22f5aa0-3af9-4648-afc3-fe89c1e2c811,37.0,94559.0,9.0,1.0
4cec4ab2-2118-479b-a43e-60874455bb03,50.0,49465.0,28.0,1.0
eb0b57ac-4c7f-481e-aa97-5fd3f5e6313c,43.0,81432.0,39.0,1.0
2aa5e920-9b5b-406e-96d2-c1e9471bd77a,56.0,34131.0,17.0,0.0
9b2929a7-0b06-4bd9-9409-95773d7bf2fc,38.0,40652.0,11.0,0.0
ea93752c-7623-4715-ba8d-76c2a556c44c,59.0,94973.0,22.0,0.0
77d9cecf-e092-4fd3-a428-0da1189f2870,58.0,117043.0,10.0,0.0
d47d40da-65f6-4fbb-a730-386227eb7ca9,26.0,77147.0,8.0,1.0
da3ea05e-c3cf-4795-a16c-875070f6b6dd,41.0,77671.0,23.0,1.0
ecb4bd84-0a91-449c-a2d4-c43aec378e50,54.0,144217.0,24.0,1.0
361b2666-ad29-4ccf-bbdd-a559cf80aad1,58.0,119342.0,24.0,0.0
97db14aa-f355-417c-a40e-f778c2e63c5d,34.0,49171.0,8.0,1.0
90a5c763-c4b5-4d16-b4a5-0fab1ee1bfe2,41.0,116129.0,11.0,0.0
53df25a0-cb99-479b-bfae-56357dab4a2c,38.0,85692.0,10.0,1.0
1c7e60fc-1b7b-48ea-b100-5404ec87166a,56.0,88541.0,37.0,1.0
45039bb1-781d-4452-9de6-e4119beef501,58.0,39470.0,27.0,1.0
d52494aa-c1fd-41c0-98cd-8efda25e4375,56.0,145153.0,7.0,0.0
af2ef303-c651-48f1-a45a-797323bddfcd,30.0,91344.0,9.0,1.0
8beb58bb-ff2f-4dc8-91b8-8674a95108d6,28.0,74308.0,24.0,1.0
37893bdc-a647-4cad-9847-5c1635714e6c,36.0,80639.0,35.0,0.0
9c29ab43-a648-4af5-8b9c-b4e065097393,28.0,51326.0,8.0,1.0
53c82a75-4baf-49c5-b0c5-6f03a71009d9,30.0,34597.0,7.0,1.0
6086f947-0076-4607-833c-90db043576eb,18.0,132840.0,2.0,0.0
d6b1c743-8a18-4d52-848f-a0b52529bb15,57.0,60788.0,17.0,0.0
6f627051-a5bd-497f-9816-46d1fa133268,36.0,95020.0,34.0,0.0
cb872f1d-d204-4efd-ac8b-95bb40a17504,29.0,79477.0,16.0,0.0
fb3271b5-cc00-448d-a4ec-a48b895f16b3,25.0,138261.0,35.0,1.0
ce577baa-b8ea-4c59-847e-60cc619ab07b,25.0,132466.0,27.0,1.0
2c8cd3f0-e2d2-4255-a9a5-2a5772636650,29.0,63071.0,14.0,0.0
5f2b5469-cae5-4400-9f70-b1b0d3e5913b,50.0,100603.0,18.0,1.0
775438b4-80d6-404d-aedf-4552bf375ab9,43.0,91923.0,21.0,1.0
274443f7-3568-4061-84e5-05b89759be3e,56.0,100560.0,5.0,0.0
8de8b8f5-8c0f-40e7-adb7-3e237f93a471,45.0,103251.0,6.0,1.0
7b6140be-827a-428b-b4de-a39aee1af3e2,22.0,87492.0,8.0,1.0
b12a6237-bb97-4a52-8423-9fc28ea7e67e,25.0,61770.0,19.0,1.0
c63c32dc-9a61-4b21-827f-6fc85293b14b,42.0,106762.0,36.0,0.0
67d213c0-7f75-4bf6-953a-8b32c2d45213,44.0,65399.0,10.0,1.0
41676cb6-b55f-4ea5-bf4d-da20d8ad8e2f,40.0,108948.0,1.0,1.0
d95780e0-e88f-43a0-b8fd-0286e7b4a847,47.0,143341.0,21.0,1.0
b5690fb6-6b4c-4c12-8b64-0184dba832e9,40.0,87439.0,35.0,0.0
b829234a-1dd4-4f30-b84a-ca94e799709f,37.0,74415.0,4.0,0.0
7f0bdd09-ca4c-40e2-9b4e-13f3533f3add,35.0,42569.0,6.0,1.0
302d37e1-12c7-45e2-90f9-e12382c3b0e8,35.0,32369.0,5.0,1.0
ef3b7ad6-186c-4641-a661-bd52b66ca4e3,19.0,139963.0,21.0,0.0
4798f7b9-7dae-43dc-bf50-d58c38821d44,21.0,127557.0,9.0,0.0
41693f33-052d-4617-abcb-ebe36dbd409e,47.0,30528.0,39.0,0.0
e52fc104-2012-4171-9364-da244b8d013e,50.0,138806.0,19.0,0.0
38e71f9a-214c-4475-a217-e418eda48d80,53.0,60314.0,27.0,1.0
5ad5ba79-d95b-4fd7-b718-2269a0d6f0db,35.0,132979.0,22.0,0.0
343f16f6-c0ed-40f2-bf76-68da883014db,54.0,48047.0,34.0,0.0
34f182a6-821e-435b-8a90-f6661cb59ff3,36.0,49748.0,0.0,0.0
5a72ad98-c09e-4e56-84c8-5386d903e5b0,45.0,65109.0,28.0,0.0
5444dfed-6175-4b22-ad14-38e048d00758,57.0,43919.0,8.0,1.0
f82fdd0c-4692-4a95-b85a-816776a9a047,37.0,77498.0,8.0,1.0
1d452f24-3dbb-48fa-b148-815dffe7caae,50.0,85808.0,21.0,1.0
ae1e0a1a-9f9b-4ded-a552-6686ec41a178,29.0,110792.0,1.0,1.0
950cc5ad-eabc-4b2d-b61c-6931c2f81478,32.0,100441.0,15.0,0.0
c2ad2717-02fe-44ac-9cb7-3fe3cea4d1db,58.0,143843.0,39.0,1.0
7e1cc692-e3c1-4aba-b8fe-07dfa8da3b69,56.0,143559.0,5.0,1.0
35eb31f0-c708-4b05-b7d5-8ac0874217ef,19.0,104420.0,12.0,0.0
80063122-5679-4a6a-bf3a-6c2a03fcbe70,46.0,58906.0,32.0,1.0
29322712-d0e8-47a9-9c7f-304ee7124f81,58.0,137447.0,18.0,1.0
d2a91adf-496b-4bb5-846a-1f852083e78e,27.0,101486.0,14.0,1.0
3ddcc0bd-973f-4893-a311-8251a36dbbb6,19.0,96896.0,32.0,0.0
9d0eed19-6f77-425f-b6d9-c21f47319025,28.0,133431.0,9.0,0.0
f28048ca-8305-4f1a-ae18-6f6d94eea562,30.0,51946.0,0.0,0.0
1d12b3e5-8d93-4d80-882a-0b516249510f,27.0,77020.0,11.0,1.0
fe95004e-442e-43a0-9e69-8e9e294e3917,31.0,104266.0,28.0,0.0
7d2cc4b7-bdbb-458a-beba-051ad8368336,35.0,52161.0,16.0,0.0
cd0ea86c-6323-43d0-ba39-ef4a792adb1b,26.0,57738.0,3.0,1.0
ae1e9a4c-9a13-4f1c-b815-3ede0a8736b2,56.0,33925.0,28.0,0.0
6407af5f-4181-4d4b-9a05-febf783723e2,45.0,38463.0,6.0,1.0
9504eb26-5361-4628-81ff-75dd2249f0fd,20.0,87153.0,12.0,1.0
135186e2-5264-4205-a1e4-a986a6967998,37.0,112948.0,4.0,0.0
4e7d7d5c-239e-448b-8940-85f2eec83077,23.0,91009.0,5.0,1.0
99f8e133-41a9-4366-9802-0e096db1970b,44.0,117938.0,33.0,1.0
735cbb8e-7a02-4635-b410-5f4a55db7208,19.0,129546.0,6.0,1.0
1d83d801-40e4-423e-bace-2e68966a71db,46.0,121253.0,27.0,0.0
e95dcc47-9155-4db5-a571-e4f08e160b4d,55.0,71552.0,9.0,1.0
5c225328-00d1-4443-9ff1-67144ac6b28e,20.0,86271.0,3.0,0.0
16231d57-6fbf-4077-8a31-571cf0583e38,33.0,39797.0,2.0,0.0
ffa15b0b-24b0-49b8-b853-50ec4661b828,47.0,116130.0,24.0,1.0
1e8f980a-fd73-48b9-9946-ca9ae778c47c,57.0,101942.0,22.0,1.0
bfda8af3-7d9f-47d8-97d9-e83c1ced7499,19.0,148065.0,26.0,1.0
1b42816a-817e-44ed-b402-1e6143191dce,34.0,43965.0,13.0,1.0
20637e99-e23a-4237-bc03-3ce9088f7f64,58.0,43733.0,37.0,1.0
32be71d5-e181-404c-98e8-0a91aeb32bd0,29.0,83223.0,31.0,0.0
4d674942-e4e3-4784-ad05-8a1421153930,52.0,56926.0,22.0,0.0
69100050-38c3-4799-a6a5-4d4e840f29f0,18.0,58783.0,39.0,1.0
d9f052b3-7fb1-4605-8e5f-ec0de6cfc1ea,32.0,113360.0,36.0,0.0
f518b965-f02b-402f-9ac4-3b304d530066,43.0,66394.0,2.0,0.0
81fb6ebe-8cc1-4254-bd01-5fc76cd3c721,54.0,138378.0,34.0,0.0
77dd8623-ffa6-403c-ab4c-04f6bbf9531a,38.0,94796.0,12.0,1.0
2da55aaf-7ad6-4984-988d-90c77ab549c1,48.0,58287.0,33.0,0.0
6960afd1-d875-4f64-81c3-fa1819e92cd0,42.0,112104.0,23.0,0.0
594e5820-1a3a-409d-8dce-57314e81e4a9,40.0,60436.0,0.0,0.0
744351b0-d64a-47ee-8fde-f4fe15481806,41.0,116916.0,11.0,1.0
759a589b-6154-4f76-9a3e-95c42febd790,55.0,120332.0,7.0,0.0
7b331ff8-a268-4a5d-946f-41a806928276,45.0,103567.0,18.0,1.0
377509e9-dfde-4a82-8dd6-91c89606110d,38.0,117483.0,8.0,0.0
681dfcff-46ca-483a-b748-be6b61da8a89,35.0,33188.0,27.0,1.0
6f746a4f-97fd-4020-8949-b1eeafe03ed3,53.0,121205.0,13.0,0.0
85668539-7f01-4887-adc8-474a1316fdf2,52.0,131249.0,26.0,1.0
ba7c6cae-c33f-4c4c-8d22-a390559600b9,26.0,127349.0,17.0,0.0
d3659fdd-034d-40d7-99d3-d2b00c42bcf9,55.0,36765.0,5.0,1.0
cb77eb88-861f-4f0b-8027-6d2ed352f286,47.0,81626.0,32.0,1.0
2925d38e-2786-4936-b4fa-3fe8b990de1d,51.0,118707.0,36.0,0.0
b3a0f8ad-b58c-4f79-be9b-b344a0d23c3d,49.0,40807.0,24.0,0.0
19c12653-b483-4abd-8176-571ac6798edd,20.0,40204.0,12.0,1.0
6de32627-784a-44da-804f-7b7629151444,20.0,122602.0,22.0,1.0
1faf9ba4-9b56-4606-a50b-98a548283d86,45.0,87944.0,35.0,0.0
5a93433d-2e99-44b7-b9a4-11700e25faea,32.0,72120.0,32.0,1.0
d5456dbf-592f-450d-bea5-1b05183bb3fc,58.0,132903.0,20.0,0.0
6631e588-a65c-4356-8bb8-56b50f3bb359,40.0,52658.0,33.0,0.0
8a59c073-dfe8-4260-9eef-156e1996672f,57.0,67081.0,35.0,1.0
0b00942e-81f4-41a8-bfb8-cbe000dd2ecf,28.0,64986.0,16.0,0.0
386c62a3-b3a2-4a31-8621-cd1bed806d9a,49.0,109322.0,9.0,1.0
59785012-0d4e-499c-8331-0a40280669b2,53.0,124819.0,22.0,0.0
0b744b0b-e971-453d-98fa-30484b14d4c4,50.0,80304.0,1.0,0.0
931eda29-ccf4-4b67-9bcf-399a7423b94e,41.0,95592.0,34.0,0.0
99de6777-e3cb-44cb-b6ca-3458585da842,56.0,88548.0,13.0,0.0
7a6bd273-8562-402f-854b-2d7087d21699,51.0,140837.0,1.0,0.0
ff83ff7a-755d-4607-9d29-a5041df79d01,45.0,128447.0,18.0,0.0
eba5122b-665b-4995-a61b-497bb81a2d93,54.0,69986.0,15.0,0.0
0f0311aa-9f2d-4721-acf0-50cc3af4ae67,24.0,104095.0,24.0,0.0
811e2d2f-3034-451a-8ec3-be2bb92b84c6,21.0,121594.0,0.0,0.0
537e3e45-7f7c-43a8-8a8d-72352d0f6fa2,54.0,118281.0,1.0,0.0
1a3bb7c5-49c8-404e-bf4c-11a1c52442ba,18.0,96151.0,26.0,0.0
dc3679c9-d324-4d9c-a297-470be4881eef,18.0,103598.0,1.0,0.0
ee2e87d3-b4ed-4c9a-8ba0-b5d7842676ac,37.0,58214.0,29.0,1.0
98b7e479-2352-4403-9da6-bf49192bf7ae,36.0,139824.0,9.0,1.0
f7593f70-9e5d-4f31-a376-b62aa7937ff1,46.0,68745.0,18.0,0.0
adc877c3-63d7-41a9-88f1-6c7489b62f7a,27.0,139723.0,15.0,0.0
21dc8f77-a4d9-485f-8b7b-b67da03fc4d2,35.0,72548.0,12.0,1.0
c0020268-4f5c-4a5f-afa5-2d21f8698973,45.0,40681.0,7.0,0.0
5fd36cd6-d36d-42ea-917d-bb6269ac7446,52.0,36984.0,30.0,0.0
10f3c5ec-cbd5-49ab-b623-8f83dabd7497,48.0,57579.0,24.0,0.0
41a26840-cbc8-4412-bd54-c69e8c05a06a,44.0,120810.0,38.0,1.0
1c33bef1-0b51-4236-bf3d-020861e24f65,28.0,133275.0,20.0,0.0
0306c527-40b4-4876-8170-9a6a93a071a9,55.0,84933.0,37.0,1.0
5362f3e4-9fca-4dac-b5c9-062778177695,22.0,57399.0,28.0,1.0
4ee06c39-88c7-481f-af55-d31cd67bf637,25.0,61481.0,5.0,0.0
4d482116-41bc-49f1-8e70-b372d22d7915,51.0,30944.0,17.0,1.0
b77f8033-2fb1-4f9d-a71e-5a0da07c4476,29.0,123993.0,34.0,1.0
aef0f4ec-92fe-4bc3-af2c-1ccc00772f10,55.0,39114.0,26.0,1.0
47ca99b9-22e5-4a3f-9079-ab82b2b298af,18.0,69846.0,4.0,0.0
37a67dcb-bbf6-4104-a28a-05984b46cbc6,48.0,113666.0,6.0,0.0
72522b42-c009-4f51-8986-62c9cb2a7697,21.0,107848.0,9.0,1.0
8c655a66-b20c-4f3c-bbb9-f2b00da13464,22.0,62596.0,9.0,0.0
1e4fdae2-fda9-47d6-af5f-420539fe014d,47.0,134087.0,27.0,1.0
07e08123-6a1f-47fd-8ff9-d033f30ce37b,41.0,105287.0,35.0,0.0
d5cefa8b-2f5a-429c-9f37-9c45c7fc4a1a,20.0,36907.0,9.0,0.0
3cddf19f-c95b-4743-b2a3-91005493c66f,28.0,58114.0,34.0,1.0
264586ad-32be-4d72-b5fb-b301f331aefc,21.0,55009.0,34.0,0.0
ca95b4ed-4c63-4e63-ac43-9faac3c80c46,43.0,114846.0,36.0,1.0
f0b59419-867e-43ab-a33d-b619db680656,44.0,80241.0,19.0,0.0
a52e9dc7-95db-4dd5-ad64-caaa12e1699b,44.0,65725.0,12.0,1.0
ac5e0994-a7f7-411b-95fe-ddfcbc5af2a3,59.0,48996.0,10.0,0.0
9afb8b4a-ee4a-4adc-8e2a-1bb900ae43d2,23.0,36047.0,18.0,1.0
2df6831c-8ab6-4212-ac5f-845f89dfacb6,32.0,134553.0,27.0,0.0
a00add4e-0b69-4e32-b94b-e05c3b380b1c,47.0,58767.0,37.0,0.0
0992d729-c63b-401f-b341-982ece9137c4,59.0,46347.0,3.0,1.0
8b68a16c-4cdf-404d-b83b-e353bac21c15,54.0,132063.0,36.0,0.0
b43f56f1-e805-47c8-9ed6-a69dd8f97910,54.0,54102.0,18.0,1.0
eab05e5c-1ab1-4dfe-80fd-3278ffc92e44,59.0,34263.0,36.0,0.0
b2c270c9-1163-416e-9565-2a5ee02d4919,54.0,138585.0,13.0,1.0
777271cd-801d-4815-b229-54e6ca041d7a,52.0,97438.0,30.0,1.0
f0155f9f-4aea-4937-a0d8-4ef174a55a5d,40.0,126359.0,27.0,1.0
211802e7-ca91-4ba1-8281-e6a875af2334,23.0,60540.0,35.0,1.0
5e85a753-c68f-4097-9931-0576558ed5bf,21.0,130871.0,37.0,1.0
d79270d7-b7bc-4212-add2-519d18ee5a25,35.0,105726.0,18.0,1.0
5ca9a6ca-4cfd-4c6c-80dd-024ad1905fa1,26.0,93769.0,0.0,1.0
2b257707-4913-4cf7-8a4c-8ada492bc248,46.0,70843.0,22.0,1.0
cd1afdd4-eb32-4e49-8cfc-df3ad3d85c83,30.0,57690.0,27.0,0.0
a134a629-6fee-4190-b5ee-e33e9ac236f7,34.0,32994.0,3.0,0.0
5c7e8c68-7eb4-4505-87e0-0dc17dab006c,49.0,133533.0,17.0,0.0
21a625b5-32f3-4e7d-9dc7-57c0e2e98543,39.0,97546.0,38.0,0.0
44b718b3-ff99-49b4-a555-ba09cd5f38b0,21.0,37377.0,24.0,1.0
5979e684-83de-4555-bdb8-4092b579c9dc,22.0,108572.0,17.0,1.0
2475d644-0f30-4bda-9b00-32405ff48b40,54.0,56467.0,5.0,0.0
0e8514dc-4443-47e9-9adf-6eb8b7487e7f,58.0,145518.0,18.0,0.0
4010c576-f4ca-471c-a05a-95506fbea8cc,30.0,30048.0,11.0,1.0
fb058247-056b-4058-a2ae-baedc9eac7c2,51.0,66978.0,24.0,0.0
ad9ce214-f977-4a72-98da-41a767edd6e6,39.0,145866.0,34.0,1.0
087d3da0-1a95-4f38-88dc-5fe4853dc1ce,40.0,77606.0,0.0,0.0
97d83e71-b77f-4b8d-83e8-92069a3dcc45,20.0,111574.0,4.0,1.0
f2e99f7d-f1bd-4295-8e54-c65cd6a67659,59.0,128112.0,0.0,1.0
94ec0b2c-a260-458e-bc1b-b5767ba1d834,51.0,103414.0,7.0,0.0
4ed5ed19-086b-4187-a669-fda2de24ad7a,49.0,123145.0,38.0,0.0
ede6b104-0083-40e0-af1c-d75bd783425c,38.0,79222.0,17.0,1.0
2574d937-7eb9-4bd1-b845-d54d56b3e319,38.0,78115.0,8.0,0.0
d3a2f447-fcca-40ec-b980-184a5b3dbafb,28.0,119606.0,4.0,0.0
3ca306ae-fea1-4038-a1ac-26284c184042,56.0,70647.0,3.0,1.0
457b21a3-81c5-477f-954d-bf1ae8e847cb,21.0,84607.0,28.0,0.0
23ebfe80-83b4-41e8-b9c1-67ef9b1b165a,18.0,87410.0,0.0,0.0
eb913d9f-2432-42d9-8fad-18952c3284b3,45.0,51996.0,29.0,1.0
6d23a9ac-b798-439f-864c-3b30dae080c5,41.0,84921.0,0.0,1.0
46b1bacf-3511-42cf-af42-938b5cd27e17,52.0,113697.0,2.0,1.0
76d7becc-179c-4262-aa1f-10eb91bbaa84,30.0,76022.0,21.0,0.0
7675689c-4d6e-4a94-bc0b-2785dfddbf6d,51.0,70148.0,7.0,1.0
a2ad1871-ee68-46b9-847c-54b4d07c41b0,28.0,97764.0,17.0,0.0
3e6bc11e-74fa-4bd5-85f1-2ba5a56df605,53.0,121901.0,24.0,0.0
1b6670df-418a-4215-97ac-19c1d4a9aa2d,34.0,120724.0,19.0,0.0
540fe80e-1c3f-48ac-b88a-5894842b7eee,52.0,138118.0,30.0,0.0
9c67a0dd-e17f-47bc-86c5-8d2f325a93f1,35.0,38888.0,29.0,1.0
9720340b-f8f3-42d7-8b65-7041c1bd673d,57.0,118666.0,15.0,0.0
f65a6983-b178-4436-bad5-584988b6dc9a,39.0,69159.0,1.0,0.0
306955c3-b182-4579-914f-b4abb1ccdd4b,41.0,72197.0,16.0,0.0
67448c21-4efd-4b53-acbe-137303c74bc2,36.0,114326.0,9.0,1.0
f7f95d1e-5842-47ce-8e35-3aedd76cf829,54.0,120360.0,6.0,1.0
b9412dbe-b40a-4727-a4c2-8256e40526ab,56.0,128941.0,8.0,1.0
11a9674f-5591-4669-9f65-ca0ec2001c5e,38.0,54474.0,16.0,0.0
ee37ece9-6eda-4d04-be3c-39482b34d82b,25.0,47333.0,8.0,0.0
57e06577-4f85-4468-a5c1-f5f4a5a7f6f5,45.0,138400.0,8.0,1.0
d80b75f1-5a0c-41b4-b26c-65a1155451a7,22.0,66355.0,36.0,1.0
0a1ac306-8e56-4e3a-b111-a354f23e6d14,34.0,129415.0,23.0,0.0
d5b0e889-2f2f-4318-8ca3-608450da29a6,54.0,103903.0,38.0,1.0
256b3677-6cb3-41e5-84bc-b7e3cdc4037b,53.0,96258.0,10.0,0.0
50827e07-fb65-4093-aa6a-0b15b1ab3a53,36.0,61145.0,7.0,1.0
acb056dc-7028-4119-b943-eee89e011fcd,44.0,148530.0,24.0,0.0
f2f6a203-e028-4c0e-abcd-431c53c74ffa,51.0,148362.0,1.0,0.0
a673e3cc-0745-45c2-a1b7-28890103b187,28.0,133170.0,9.0,0.0
65d4b43b-c6a3-480e-923b-8932ce57264b,29.0,105675.0,23.0,1.0
4dca2815-ddaa-4f94-a27d-676b1d8d8539,38.0,79854.0,15.0,1.0
c4a68232-2c35-4d9a-9b3d-5acccdbc1dbe,28.0,97664.0,18.0,0.0
991561b0-0574-47ca-8138-56d4a20eab61,56.0,137422.0,30.0,1.0
770c8213-e94d-4191-92a8-7b1a9e6ef84b,45.0,116153.0,10.0,0.0
7c8e44b0-c37b-46a3-979b-0119f7a0c3b6,22.0,123616.0,5.0,1.0
6a7e9d33-49bb-45fd-9239-89c4ed42d715,34.0,65285.0,5.0,1.0
3ca8a0bc-6344-49dd-91ee-9aae15c9cf10,37.0,47533.0,31.0,0.0
1466e220-dff7-4bae-93e5-7d9db9f8a4ca,58.0,62624.0,38.0,1.0
893112ac-e7c8-4a39-8d44-08f670e738c8,29.0,76996.0,12.0,1.0
38888dcd-4b39-4e28-b7fe-c532530e59f8,23.0,76947.0,2.0,0.0
e02d8d46-7630-4f21-bca5-8530c716ae14,34.0,57956.0,34.0,0.0
527ec7de-1f5a-4538-9cb1-7d7aa7205ff7,36.0,81030.0,37.0,0.0
37f78958-cbb4-416d-9cda-02a1d91dedc7,43.0,88597.0,16.0,0.0
cedc3305-5507-4437-b330-b500fabb2de9,49.0,72443.0,2.0,1.0
5a7cac7c-b58b-4f9f-ad5c-dca23c3472b6,23.0,128613.0,33.0,1.0
6baf4402-6b52-4c92-8cfa-cf1d36e52121,53.0,95464.0,11.0,0.0
e84d21e4-0594-406f-9a3a-76b8280afc66,55.0,33952.0,23.0,1.0
dcf07fcb-8a7f-426e-98f5-311ea0b0d9c6,28.0,86880.0,5.0,0.0
8b84ed98-6835-4ec6-bd42-d7f6ed08d20f,50.0,82201.0,10.0,0.0
99416f44-867c-4091-ba99-6670a017fe4e,41.0,142175.0,26.0,0.0
09a466ce-00a6-4c9a-a37a-a0f15b99188a,40.0,72460.0,23.0,1.0
9b98b7c7-04c0-4f45-a752-9b66055a104e,32.0,52796.0,17.0,1.0
c83cfb64-74f3-4751-a369-1116fee82d27,44.0,61746.0,26.0,1.0
de003f7d-2a91-448e-aece-de6ff529feaa,28.0,116785.0,20.0,0.0
39a851e3-9c1c-4b0b-b3fc-63a3e5abf83f,34.0,30015.0,33.0,0.0
64eb8ccd-bd45-4779-bc7b-2330c750dbcb,31.0,79757.0,32.0,1.0
56671df8-fe63-4bbc-815e-a80f8d1ff8ba,44.0,55957.0,17.0,1.0
a309a129-88b1-4c67-af13-0e875f8bae9b,35.0,111541.0,2.0,1.0
84096954-7b87-40e8-b367-d63e37e1bf83,45.0,51292.0,23.0,1.0
28515f8c-1186-4a1d-9d9f-ea4a68b87851,21.0,61876.0,0.0,0.0
c3818958-42a6-488a-aa5d-36bc1b83f3f5,24.0,90727.0,5.0,1.0
d07ecf02-33d0-4106-8b22-4d17d4d88345,52.0,77046.0,18.0,1.0
f05cbb89-b933-48f5-8f01-bc6dd1b22413,26.0,44817.0,21.0,0.0
f28518a6-d274-44d7-af68-4cea8ad4500f,25.0,121006.0,7.0,1.0
f8b3fd52-c943-4a2d-80ad-298ba35239a8,34.0,39759.0,4.0,1.0
16b1c51a-bed3-42dd-9a9e-56cb9085a4bb,34.0,78432.0,8.0,1.0
0b466cdf-15bc-412f-90e2-fd99d24c9e7e,50.0,36412.0,20.0,0.0
1b3ad126-8243-4231-8f97-859e417cb567,49.0,87757.0,27.0,0.0
ce695c06-c6d3-48eb-b4c0-1bf6951c3faf,25.0,50504.0,3.0,1.0
bc00687c-a2ec-4918-ab1a-b421ec98c282,36.0,138500.0,23.0,0.0
a590a11e-1fd5-4f79-899a-969fe2dffef4,55.0,38507.0,7.0,1.0
fbc56ba2-79ae-427d-a591-583bf6e8bde4,20.0,51050.0,16.0,1.0
856ead99-4a06-4969-9b77-0a9055a3f544,22.0,34820.0,33.0,0.0
06e41fbe-3c8f-4991-922f-84c14c0ae349,30.0,37835.0,19.0,1.0
d05890fc-ca7d-4991-9767-5891c4047f0d,48.0,123167.0,15.0,0.0
060713a8-b9e9-468b-925e-42f4779bda9f,33.0,130153.0,9.0,0.0
9908d12c-21e5-48b7-99a8-52d5d1954530,49.0,43587.0,33.0,0.0
348ececb-de9c-4e46-bacb-f858a1812829,39.0,130257.0,9.0,1.0
880b50ec-ea6e-41de-941e-43b804da536d,46.0,87732.0,29.0,1.0
b1757688-9904-4a29-a6c6-ab248fc3964c,39.0,81921.0,29.0,1.0
a841b7ab-d22e-4a80-afaa-51d214152c90,20.0,75499.0,24.0,1.0
5429b628-2108-4123-9b3c-722e0984a5c4,27.0,147734.0,6.0,0.0
194cac76-4167-4bba-a6a8-6cd21383ad01,59.0,36840.0,19.0,1.0
30ef022b-2071-4d2e-b78d-47d7df4ed266,38.0,133370.0,16.0,1.0
44ceb53c-0fd4-48bf-923b-15dd437cc1ed,33.0,95077.0,2.0,0.0
955f81e4-796f-471d-9f54-415eb995ebb5,29.0,61440.0,39.0,0.0
ba715197-5bd7-478f-b9a9-8514cda114c0,19.0,65183.0,35.0,1.0
f0e02c9a-bdb9-4051-8dd5-019ff21c19b0,58.0,126172.0,25.0,0.0
ba4f8601-3fca-478c-ac22-dcb3f4453c3f,41.0,32389.0,9.0,1.0
2033f956-f0e6-493c-8848-1ae7af16c594,52.0,85076.0,33.0,1.0
d9d4b6ea-e3bc-4755-90c7-6461268c52b5,47.0,144515.0,13.0,0.0
a63b7e69-d08e-410f-b62b-a756ef1ebcce,47.0,96299.0,7.0,0.0
fb2d2ac5-1602-4c9e-9392-4ef07a2b85b6,52.0,119461.0,26.0,1.0
d4096517-f082-42d2-8514-403c30e02951,36.0,122085.0,9.0,1.0
b559d330-5d3c-4b78-9fa9-c42d228ece96,25.0,145503.0,14.0,1.0
50b046a7-b098-43e4-9728-cd5cd229e429,43.0,69023.0,36.0,1.0
a688335d-84c1-4c2f-98fb-4153b1260562,57.0,80029.0,21.0,1.0
6b53029c-ba4f-44cd-8a97-29c2a86cb060,24.0,69941.0,30.0,0.0
1edd1539-37f8-48be-835c-d711a2d8ecd5,47.0,118993.0,1.0,1.0
a048fe70-4d94-463b-80b6-c1634a225730,24.0,83950.0,30.0,0.0
6f958a4c-bc89-40cb-94eb-0bbfd4c372a0,20.0,116959.0,13.0,0.0
7fde5f2b-b8bd-4fbe-bd23-a1efd267954d,18.0,106054.0,9.0,0.0
47dc84f7-ef85-4101-9e1c-493bbbb52d44,53.0,95363.0,29.0,1.0
ac0a089a-feae-4089-be24-bbae24c11cb3,42.0,138556.0,35.0,1.0
59b51bec-d1b7-46c5-9e01-478561b88e18,54.0,91742.0,39.0,0.0
caaaaa0f-67d3-461e-92a3-5069bbb1483e,18.0,127896.0,14.0,0.0
25ceadfc-3616-4344-8d20-2f9ad25d714a,32.0,75215.0,13.0,0.0
9642c81e-454c-472d-8693-8262e8090912,54.0,77857.0,30.0,0.0
c9424c62-237f-46ae-9bdc-466cdfe5e62b,30.0,85476.0,28.0,0.0
801d65b6-e9d0-4393-8d90-0affcc7a70d1,57.0,58173.0,26.0,1.0
426c186f-c4dc-4180-877f-1cb383ae94f0,25.0,39395.0,20.0,0.0
0c5a34d0-6a18-47a7-b306-c1c8dbd9839c,22.0,89768.0,8.0,1.0
82e251d4-d373-4632-811a-4675851b1989,26.0,140371.0,19.0,0.0
54669f3b-63a9-484d-8dea-2105d0b70f21,18.0,114743.0,34.0,0.0
15e92e91-f0ed-4cd5-b96a-59374bf428a1,53.0,133591.0,14.0,1.0
4965aa65-e495-4243-86c8-b7a15bb33787,52.0,147973.0,23.0,1.0
ed64f7e1-6333-40d3-af8a-fb6539aeb8be,19.0,76229.0,15.0,0.0
1a99fe2a-d504-43b3-8ed0-53250c76ea0e,57.0,56639.0,35.0,1.0
0e765eab-76c4-4540-90bb-1698a04d260f,40.0,141706.0,10.0,1.0
30d50177-9eb5-4362-916e-0c59c2f06c54,26.0,92583.0,7.0,0.0
e2ae501e-3161-4557-b7bd-34c10ca8bf7c,51.0,58924.0,2.0,0.0
b3eb2e8e-8528-4070-9c82-6ed05ad38785,31.0,102969.0,18.0,0.0
1a429827-6b2a-4e8e-8f79-ea67bd86854a,21.0,60104.0,2.0,1.0
fb650084-f38e-43dd-ac1b-f30b87a62e2d,47.0,139588.0,35.0,0.0
99aa4f63-eef6-4896-ae5d-c591a9a91699,48.0,67594.0,24.0,0.0
1c88f642-8ee9-4cb6-9546-c332a995dd59,55.0,33664.0,35.0,1.0
e5ba5ae8-c228-4ffc-a3b6-0b4bccbd5dbc,28.0,40528.0,10.0,0.0
0d721e56-fa22-4a9c-9ea8-1e69505fb55f,52.0,58190.0,15.0,1.0
8785bcd9-995a-457a-b543-cd81ca7be96f,25.0,96033.0,16.0,1.0
d3539d4a-8c0b-41d5-bded-9e1f992ce898,20.0,91161.0,23.0,0.0
ca1d5504-d747-4542-94e6-d1bd3bc50bd6,31.0,103177.0,16.0,1.0
8f024bc6-8ca6-4f29-b2d2-c12ad9bd2907,30.0,100179.0,19.0,1.0
87778e2e-9465-40c1-9595-9d8bcfd22e8e,49.0,100592.0,21.0,0.0
6bf7cb11-280b-4f76-b823-d66828807aa5,51.0,62899.0,5.0,1.0
e48f641a-aea2-4e8c-b55f-3e7e635d7386,36.0,100979.0,6.0,0.0
12bcc4ef-1da0-4174-b85e-f9daf8b9f376,55.0,47241.0,13.0,0.0
6dd949ea-454c-4667-9ccf-c78bb2944807,33.0,76211.0,10.0,0.0
a0198d06-006d-4657-b79f-4e3bb8cad276,19.0,93472.0,11.0,0.0
14f754d3-5f4e-4562-8fe1-cdfe1e4471d3,57.0,104248.0,4.0,0.0
fc8226de-bdd0-4741-908a-7f7eae143ba0,34.0,103757.0,4.0,1.0
ff721c24-60dc-4842-9e87-8155c2e0e4d4,51.0,61346.0,19.0,1.0
4f74d346-baea-416e-9175-4e21494b7c9c,59.0,111196.0,14.0,1.0
c2784cf8-eb17-4d54-9cef-d41f2e5462c8,33.0,134451.0,25.0,0.0
a7dd94d5-7a05-489e-9fe6-8bbbbe0ff3d8,55.0,107124.0,32.0,0.0
c45525be-22bc-44c8-ac96-731cad33140d,19.0,132908.0,29.0,0.0
612f70b7-7175-44fe-9688-a90e96a9b4fe,19.0,72220.0,23.0,0.0
7d6da8f9-2d1a-4b6f-8457-8f310b86c8ef,43.0,47942.0,22.0,1.0
96f57043-df08-4b60-96ad-7006dc208c97,30.0,79167.0,8.0,1.0
a359a7b6-e127-472b-b920-17a32e9853f3,48.0,66373.0,2.0,0.0
04355fc4-b71a-42e1-8551-032677274f80,51.0,141588.0,35.0,0.0
ef403d58-4fcf-434b-8318-256c48939d54,56.0,97143.0,6.0,0.0
1d2d1271-6211-42ba-8b9f-eb123b5bc28b,20.0,140013.0,21.0,1.0
87b69dec-5197-4937-864a-461091acfcef,25.0,32016.0,13.0,1.0
4e6d6121-4e86-484c-9ddc-9bd98edeb44f,40.0,99110.0,28.0,0.0
9bdbc3e6-a2f6-4c6f-9a7d-d79f032171a6,31.0,76309.0,15.0,0.0
d5ae0447-7d68-4705-8c98-8ac8d2bed2e0,44.0,37274.0,33.0,1.0
46349146-94c5-42b1-b52b-326a6994f5a4,46.0,138239.0,9.0,1.0
5d05b45b-83d7-4dde-a03d-42b027df89b4,56.0,45748.0,6.0,0.0
aec7ff62-6e4c-49c5-aa70-24eff2583bf0,56.0,50175.0,24.0,0.0
d7aff762-7c42-4a2f-8af1-d03ce48a9173,18.0,134710.0,26.0,0.0
1ff8c9ef-d6de-4ab2-88c1-e36b01618a03,34.0,41826.0,14.0,1.0
c45d1de2-5c57-4c90-9a48-6e261c0b4a2b,58.0,113008.0,31.0,0.0
b03f0081-2edd-4ace-a8af-dc3ba79d3499,47.0,64129.0,27.0,1.0
db8b5b0c-595f-4d15-b150-ce2af5b9b8be,30.0,100009.0,8.0,0.0
75b1864d-be19-49bc-a1a8-b099fa60cfac,38.0,149982.0,6.0,0.0
8da6141b-be94-4154-a080-540090b68b96,36.0,53490.0,15.0,0.0
581df1ba-1222-49e9-b299-2ca2a4231529,36.0,135623.0,25.0,1.0
db87bfd5-f734-423c-9223-75d1a113bf89,42.0,71435.0,34.0,0.0
e0281668-cfc5-4f04-adea-a9fdfbd6fa31,39.0,105017.0,16.0,1.0
634ef12a-7def-45ea-9d83-4681ab00deea,48.0,38520.0,22.0,0.0
3602850f-398c-4ab5-b152-029150c8e71b,34.0,121951.0,7.0,1.0
2c92b931-a3a2-48ed-982a-f5fd4ac8b3c1,40.0,113106.0,1.0,0.0
513214bc-efa7-4a87-96c2-2d8417f7fc57,49.0,91877.0,30.0,1.0
f510747a-c274-4fec-b5ba-e205b4193e43,27.0,49798.0,31.0,0.0
89ba78be-fdb7-441f-a053-941a8caddb28,27.0,84638.0,28.0,1.0
c07595a6-5542-4f91-a6fb-b3ef0d2816f4,53.0,99072.0,2.0,1.0
52d76b24-5116-4742-8922-7dc46dc7a0d8,25.0,97309.0,7.0,0.0
2e57efbc-c0d6-4a66-b1e2-43ef280a105f,37.0,59894.0,1.0,1.0
9cc62014-387d-4821-94dd-545d5cf52977,49.0,92963.0,30.0,1.0
43e5c5d1-4416-4f63-a1bb-93db4e555fd8,31.0,138559.0,36.0,0.0
80404d26-7cb0-4a09-bde4-ac9f62cad9bd,45.0,84567.0,19.0,1.0
802af6a2-3d36-44b0-8d1d-cd26ed3fb138,41.0,65326.0,28.0,0.0
85661d8a-22be-4987-9e4c-e34a379f5bf2,32.0,85059.0,16.0,0.0
e92ef9e5-ea8c-4c5f-96f5-a3cc7b4257d2,39.0,35079.0,9.0,1.0
1ca9bcb8-1d65-4d16-862a-8223c4bd549e,47.0,55838.0,21.0,1.0
51b8a653-f379-476e-b7f4-d255cf0f4126,21.0,117340.0,5.0,1.0
cfb78faa-e758-4f1c-b35c-aa13e9c0b2b5,30.0,77109.0,33.0,1.0
3f38541a-c3c4-462e-b2e5-249d8c5b7af4,40.0,115211.0,30.0,1.0
d2c09f15-3c73-400b-8ff0-2b662285d2a6,25.0,55594.0,11.0,0.0
d2de4350-737a-4fbe-b2cc-f533c907a108,35.0,72749.0,11.0,0.0
5f57d6f2-5477-475f-9d4d-3fea48a680f1,29.0,66292.0,15.0,1.0
c1a49e7c-f118-4dcb-a7da-f5673b404283,48.0,148192.0,24.0,1.0
0d24ba0e-2ede-4e02-b7b6-f41ab61a1cca,31.0,104534.0,21.0,1.0
47863c66-6452-43ae-b2cd-c6491cb79438,51.0,109233.0,26.0,1.0
35c6dd42-9ae4-4812-89f9-169646042781,35.0,81818.0,23.0,1.0
0d2699ea-9d49-4d81-ae7e-44f8c94e0298,51.0,141910.0,11.0,0.0
eab7315c-edec-4e17-a853-06ab4ef9df1e,28.0,43429.0,17.0,0.0
6de0e74b-d673-4f3b-ba9c-10a7ff7c47ea,58.0,87748.0,15.0,0.0
4e03330e-bb3f-4749-855d-346f2c5dc438,29.0,78807.0,3.0,1.0
e573ab08-8113-48a4-91fd-3fa8d46fc096,32.0,37140.0,11.0,1.0
b38374c0-2aac-4c2c-af9b-c68e09a7c7c0,48.0,93226.0,32.0,1.0
c3679f0e-e12f-40bf-847e-b163e60bd15e,46.0,137089.0,21.0,0.0
9e3524ea-ccf9-421b-a24c-21741f434aa5,43.0,44901.0,17.0,0.0
0ad13093-1096-42b8-8290-ab65fde278a1,35.0,118815.0,32.0,0.0
e4446f16-b68d-48c2-89a1-354a670df69d,49.0,58525.0,26.0,0.0
025b3346-b6b5-42e0-974d-053c51afd0e0,39.0,50491.0,18.0,1.0
0aa604e2-f377-4467-9d66-266df7105b6b,55.0,98816.0,13.0,1.0
aee30340-f130-45f4-b5cc-a0843fa25979,34.0,64980.0,24.0,1.0
e2f5df1f-257d-47c1-9919-9b64d5046b28,40.0,143517.0,33.0,1.0
830877a8-83f1-4366-94bf-7bfab1368066,41.0,125525.0,23.0,1.0
b68d00b7-e1ea-4421-873c-56134f185b99,25.0,38078.0,37.0,1.0
d4a35cb5-2502-4116-ad2e-fa18a04a7b5d,58.0,121654.0,22.0,0.0
6274f324-9a4a-45bb-9070-68559d843651,23.0,119521.0,4.0,1.0
d0bb0401-a49c-48a3-8597-c9d354b5f651,22.0,78704.0,35.0,1.0
99f7fb2d-7842-4091-9d1c-4b9fe0cc8fc5,46.0,46997.0,23.0,1.0
9b4109a2-25eb-421a-b47e-4dd98c646896,45.0,109810.0,35.0,1.0
d5a7c819-3c43-4556-a730-9b02e6b6ebd7,28.0,30868.0,4.0,1.0
92be59a6-8398-4878-aa74-197795414d5b,18.0,145499.0,38.0,1.0
58241dfb-71b2-4e0f-91a4-167b0b3cd50e,36.0,56398.0,5.0,1.0
83cb1b1e-cae0-4407-a143-cbaa22c858a1,26.0,111578.0,35.0,1.0
8e8fd8e4-7790-436c-be27-73409a64d32a,44.0,127356.0,3.0,0.0
8b0341b7-8696-4850-bee3-8f58fabbeb7f,51.0,143711.0,9.0,0.0
a5d75742-4343-4c37-9231-a0649e05101b,21.0,51246.0,0.0,0.0
0319f39c-6135-4159-ab1b-d290fff64704,53.0,50561.0,20.0,1.0
58232c39-9ee8-46c7-a1f7-c39343d59dbd,35.0,46254.0,39.0,0.0
b36b0193-33e6-4c2c-b83e-eb29263441d5,32.0,64512.0,38.0,1.0
f871c67d-dcc8-4eaa-a45b-437878873394,30.0,130560.0,36.0,0.0
f9842bdf-70e8-4885-974b-60a0d851e07c,36.0,119532.0,2.0,0.0
1406c04d-d6bf-4410-b4f3-7c3b4b14cb21,23.0,124154.0,30.0,1.0
73b84e12-bfcd-4365-a41c-a354316ac685,29.0,107395.0,26.0,1.0
44946004-8b67-4cee-8f44-7a39186a4d35,54.0,87865.0,16.0,1.0
646ce90d-3d70-4839-b542-ef7ead5fc409,34.0,53580.0,22.0,1.0
d50aba6e-66d2-491d-b003-1360df7b2126,40.0,100959.0,12.0,0.0
5453ed04-29c3-434c-81ab-06e79adc52c2,43.0,133393.0,26.0,0.0
3aae4e8c-40ed-44a3-9b7f-c4d5dff97fd9,46.0,102144.0,19.0,1.0
7373823f-fb05-474a-9377-acf2099893e9,50.0,72485.0,12.0,0.0
e0d756f4-1dd0-448e-89d5-2239d576d56c,44.0,80621.0,23.0,0.0
de112ade-914f-4672-9e60-0592fc372b0b,42.0,147363.0,2.0,0.0
cb4538ee-a452-4694-a661-e2923ca374e6,27.0,80665.0,9.0,1.0
4966aa2c-71ca-4a17-80a7-524d03f016f1,40.0,100412.0,0.0,1.0
2784ea9c-9454-446d-8106-73b5eba33e6e,38.0,80603.0,12.0,1.0
f8c52783-d363-4fbc-acd6-c5e19da456c6,38.0,51038.0,13.0,0.0
4a0cbf04-91dd-4837-9d13-747458cd537f,30.0,123542.0,32.0,1.0
506ca1c3-23cf-4d32-9dd0-9155471a2d60,54.0,131311.0,1.0,1.0
76695ec9-af8a-4713-94ee-b7498354840d,50.0,126346.0,1.0,0.0
56ae24c2-bf3c-46f4-8968-56c538e649ab,41.0,44325.0,38.0,1.0
2437e35b-b14f-41b3-a5ec-aad012e86a81,28.0,65892.0,30.0,1.0
580e4588-4cbd-4f51-b8f4-9dff83c555a5,34.0,31753.0,3.0,1.0
6e9fbc27-753a-4c21-95cd-972e5c2e0470,21.0,125067.0,33.0,0.0
fe3e24f6-bf77-41a4-9534-e26a39ed709e,42.0,47996.0,18.0,1.0
ee8fc4c4-149d-4472-8c31-adf0c76c7d4d,47.0,98811.0,36.0,0.0
17ee0cda-6f17-4a8a-84e9-69eb621dedc0,26.0,104283.0,8.0,0.0
957890de-be3b-4c01-88d7-abdcc2bfabe2,38.0,75211.0,23.0,0.0
3c4ef365-37a3-4d2c-8dcd-9c6c6f65fe80,37.0,146737.0,12.0,0.0
a42d8588-71e4-4d13-8fe4-a0f7eda95ccf,36.0,92820.0,29.0,0.0
6fff153c-3b4f-45ca-8313-dbca21b54138,36.0,30824.0,18.0,0.0
c2d70ef8-c1f4-4861-9046-0da03628a2d8,29.0,43880.0,9.0,1.0
9e7f1f86-4150-4e75-bf35-668c4a42aa9a,54.0,139345.0,13.0,1.0
1f55842e-6cd7-4b4d-a00f-28242da1a1bb,59.0,147718.0,39.0,0.0
5dcc622d-c65e-4bc8-a57c-06e7aac36398,34.0,96617.0,19.0,0.0
00a0b552-fe81-43ae-85c0-0761e1462567,54.0,41517.0,3.0,1.0
92b2ccf1-29e1-41e1-a995-81a4c6424c28,56.0,51683.0,37.0,1.0
62e0db39-c663-4982-af81-85e9254b8bdf,45.0,46876.0,38.0,1.0
75279137-8d7d-4bf0-a0f7-ce6f6c5c272f,58.0,133068.0,4.0,0.0
455860eb-c9cc-47ca-aee6-e1ebea8b683a,52.0,86354.0,31.0,0.0
d0dabba2-58f5-4e14-a5d4-8b597c455137,35.0,103802.0,5.0,1.0
7ba6423b-b163-49d3-b925-aa0fcf753497,31.0,106719.0,13.0,0.0
85ff37c8-b06c-4de3-9ca6-f8af61ea0f4f,52.0,148048.0,5.0,0.0
17ab3d77-3241-4bd8-bbef-121f220b4c5e,58.0,116602.0,13.0,0.0
a0b5e392-2bb7-4b1d-8403-5ec4393e9d15,24.0,145016.0,11.0,0.0
1b7f80c6-ac42-41f9-9fff-08d4951327dd,58.0,108413.0,26.0,1.0
24bd3a1a-780e-4353-adcb-b78c6fc65d22,30.0,39982.0,25.0,0.0
7f07d008-21e0-4668-a170-2babfa13c1cf,35.0,104504.0,11.0,0.0
fd43867b-7be5-4a4f-b8ad-0291758e4225,54.0,56598.0,7.0,0.0
a2fd5797-51d0-4e77-aa48-2c8466bb9446,30.0,44639.0,9.0,0.0
c3f7dd83-c467-48cb-8450-a5902fd77c52,53.0,100210.0,15.0,1.0
efb860c6-cf45-47ca-8fc4-1637480c3715,48.0,99852.0,25.0,0.0
5504be70-e935-4736-b026-84fd05c42014,19.0,143618.0,7.0,0.0
e970c001-02ef-4f3a-ae5d-ae1b5db8c8c8,33.0,39695.0,28.0,1.0
36dc0115-c299-4e16-8df3-51ec3bdbd4c0,26.0,78582.0,19.0,0.0
d39563e4-bfb5-40b3-a82d-af7074bd217a,26.0,61094.0,16.0,0.0
48623332-e3a3-4c61-a050-eb67e2428729,55.0,90635.0,18.0,0.0
e77ddeb0-0f82-48bc-b4b1-e7574bc6264e,28.0,52187.0,16.0,0.0
2d66a067-5246-449b-a2aa-807de8fa8a65,39.0,148013.0,38.0,1.0
b4b3b539-0358-40e0-bf96-23bfb5f76510,50.0,136683.0,0.0,1.0
959e0f00-15f2-433e-9438-f39fcaf4a110,53.0,31214.0,28.0,1.0
06bb7760-a452-47cd-9f20-4f23cd2d4c09,40.0,53940.0,13.0,0.0
da5a4a9a-c382-4db7-a232-a1856343eb7d,51.0,74406.0,16.0,0.0
d70fdd7f-1401-48d8-98fb-1e1dd28813bc,26.0,121221.0,12.0,1.0
9f8ec7a0-4b3c-41ce-9334-984c0ba41ba6,41.0,73481.0,28.0,1.0
113acd4e-a779-4dae-a242-21306d7fbf74,25.0,45977.0,33.0,0.0
2751724a-ff44-4a8c-b1b9-95e9e9765a01,24.0,74839.0,26.0,0.0
cb07ce98-ce9c-4603-ac52-b2a5694f0551,53.0,87874.0,32.0,0.0
7bf3aa3b-6ca3-4be1-98c1-2f9f193555cd,35.0,88414.0,28.0,0.0
f0a0eeeb-8acc-4a29-b10a-4234f4cc3182,20.0,131440.0,36.0,0.0
8a7a42c6-eb94-42d0-ad64-350c72298e8b,45.0,55538.0,38.0,0.0
866655cd-fd13-44f1-a8ca-acc2333a9782,23.0,134922.0,18.0,0.0
8c9ea25a-b2fe-4f85-bfe8-f6e4050acfdd,38.0,133569.0,23.0,0.0
f29fd3ef-12ed-42ca-ba35-34b0f841b410,45.0,86241.0,13.0,0.0
59affb95-95b9-4453-886f-26f988be0ba3,57.0,103501.0,36.0,0.0
7d42c41d-5897-47a7-aac4-6f334d31dc16,18.0,105133.0,4.0,1.0
742e1252-3a29-42f3-897e-c036476d0404,53.0,90481.0,23.0,0.0
2152e537-3df5-45df-a66f-c812838fec16,38.0,137012.0,33.0,0.0
2a2e7889-a35d-44ee-84ad-35184acb9706,52.0,57740.0,30.0,0.0
bc24262c-f426-4ce9-abbe-4cbee4c93e44,30.0,93328.0,29.0,1.0
ca026aea-bba5-46fc-b3d5-632a1e8c4aa2,27.0,102105.0,8.0,0.0
fad5d953-9050-445c-9d0b-e32124d3a3bc,27.0,80643.0,26.0,1.0
60559168-4ca0-4bf8-aa5e-0195106abbd2,30.0,133517.0,27.0,0.0
3dee5c5b-3238-4ceb-b011-314bf158c81c,54.0,41881.0,25.0,1.0
7831783f-40b1-4a9d-9cd0-8f9c69c9751c,55.0,66996.0,17.0,1.0
182e2cf4-dabe-424e-9969-831d82d1e4c9,41.0,62177.0,35.0,0.0
00ff8dc6-4584-41d4-9572-d39b9ebc4eed,19.0,67177.0,7.0,1.0
7316ca55-6ade-4fb2-b256-042a4f64d951,39.0,96126.0,17.0,1.0
707139f7-19ee-49bc-a491-29a1d728b751,34.0,86531.0,19.0,0.0
c198e62c-3fe9-42a4-881e-62ee1d1890c1,53.0,56119.0,31.0,0.0
353fcb45-ab0c-4208-a3fa-201588496a4f,31.0,147744.0,28.0,0.0
a4b671bb-cf3c-4084-8a0c-37b2c5a6aabb,27.0,146894.0,17.0,0.0
934644de-30d1-427b-b00e-e4702e335994,52.0,57915.0,6.0,0.0
e5177e3c-3609-4cd3-ad99-37f00bdbbb8d,42.0,32708.0,0.0,0.0
27ecf801-86f1-48e3-8be3-77b3c9886b85,20.0,68749.0,27.0,1.0
8c261586-08e8-4b58-9ace-1906976d89e4,55.0,74989.0,32.0,1.0
2f880704-ef63-4391-b2c0-2e36fc7980ff,34.0,52106.0,3.0,0.0
f44b8e6f-c336-4770-99e5-e50d1ad04928,29.0,47131.0,19.0,0.0
b11647f5-fbc1-4f60-a6c4-07690499c1f3,41.0,76553.0,35.0,0.0
d2d4716e-cbb0-4cad-8596-87b8a0aefe91,46.0,88144.0,30.0,0.0
d08a088d-22ab-4eb3-9c11-b9f018e1fc37,42.0,36553.0,37.0,1.0
ec27f64c-3d92-41c2-9fca-7fb19fbd91a5,53.0,47881.0,27.0,1.0
d02dbabe-35ed-4e87-8edd-a27d3894dacf,43.0,31379.0,2.0,0.0
36e8d780-f02f-40dd-bd60-5186d99773d3,55.0,120791.0,5.0,1.0
306e79e9-5867-4ddf-908f-2c4c8ca21660,18.0,135664.0,22.0,1.0
d7e3c071-6e58-4d00-a86e-51fd6f20fafc,37.0,99306.0,6.0,0.0
736a1fa2-7de8-40a6-b967-7a0d16c1c10b,45.0,49726.0,35.0,0.0
22d52e7f-632f-4518-9e83-535453cb1a26,33.0,142753.0,0.0,1.0
bfc3f882-450b-4236-8889-893579063c8e,34.0,39088.0,5.0,0.0
dc6600ed-90dd-4b34-b933-1783fca2a059,57.0,64314.0,23.0,0.0
10df57d2-c51a-4278-9ebf-327851cd9b84,45.0,147814.0,36.0,0.0
1ad8b2a5-f057-4217-b92a-77bf6147bd6c,29.0,85041.0,35.0,1.0
433acf2f-1d3c-4a4d-a3de-d616c916f8ab,44.0,134512.0,23.0,1.0
4e0db6ee-f615-425d-a659-f544ea62cd3a,59.0,46350.0,37.0,1.0
7a0cf8ee-379b-4f0a-9085-e28f105cf816,47.0,137179.0,28.0,1.0
3e2e1732-3c26-4478-a0db-c28e1bb43cce,58.0,129599.0,36.0,0.0
f0590235-3b73-4ce5-bb18-80cc870cd48b,51.0,111397.0,31.0,0.0
efe78614-33b6-4c59-9fef-431857183ee6,54.0,109509.0,24.0,1.0
718f61d5-5c2c-4e71-a182-152c7e5383bd,23.0,47769.0,9.0,1.0
26b2d227-6d3b-4fd5-8038-1a8978a70c10,24.0,77249.0,34.0,0.0
76c60b1d-8f24-4b1c-94ec-8b041591208b,49.0,112862.0,24.0,1.0
f2b329f5-9104-43e6-a839-43af82e90ee2,49.0,131584.0,26.0,1.0
f4387b4d-8394-4424-a125-ff2eedc7e685,42.0,76365.0,31.0,1.0
8833db55-d7bc-4504-9b76-51fad6e55d90,50.0,80185.0,11.0,1.0
85804ff9-b67a-4a72-ae8c-de453157bf9f,24.0,32786.0,3.0,1.0
729584f5-9ad2-4592-96bd-1a8f7bdffacc,29.0,130537.0,25.0,1.0
203765d3-15ac-4ae2-8a87-695bd34c70ea,33.0,31620.0,2.0,1.0
9832dd52-4967-4b63-9656-bc11c4ba8c4a,33.0,66303.0,16.0,0.0
0c84e138-ebfc-4760-9d24-babd60230de1,53.0,49589.0,8.0,0.0
ea55b293-8a85-4c8b-acaf-c996340ed9fb,30.0,32882.0,28.0,0.0
47bdc878-efab-4108-91e7-4c30c6b09030,24.0,92248.0,0.0,1.0
a98e7545-6450-4d72-b110-bcba4ab709c1,53.0,79322.0,17.0,0.0
305d7d0b-6c4a-4fc6-bbb2-8a3d4816d138,26.0,54524.0,19.0,0.0
4c0dec81-8e3e-4984-8e7d-0ab499ffbf64,49.0,39745.0,33.0,0.0
2c66fc06-a6cc-458a-9b41-ad1c7f4598a0,28.0,132201.0,27.0,0.0
5a9d7100-1af7-493d-b17d-aa13f045469a,25.0,45861.0,34.0,1.0
5faee7fa-386b-4419-bfec-2d1775891a40,50.0,121707.0,15.0,0.0
160efb84-bb15-4457-9574-328d17c6d8ed,40.0,121735.0,20.0,0.0
7e9f4494-2e11-4d52-9a6d-5ce1d54d3e0b,42.0,148810.0,12.0,0.0
e4b7c5bb-8da5-4c10-b480-9d7a99e812ab,25.0,84261.0,34.0,0.0
97ebaedb-4ff8-481e-9b98-bbe418b0ed94,39.0,32837.0,31.0,1.0
4b2952b1-5fa9-4cd3-a867-2835db90e210,21.0,104135.0,37.0,1.0
e6f75b16-72d6-45a8-a3a7-3e4fbf44c5a2,57.0,111447.0,5.0,0.0
555ed3be-9f01-4c1e-ad29-15b5b74189ff,20.0,84380.0,37.0,0.0
f447fc7b-ca58-4374-8b7e-80fe35e7d29b,46.0,116089.0,37.0,0.0
04687bba-506e-4112-a828-e37dbdb895c2,58.0,135025.0,12.0,0.0
0ed08efa-acab-4a40-900c-e43d00efe89b,46.0,79831.0,38.0,1.0
f51952a8-78f0-4cee-b64d-58539292f4ed,51.0,119349.0,12.0,1.0
cbcbcde9-e6b3-4ce0-b250-c87b1bdeebf4,51.0,68255.0,11.0,0.0
45b2c660-172c-4b61-afe7-4132352df661,45.0,143425.0,32.0,1.0
63e7e50e-cb7d-450a-992d-c7da86337a0c,30.0,59520.0,27.0,1.0
14f46600-a4ea-4421-9c32-b4a430996af7,32.0,59541.0,2.0,0.0
3dd80400-fd4e-4020-b472-0f05be0d0cfa,40.0,95772.0,17.0,0.0
23482e00-6a67-4ca6-b258-c27be7a3f61f,43.0,57350.0,25.0,1.0
b66ef104-79b7-4c74-9f69-cd519c41fe01,21.0,74397.0,39.0,1.0
80ae7dce-fe44-4ecc-8992-0d117f962ef2,43.0,107085.0,1.0,1.0
37e2b035-f8d6-4c1d-a1e0-b5f8f4575fca,57.0,93865.0,3.0,0.0
c8c0152e-a16a-4dd3-8b5a-29edff85cb14,26.0,85956.0,27.0,0.0
26d01c50-75a2-4e73-8c40-c935232f6cd6,22.0,57453.0,27.0,0.0
d840752e-5016-44b0-bbef-cb28c1a04640,49.0,92345.0,24.0,0.0
90ddd17e-2cbf-47aa-87b4-fcefd21a6d9a,37.0,130727.0,25.0,1.0
c4a2d5bd-883c-4adb-a3b1-7777e4745196,28.0,42906.0,1.0,0.0
5ff7cef5-3cb2-42b3-84fd-40e3e4e8802c,32.0,44988.0,33.0,1.0
29e175f2-3c7c-4835-87cb-e5f43b6997c3,49.0,57723.0,29.0,1.0
2dd2bc99-7352-4e93-a6d1-7ae50647e893,45.0,63800.0,20.0,1.0
a3a5f3b7-6015-4926-8915-84c9f9dd5836,39.0,69107.0,36.0,1.0
3eef9fe7-0259-437b-a0b4-50f8b2950904,58.0,57430.0,22.0,0.0
3ca0e227-ae9c-4200-a44e-f321a95cb89a,34.0,62535.0,32.0,1.0
cf37f312-de61-4d26-83b3-833764bc98fd,43.0,98476.0,1.0,1.0
e8d9b3e6-45b9-4de6-b0e0-170517c56bfc,24.0,117329.0,26.0,0.0
158724a0-3ca4-4a0e-a976-ec6678ef3a57,59.0,107798.0,21.0,1.0
340be0ce-d631-4944-8309-d94bfbba62df,43.0,82284.0,33.0,0.0
4c310009-e0e0-4c97-b9ae-bd1db77cf885,42.0,86232.0,15.0,0.0
bb4944ae-5734-4fe3-ad45-9a115657d86d,27.0,74420.0,19.0,0.0
0d692eaf-b725-484a-9e3a-4dd7e7793e53,36.0,67710.0,25.0,0.0
670c0e7e-0571-4731-b6b2-797920182f58,28.0,102497.0,15.0,1.0
1818d76d-fe76-4175-a72c-061c149b0bb8,30.0,122035.0,5.0,0.0
8ac7b462-db3f-4646-946a-9231a0262d70,25.0,70498.0,22.0,1.0
3eeee3e6-4ff9-417c-a992-c1ddf9e22c2f,57.0,61283.0,36.0,1.0
652497ca-09d8-48ce-b3a0-cea3630f8ea6,21.0,96169.0,7.0,0.0
11199144-611a-40a5-877e-1d68f7d49e3f,48.0,102358.0,5.0,1.0
40052927-8ae7-4826-ae8d-21f5534e7c65,45.0,92457.0,36.0,1.0
6dd76429-822d-4016-a8ec-6e57358e2817,28.0,148791.0,21.0,1.0
d2e69ccb-cf3a-4c13-b715-f81903172c07,18.0,55968.0,5.0,0.0
2a3b2fb7-ba50-48a3-8c3b-ee28bf055eba,55.0,92508.0,31.0,1.0
df9e87c3-7863-456d-aade-70dd35043695,41.0,134791.0,16.0,0.0
40d2f8d9-5998-4e99-bad3-5c57296d8681,48.0,93220.0,37.0,0.0
c286130f-7108-4ca8-af9a-7928dd7d17f3,58.0,143435.0,16.0,0.0
2ebaffe1-c17d-4d2b-bf5d-55aad7cf7327,43.0,115366.0,36.0,1.0
a3661d46-fabf-4106-83b2-81eac17b2af1,22.0,35738.0,22.0,1.0
6ac89814-a1a8-4946-8963-1d6daba3da08,37.0,33098.0,12.0,1.0
5b587ede-303f-42a8-a25b-4f32765d56fa,58.0,125424.0,31.0,0.0
7aa66049-937a-4da8-af55-2c3fdfcc4ef1,28.0,103633.0,21.0,1.0
738afe0e-cdd1-44f5-a2cd-ec1d589ecfed,50.0,108672.0,6.0,0.0
e6c4be28-c2ba-42c4-a49d-97f9bfa99ee2,55.0,68244.0,21.0,0.0
730ab36e-d213-4815-8626-02c3e250a0a2,44.0,38253.0,20.0,1.0
afe9bd98-a7ed-41df-963a-2c8c20e02788,51.0,84333.0,5.0,1.0
6369307d-e759-469a-a377-6f34799bcbea,32.0,80969.0,13.0,0.0
5c1bb911-c801-4aa8-aea4-14048760d809,49.0,120744.0,15.0,0.0
d614a00a-3bd6-4023-b94d-a8be42d9d575,38.0,100423.0,2.0,1.0
b7eb1eb6-a76e-43f4-a954-95c4d6f966aa,22.0,147286.0,8.0,1.0
4cb2bc95-5123-4125-88c3-21e5628841d4,23.0,74411.0,20.0,1.0
042b6d70-422c-4b8d-bf76-31f26f574eef,55.0,105028.0,29.0,0.0
fc0e933b-686f-4156-8d22-28722b475271,39.0,65421.0,29.0,1.0
4d40a61b-0fa2-4065-8e6b-dd1516159ae4,35.0,31454.0,31.0,1.0
74d56ca6-06f8-4da8-acd1-2d1675f5ac8f,31.0,47522.0,22.0,0.0
df2fba79-03b9-4ffa-beda-20c4f5d2afc9,27.0,68575.0,2.0,0.0
6b30c743-4945-4e3e-ba6d-277b3984aa9c,30.0,33192.0,0.0,1.0
8c05de49-b766-4ba4-8859-05c57ccf4991,48.0,141116.0,2.0,1.0
e8258dbf-59d9-4d08-823c-563727829c98,47.0,85268.0,36.0,1.0
07d70e19-1493-4d71-80b2-7896cdd0ff28,20.0,111311.0,6.0,0.0
c89e3dff-24fb-4dee-ab6b-e7016290d51f,47.0,40402.0,2.0,1.0
4cccf043-ccb9-4ffa-a4d5-212bad88cbf0,23.0,108610.0,35.0,0.0
45b05a6e-f1f1-4aad-8d02-e6a91d46f389,46.0,110781.0,2.0,1.0
9e78b245-d72d-425b-b5a1-60550ac000d0,25.0,66527.0,3.0,0.0
f5c1e7ae-ec5b-4d61-9385-9197724071e5,50.0,82181.0,30.0,1.0
f87af8c6-3923-4aa5-b805-954c23bfc148,34.0,121472.0,1.0,1.0
b1b537ce-695a-4f29-8de5-2478fd2cd9ce,28.0,57002.0,13.0,1.0
d7e4a099-bf8a-459e-8151-c0ec4fe8cbe2,30.0,111219.0,36.0,0.0
19620e70-4ee4-4f90-ad29-44763237dead,28.0,42460.0,30.0,0.0
9f657036-d0f5-4e74-8674-31a629362761,48.0,149783.0,1.0,0.0
9f0b6503-f0df-4f6d-977b-18694f7496d1,45.0,60482.0,30.0,0.0
5aed0276-fc90-45ae-b700-0ee0eb3abf06,23.0,46447.0,21.0,1.0
6185ffa6-651e-49cf-92d5-fb69ea98dd91,58.0,78228.0,9.0,0.0
a7de5b4b-6a98-44a7-a320-fdfdfec87107,33.0,113265.0,29.0,0.0
cef6dd2c-a995-4eb9-b1e4-ed06426f9baa,21.0,80126.0,32.0,1.0
07ce68b4-3001-4d1c-8a0f-d84a7a0fd152,52.0,50545.0,18.0,0.0
934245e9-48ce-4d3a-99a0-055ef224c834,43.0,85114.0,24.0,1.0
10cc19f2-0f63-471b-9dd4-2d617fdd2c1e,29.0,123740.0,0.0,0.0
486a6e62-aef2-4fc2-91fa-35773a36418e,28.0,105350.0,31.0,0.0
025a9545-82d4-46f4-949c-41937d82e03e,54.0,87801.0,24.0,1.0
37b566ac-12c5-4f6f-93a6-33b949d89f2f,42.0,43890.0,16.0,1.0
c39f41c2-18be-46e8-928a-73f6b11f0b8d,35.0,82482.0,13.0,1.0
53955976-bb09-4927-827c-3696c6bd5a1c,36.0,93397.0,12.0,1.0
6e61bebb-e957-48fa-b319-f8a243de1ec0,40.0,31740.0,37.0,0.0
c0161a52-0d69-463f-ab38-a26cf53bf464,55.0,60121.0,38.0,0.0
c4872510-2b63-47f1-b201-66445dfd8a8d,35.0,41218.0,1.0,1.0
42fb3ad3-8705-4b0a-a201-1ae8628d3d91,43.0,101591.0,31.0,1.0
eab4f574-b99f-4925-b04f-0b9b189ed234,23.0,118241.0,31.0,0.0
81ccbe44-b7f1-448b-9d6b-bda49bff630c,21.0,64722.0,39.0,1.0
935f2c5b-67bf-4e5d-8b7b-c8c4795b87f6,46.0,79431.0,5.0,0.0
e24af8ca-6e54-41e7-b1a5-4ad05e197c88,51.0,81543.0,24.0,1.0
e5a970e2-8423-4db2-b4d7-b0442b69e245,34.0,72000.0,2.0,1.0
0d3fd2ec-20f0-4a0f-bb55-0ee7c0fcbe9e,33.0,101975.0,17.0,1.0
fe1091f5-6b49-4860-bc32-8a3fcb4d39be,19.0,60921.0,37.0,1.0
37a40c5e-b97e-47c5-8bbf-e249af4a2f0e,51.0,129265.0,2.0,0.0
9a69151a-f64a-46ac-a44a-43edaebd9ed0,25.0,118747.0,4.0,1.0
28266c5a-d56f-4efd-9ce0-385c8da878ef,30.0,60614.0,23.0,0.0
e49e5e08-2665-49f9-8177-90c3df975a61,59.0,91189.0,33.0,1.0
7c80a676-96b6-4055-a239-4385b28aa301,25.0,47601.0,38.0,1.0
0ade8afc-90b6-4e5e-96c8-2516db9de10d,47.0,123332.0,23.0,0.0
9cf9ce8f-ee45-4667-9f56-3f43dbcaf00a,49.0,101543.0,35.0,1.0
9ef30020-1e88-4361-85f9-93b67c5ed63d,53.0,50514.0,27.0,0.0
7dfa10e6-e1d2-43ff-8ef4-14d006e564fa,47.0,113312.0,33.0,1.0
5159f9d9-d10d-43c4-a100-a1719774dfa6,18.0,97612.0,15.0,0.0
1c1c01b4-b46a-4205-93fa-3dba551a0a96,56.0,120886.0,35.0,1.0
395d8e29-f979-4144-9abb-b2718b2bd263,34.0,149004.0,6.0,1.0
c79bfa82-8564-461f-8a95-d9c37e324cb3,37.0,134500.0,17.0,1.0
f9504fda-0c53-431f-84b2-83ac524ce350,41.0,46292.0,5.0,1.0
5f4123ee-dc92-404a-89aa-2bb08b005c47,39.0,61510.0,27.0,1.0
ae3ab3a2-dbf8-44df-b912-2d9797c46b3c,46.0,58000.0,38.0,0.0
adba1c5f-f326-4ce4-9cec-29a3e09d96d7,39.0,138619.0,33.0,0.0
46eccf3b-5317-46bd-8698-d867bb436832,26.0,149277.0,28.0,0.0
c5f2f515-29fc-450a-9f96-547588323917,54.0,60383.0,3.0,1.0
330d9157-7c80-40a4-b9d1-ed23f23e5d36,27.0,41785.0,13.0,1.0
787ee567-4e18-4de6-a62b-63311f43277d,53.0,70910.0,4.0,1.0
58a368ec-5d57-4218-ab1a-4dcf143a17b5,54.0,69028.0,24.0,0.0
d6ae9f19-bc40-43dc-aebf-37438e760aec,45.0,54855.0,38.0,0.0
248e66e6-a958-4146-bbad-6ab349341674,45.0,54281.0,7.0,0.0
f20bf576-a31e-4d7d-b38f-fc0c78d20198,59.0,143838.0,14.0,1.0
c7a05442-ce9a-4a97-b74c-5fb8236fdeeb,38.0,34841.0,18.0,1.0
5a009fa5-87ea-4f5b-b033-7b1a4853caf2,41.0,127204.0,10.0,0.0
559a516e-312e-4cf9-a224-ad0944dbe191,59.0,90155.0,19.0,0.0
c52e47fa-6a16-4265-aa3e-923124797f0c,57.0,56918.0,35.0,0.0
eee776e7-2c91-43f3-9a57-b3e0255333cf,19.0,86313.0,17.0,0.0
b49cf5f3-dd35-4c77-835f-9184b95960ec,25.0,141688.0,13.0,1.0
2a8fb350-d103-4793-b281-03ff905a5349,44.0,47443.0,37.0,0.0
a9c50cf2-9173-467e-9d91-0fc096eac78b,39.0,62250.0,24.0,1.0
a8b69d36-5e5f-403a-bd63-8f66391c4d6b,54.0,31922.0,15.0,1.0
823dc9a9-7151-4fec-855f-1197f26bffc2,44.0,61976.0,17.0,1.0
f3bc12a3-b5a7-49f8-af8b-05d065a0b74b,46.0,41991.0,0.0,1.0
ec88f47d-1c4e-4bf9-a158-32c183f165ba,20.0,134405.0,39.0,1.0
484bc062-08f8-4404-84fe-8bf615269520,30.0,83744.0,0.0,1.0
afaeff2b-ed2a-4cf9-9794-fb536c497ccd,27.0,52733.0,0.0,0.0
256715c1-9c94-4fdc-8252-9a79bfafa421,53.0,32473.0,20.0,0.0
a2e6a1f6-4e7e-47c3-85bd-48ab43fccee1,26.0,38108.0,24.0,0.0
f8053e11-b64d-4fd3-a112-6d960f66c806,44.0,58715.0,26.0,0.0
a5944995-2cc4-43f7-8425-7755fefcc156,51.0,143754.0,9.0,1.0
73f3f8d9-0188-4801-a106-6866c6eb02be,18.0,138347.0,11.0,0.0
17f6550b-c36e-41eb-b7db-f8feb31a62af,49.0,62210.0,27.0,1.0
05147889-d057-4ba8-89ad-869b63ca1f5b,42.0,144514.0,31.0,0.0
efb23e9e-c20f-4db7-a6fb-1b2c8ec08dee,46.0,67317.0,32.0,0.0
eb773dd2-0353-4df6-84d5-3039cd66f23a,24.0,95516.0,7.0,1.0
356abaeb-3719-4cf3-97b0-16a5e754f4a9,20.0,63362.0,25.0,1.0
43f88150-4436-457b-95ff-dfada7885d35,37.0,84604.0,1.0,0.0
999e0a82-5b01-4b31-aa37-08607d63731d,37.0,145194.0,34.0,0.0
f3161781-7140-46b7-8763-cdf085eac4db,47.0,34889.0,33.0,1.0
c2f66402-692b-445e-8db7-8be578c81791,52.0,119557.0,5.0,1.0
b05fd7c1-7ae6-4aa8-934c-48c4b945360e,52.0,103748.0,30.0,1.0
5f2f19ce-f8d8-4d39-aec5-fbc03579a9fe,56.0,61971.0,22.0,1.0
0e8b8d70-e303-4115-8be7-6f2b3aa2db97,44.0,80551.0,11.0,1.0
a69267ed-d8f8-47fe-9ebc-e00457dba3ad,43.0,33201.0,27.0,1.0
165a9b43-d669-4248-b1e4-39e69ea1da6b,31.0,136158.0,14.0,1.0
2016b528-af1e-4580-90f4-5dec4ece4497,34.0,135067.0,18.0,1.0
84acd485-321f-4f3e-b524-2a077b743ffe,35.0,138957.0,11.0,1.0
eb99b1e4-39b7-4eba-8c89-6aafb8feb773,46.0,119882.0,1.0,1.0
dd264907-23b0-439b-9412-66a485379dac,37.0,67958.0,10.0,0.0
d1804c4c-97d7-41c2-a3be-d9d0435e9d30,44.0,109251.0,36.0,1.0
a089d157-a763-414d-8498-601f632a749b,35.0,35681.0,37.0,1.0
ac72700b-01b1-4530-90af-129fb7148db2,21.0,131982.0,24.0,0.0
f55a56e9-b4d9-4cd1-a93d-4d0731b33292,18.0,76870.0,20.0,1.0
c468c14c-c8ca-4e5b-9e23-bd3451404f33,18.0,112256.0,35.0,0.0
d0f8d77a-c252-426b-9fdd-d688ccd5fb97,43.0,97203.0,8.0,1.0
f565208e-2349-4f31-b6a7-ec3f60d6af48,37.0,58152.0,11.0,0.0
e4cc0902-cbf8-49b7-81ea-94b2a2f27d29,40.0,80061.0,9.0,1.0
24e22bc5-f31a-47da-a95b-030073b8ce76,27.0,87619.0,4.0,0.0
6ca030cc-fb6d-4c0a-a45a-bc529f0aaca8,28.0,88235.0,32.0,0.0
4958a666-e558-41a3-8f86-58058e90231b,58.0,103740.0,4.0,1.0
b365a46c-5840-4efd-8cf9-024634028d5f,58.0,67890.0,15.0,1.0
66595f34-833c-4684-a2c7-d27d781cd22c,22.0,120073.0,36.0,0.0
d4418751-38f5-454f-b56a-4d276987eed3,18.0,91401.0,36.0,0.0
4c960f2f-7686-4ad5-b2fb-a975de209273,34.0,41217.0,28.0,0.0
7e0de6e6-6217-404e-a8ee-9dcb9ddb1558,39.0,78351.0,17.0,1.0
c76edf75-d909-4dea-b180-81acbaec2a15,51.0,63741.0,28.0,0.0
89eb80f3-7f0b-447c-9654-003adb91b441,58.0,50654.0,5.0,0.0
dac788cc-700a-41a4-a1d8-0944ad3ebdc9,46.0,91314.0,17.0,0.0
51c19cde-82dc-4eef-a9ac-60a22ea8ebcf,21.0,31408.0,31.0,0.0
236ce762-63ec-4a9e-b88f-44c5a2c5f1cc,22.0,72903.0,30.0,1.0
e985c1bb-f365-4281-b559-5b3309f7ca52,28.0,114208.0,10.0,1.0
9d55de52-e76d-4a92-861a-618e80bb6b76,38.0,137042.0,25.0,0.0
7be8039f-d430-463b-a235-e6bfdb037b51,52.0,142653.0,27.0,1.0
d64a0c04-f9e0-4402-9a42-b198db7382b5,29.0,31218.0,26.0,1.0
f70b7d43-8ed9-43a5-98b3-146cd93493f7,43.0,80572.0,18.0,0.0
fec0a5fb-8bfe-44a4-b7e0-2b1a8c3d93f4,36.0,88798.0,26.0,0.0
9750f9bf-c0f1-41d4-b17b-92daf682c1d7,24.0,131681.0,19.0,1.0
521c1514-8793-4146-a24e-dc2b2519abe1,24.0,139268.0,2.0,1.0
8d983cfb-cc58-4b09-8a32-4322bc58d78e,43.0,60105.0,15.0,0.0
40a75100-16fb-4001-a89e-4d39c2973529,57.0,99634.0,38.0,0.0
12968db0-4bc0-419f-99c7-5d6ae13021ee,22.0,147426.0,28.0,0.0
7df3de35-a821-4c4e-bf19-3e097eb96b4d,38.0,95063.0,14.0,0.0
1e634a3c-ed0e-449e-9274-168e787df5e7,31.0,37619.0,29.0,0.0
a9afeb8d-9614-4a7b-af97-7da2f8b7891d,21.0,41939.0,39.0,1.0
f1a5a967-e717-4834-8b6c-51612c3cc616,40.0,48226.0,0.0,0.0
4229b06a-c5be-4c5e-8bc3-808eb7ab16d2,59.0,55322.0,28.0,0.0
0453defc-4c48-4847-8611-477144befb3c,37.0,147504.0,29.0,0.0
467e6992-46d7-45f0-a5f5-e75cdd5e63e9,32.0,88215.0,39.0,0.0
6e14408a-90cb-4123-bd80-69371bbcf423,46.0,46878.0,31.0,1.0
6fd54520-61d1-4dbb-8e70-af30c5009a12,25.0,36560.0,9.0,1.0
6c3c4966-d3a8-460c-bf19-df9ec0bab337,58.0,68278.0,26.0,1.0
c2076bf7-a03d-4077-9070-e6d7bef1d55b,36.0,66212.0,7.0,1.0
265fb64a-b7da-485c-bdb6-1db687e71c7e,56.0,124835.0,35.0,1.0
e1ca4eb8-ca24-4716-9dcd-91a05422d201,45.0,103079.0,34.0,1.0
8e99aa0c-0ffe-48cb-a346-24ba9ab93b10,44.0,53946.0,35.0,0.0
bc097a99-2615-4bc3-ae86-32673451088c,21.0,148682.0,35.0,0.0
bdebc3e3-c94a-4202-bf5f-6a898ab2bff6,32.0,61740.0,24.0,0.0
f9a2652f-fd5c-4e31-af3d-7f3f0708e8fb,52.0,140733.0,19.0,1.0
3f740c92-d898-4455-9b93-f672c07e1874,54.0,37253.0,16.0,1.0
8ea12974-2dd0-4981-9746-88092cb4427b,18.0,109311.0,22.0,1.0
8d83ab26-8c3e-4d6b-981d-019741ee5c92,20.0,62813.0,24.0,0.0
0b73ec3e-dcf7-4d88-802a-bdaf5cc27838,41.0,94331.0,30.0,1.0
1a499df3-86f7-43f7-bae2-6c9be5cd803e,44.0,57632.0,5.0,0.0
e9b8b664-4800-459c-a256-8eae22b9f39e,57.0,78365.0,34.0,1.0
4f1e54cd-5240-4563-a617-2baa1de10e40,53.0,97593.0,3.0,0.0
def854b8-b49f-44ca-8f8d-09a72db6ee48,51.0,63431.0,39.0,1.0
00538756-488b-4f8f-8f2d-2eef7f6e3c06,46.0,67436.0,19.0,0.0
27dcb746-c217-438e-8a9c-6e98830ecd12,41.0,48413.0,0.0,0.0
e6fe6189-05ef-4465-bf49-39eb18e9e742,41.0,125761.0,25.0,1.0
962fd596-1b19-4917-a331-1cd3517df439,59.0,68485.0,33.0,1.0
74aab91e-8da0-42d4-b377-a94222c189c0,21.0,98232.0,9.0,0.0
860e1184-da2c-4b35-a949-5bd2b938394d,20.0,141504.0,22.0,1.0
cc43a8de-feea-4f3c-9749-0d787847a04d,51.0,46101.0,23.0,1.0
9d74de53-d271-4e3f-8578-6e0c5eeeb14a,40.0,38831.0,12.0,0.0
8b90a43f-046d-46a3-bca7-f887e834826f,40.0,114583.0,28.0,0.0
e457bcbd-ab5a-4e43-a6e0-80a1b9ff2d42,22.0,81897.0,26.0,0.0
fb890685-bbc0-4210-b0fb-1867fc5471ff,48.0,35004.0,30.0,1.0
b8b3bfc2-157f-4924-b857-0092ae7bc866,58.0,118241.0,9.0,0.0
6ac3a724-97fd-43a6-900d-b91ac5384357,23.0,75924.0,30.0,1.0
a801b7cf-cabb-43f8-9848-7c76238f82c5,54.0,51509.0,38.0,1.0
35165bce-65b2-4205-a1e3-be2dcbcb0b12,27.0,149636.0,9.0,0.0
18e8aa28-2fc0-4cbd-b495-6cd8f8908196,57.0,67170.0,23.0,1.0
93afb788-ee05-43f4-91d3-9115dd74fe82,24.0,73555.0,32.0,1.0
1626d00b-e0a6-41d5-ba9c-0dad472349ce,56.0,44662.0,13.0,0.0
7414abd6-6cfb-46c4-b32c-efa962222fb6,55.0,148115.0,34.0,0.0
7f4a8cdd-da66-4d59-8bb1-ca0de4e6d5f7,38.0,134216.0,33.0,1.0
a27084b8-fa87-424a-b6c2-6b0c42dd6a18,37.0,95930.0,16.0,0.0
ec064455-6827-4bf5-9df8-383289f7fe30,20.0,77403.0,20.0,0.0
53416e01-e393-4df8-870b-5aaa1357fba5,39.0,66365.0,31.0,1.0
94093ce8-c5e7-44ee-b869-d2dda87642d9,21.0,92188.0,2.0,0.0
dc899a93-e310-4e97-a258-924a9b56fc9f,45.0,106060.0,14.0,0.0
955d7cfc-3808-4e9b-8cf8-7e67b576fd4e,29.0,128633.0,7.0,1.0
b88dd1bd-623f-4359-8bd3-82c7f5135b3d,55.0,56673.0,31.0,1.0
5f201daf-1ae7-4a35-a2ed-6c7e88c8414a,53.0,93471.0,37.0,1.0
f1adb631-dccc-492f-8f75-ae08e5b80cee,58.0,47156.0,25.0,0.0
862764e5-7b20-40f6-9b8b-f1034525a721,22.0,87287.0,29.0,0.0
da355385-bd4f-4f93-9a37-603ddf4092c9,30.0,31645.0,8.0,1.0
d9c67294-b822-4da6-a373-3c82029a66e1,40.0,89076.0,31.0,0.0
075a3597-c008-4b0f-8b71-80b3b4a90c12,47.0,124585.0,10.0,0.0
bf50d646-568d-4e3a-8e81-afa2a7e83ae1,54.0,146475.0,21.0,0.0
0e8457b0-536f-4455-9ab9-24b5d277c253,42.0,105351.0,33.0,0.0
d8c3d702-1c24-4888-9281-ab756de24dea,44.0,80151.0,17.0,1.0
e8646bf9-4cd3-47ca-a430-bd0ae83e8c98,31.0,97384.0,18.0,1.0
e214a5ab-9d2c-4fdc-9353-67bfe0ae6952,53.0,129865.0,17.0,0.0
a5b3c50b-6935-4eda-817f-8ea003f787be,56.0,63541.0,36.0,0.0
12965295-6741-46a6-8bb8-fedb6452f9e2,33.0,102847.0,17.0,0.0
2e7cb839-8094-40fe-bf11-3311da9103bc,39.0,117099.0,11.0,1.0
eeaa47f7-f94f-4794-89bd-809c1369965b,38.0,110739.0,3.0,1.0
c2a01358-8b8a-46b4-9c10-8e75f9254136,38.0,80955.0,26.0,1.0
f6d7fe84-d4b0-4ab1-b5e5-6f3920b1153c,25.0,39290.0,4.0,1.0
57ea7358-f17b-4386-b26e-30abe56bea35,33.0,130354.0,5.0,1.0
4704c6c2-3675-4f0a-aad6-5f57e71f540f,48.0,88942.0,12.0,0.0
8a4f344e-ac6d-4ca1-a46a-f587f1ad0437,59.0,112667.0,22.0,0.0
ddfb430d-a2c2-4e7f-809e-7f39e4b2a634,27.0,60143.0,24.0,1.0
5773cc0a-2ef2-4de7-9819-76b4714fac49,49.0,54509.0,3.0,1.0
3eb0d0ed-d145-4b28-8859-cd72ed39388f,51.0,117780.0,31.0,0.0
31c41f2e-d24e-48ac-8df2-4e59c9dcd291,26.0,66741.0,14.0,1.0
1a9df527-ccc6-4698-a147-4610198b2551,34.0,56898.0,25.0,0.0
0124c132-ebdf-4cc5-b30f-38ccf1c163fb,28.0,129919.0,10.0,1.0
523483c9-b19a-4a6e-aff2-f741272072ad,49.0,142854.0,8.0,0.0
67d86475-515f-4e41-bb04-7c6993e02c04,27.0,115674.0,10.0,1.0
8e102cfd-7541-42ca-9b21-35be0e562c63,39.0,92948.0,1.0,0.0
fcfcc6ed-9242-414c-916c-6eeb1f144732,34.0,91768.0,26.0,0.0
8a9a5b54-4939-449c-9493-10055d1220b2,21.0,73262.0,25.0,1.0
39a9d34b-a429-4a25-82a0-b5e8f78e4c0b,42.0,35506.0,7.0,1.0
2eb75125-06af-4978-84a4-272e4cba4860,38.0,50605.0,20.0,1.0
c6885d48-e4c5-4957-b297-cba620be1aac,54.0,108590.0,20.0,1.0
e0f31912-93ef-4f34-b462-ccaf47c43751,55.0,58231.0,7.0,1.0
32e39386-4b4b-4a27-9006-96258c83f1b6,18.0,109397.0,0.0,0.0
d5a82f47-eb7a-4e44-a5b8-4ebc5e6e31e8,42.0,107123.0,37.0,1.0
96eff785-f475-4860-9bab-55dad3801eeb,53.0,43515.0,12.0,1.0
85ba8afb-5f97-4b87-bfda-1819083b50e8,34.0,117211.0,8.0,1.0
17796690-6735-4993-b591-9bd2a706585d,58.0,68622.0,27.0,1.0
3edc30f2-f363-486e-a3a2-319a52a57f5c,41.0,46600.0,5.0,0.0
945a3d49-ba3f-4e09-a952-62ae6584958b,19.0,57892.0,22.0,1.0
231ebe2a-72d7-4cf2-9b3d-1cb7e3849e20,57.0,113279.0,35.0,1.0
89a53005-a8ac-43bb-9e55-0de8881c010d,32.0,99310.0,16.0,1.0
2af09542-208c-4f05-9aff-938d27c13f55,49.0,51801.0,8.0,1.0
617c31f7-2fc8-48c2-be90-70cb7bc8da26,56.0,67695.0,11.0,0.0
ff7819da-66f0-4571-b991-e1c54e57f592,23.0,58853.0,21.0,0.0
05805312-f143-4665-b035-b9df5e3f8958,18.0,34429.0,11.0,0.0
e0484eaa-3625-4ccc-b8fb-4ab158da009b,40.0,34606.0,5.0,0.0
2c8282a1-f759-45c1-a550-9df2579b74e2,56.0,34478.0,8.0,0.0
cbcce07c-ab6a-4307-b97b-f8c92ade74e6,34.0,144380.0,36.0,1.0
f09d254e-b2e5-4bdb-8c05-7c7fa3ccd2a5,51.0,113816.0,2.0,0.0
ff6dc0bd-65d4-4062-90eb-5c3b654cb9a3,58.0,70134.0,33.0,0.0
958010e4-2a12-4984-9d5e-301150c29015,46.0,99963.0,7.0,1.0
47821860-f066-4a6b-9d0b-44256c04e95c,26.0,141780.0,9.0,0.0
0fb04ce8-1cdc-4850-b3d2-68c4a0a8e2b7,30.0,100897.0,8.0,0.0
1b23d33b-a505-4503-afda-74ff11361e6b,23.0,55475.0,13.0,0.0
af236d26-fb14-4280-8469-feb329c9e5d6,23.0,96177.0,36.0,0.0
b8988b08-6074-490d-87b9-b153aacd5551,37.0,51730.0,26.0,1.0
10e30c6b-953c-4395-8123-a5a546a86b3c,20.0,51113.0,31.0,0.0
8fe25ea0-b2a7-4880-8cfa-a09df15880e1,34.0,50011.0,3.0,0.0
dac50b6a-a73e-40b0-b100-ba9f56fddf5c,29.0,85746.0,1.0,0.0
5dd1075d-ce09-4b29-ae8d-8c4a674a3f4e,18.0,72853.0,32.0,0.0
b9cb4751-1cd1-4e35-85bd-93ce130f5da5,34.0,115195.0,20.0,0.0
bc89319a-6b36-4b7a-af7a-de4b52b3a3ff,20.0,66818.0,0.0,1.0
ce71c26c-2f56-45e6-b771-de14f9ec9bfe,43.0,67321.0,10.0,0.0
85bb5599-4f21-45e3-b6b0-f9622f292746,32.0,51309.0,0.0,0.0
71629a9f-e692-4274-9a40-eb96892edbc0,53.0,48688.0,10.0,1.0
fcf13e96-6a84-4077-a7b3-3acfa3f4036b,49.0,58176.0,6.0,1.0
5763f9b5-c94b-4e67-9bc6-738136f1523a,49.0,98879.0,1.0,0.0
1089e875-40d7-4567-a116-1e67ee11f12a,21.0,97592.0,14.0,1.0
dd3c4853-a662-4bad-b9ea-3b7613b84e83,35.0,114728.0,7.0,0.0
f60dac10-aa1b-44e6-ab7f-602b6108adbc,36.0,119012.0,25.0,0.0
cac6bddb-23d0-486e-962c-66ce24c2098b,52.0,39416.0,39.0,0.0
5ac33ce0-6a7e-4237-91b9-7db734ed8290,57.0,69994.0,34.0,0.0
ecf2864b-60a7-44ac-a40a-3a42ba7f78f7,31.0,96422.0,20.0,1.0
b4f82716-5697-4e07-8b3b-6c68d245881f,50.0,38584.0,37.0,1.0
668f5c10-7ea3-4b25-84e1-a29b642130ac,31.0,123302.0,7.0,1.0
aa4ed5a7-0414-4b0d-908a-bfe052d50da5,51.0,48830.0,31.0,1.0
d74d9567-8b91-4496-ac14-b6bb8c59033d,21.0,115825.0,7.0,0.0
aeff7776-66ef-444e-89aa-a25ff14ef871,41.0,107066.0,9.0,0.0
45b24d29-b982-4328-9d3d-c8940fcebe12,46.0,33591.0,22.0,0.0
c06b58ad-b82c-48f0-80a0-759597cab0fb,36.0,123878.0,3.0,1.0
56e38879-ef17-4758-86aa-0d810fcc51b7,23.0,146869.0,37.0,0.0
d3916d46-45ae-4a7e-86e5-9ff0c0e8e4ab,50.0,51395.0,29.0,0.0
cf4c9e81-de00-43a4-8f45-65e918b36a16,57.0,84182.0,22.0,0.0
7581698a-ccc0-4ed5-89d4-970455751099,36.0,46738.0,4.0,1.0
84c21792-ccaa-46d4-af8c-41d0f06c2fde,18.0,32631.0,20.0,1.0
f81bcaa4-c306-44cc-85e6-0ecf1c4acc5f,22.0,47905.0,5.0,1.0
41405577-fd2a-4b83-a36c-0ec9e99ad413,44.0,49056.0,16.0,1.0
7c934124-67c6-4b2b-b25e-251997169f0c,33.0,139674.0,24.0,0.0
8d6de7f6-34ed-4f7d-9df9-5699fa2fa9a6,23.0,147025.0,23.0,0.0
fbe8b352-464e-4664-a4d0-4dab8ebe6348,57.0,145316.0,21.0,0.0
3099b035-8a8b-4704-b342-9db7a0dac816,30.0,119082.0,12.0,0.0
899ea66c-9600-4fa1-83ea-cfa13c8a5fa7,52.0,65447.0,16.0,1.0
0c65d0d9-7eb2-461d-996e-1da887c9770e,36.0,84418.0,13.0,0.0
661390b9-5bf4-4b23-a0f9-b1ac814afb6e,29.0,67190.0,33.0,0.0
012370b7-17bf-4372-88f4-138ea992a246,33.0,56014.0,25.0,1.0
910d89b6-f1a3-46d2-bed9-04095d46a9c8,27.0,102999.0,18.0,0.0
bcd60b4e-a601-4ea8-84d4-c57ebd9dabd3,42.0,137917.0,25.0,0.0
a518c2dc-a78d-4460-b865-0fc4e244df21,37.0,80278.0,2.0,1.0
16da5678-ab63-4168-9df5-fecd230c02cc,48.0,31780.0,1.0,1.0
2537e798-0101-4a9b-8400-48fc701e4aef,21.0,121643.0,27.0,0.0
7325ff85-159a-4e0e-85d4-6d4e24266a10,40.0,89258.0,1.0,0.0
4d18f350-4a68-4461-8219-c2f27265bd67,19.0,127123.0,21.0,0.0
776ecc45-6ce0-4cce-8d8e-5a8fe02be99c,39.0,72192.0,6.0,0.0
beb1845a-9c9b-4fe2-abfd-d2fd1ddc0601,54.0,89300.0,3.0,0.0
d0b9bc76-4626-4073-b594-5f4769b86e90,25.0,134875.0,37.0,1.0
676621bd-8737-4b21-9a16-48023770ba36,24.0,120504.0,38.0,0.0
401c3626-d2eb-4242-af43-4583e9be3d7e,31.0,129129.0,19.0,0.0
b2ccf429-0825-4887-ba4e-a6c04b25f66c,20.0,73923.0,5.0,0.0
6fdcf463-84de-4fb9-8864-744c7613fba9,33.0,119196.0,8.0,0.0
24436a45-b715-49c4-8c59-18e45ec95788,36.0,32395.0,30.0,0.0
2872102a-6201-4644-813c-d862c6346824,35.0,132449.0,25.0,0.0
5d9368c6-d8a6-4669-8c04-1da00bad7f0f,33.0,127384.0,35.0,0.0
f4e5e2db-449c-493a-a8ef-f86874d5b0f9,25.0,45779.0,25.0,0.0
40d0e21e-afcc-4131-86da-c05f2cdd620b,50.0,101028.0,27.0,0.0
2cd733a5-fac4-4608-8854-0a0b5d031ec3,29.0,59722.0,4.0,1.0
d2da9081-0ec0-4172-9b8d-07d7af863fb7,28.0,37111.0,9.0,1.0
fa42eec6-1940-4e77-a148-ddf5b4f528dd,22.0,141391.0,17.0,0.0
0ce6cdfe-1f6d-4a61-b248-8b32aef11999,44.0,39984.0,14.0,0.0
704cfd20-0db8-43ce-88c8-ab72b33df7ff,29.0,127552.0,32.0,0.0
4d4ebcc7-d341-425c-85b1-3c079eb13c7b,34.0,123176.0,4.0,0.0
b16f48b8-18a6-417c-9297-fa009d3cf565,23.0,102328.0,36.0,0.0
709c97ef-7db0-477c-825a-48613abd49e9,50.0,56924.0,39.0,0.0
671a7470-9a6f-4f18-a475-bb48e1325a1c,22.0,82703.0,21.0,1.0
078ff11b-a55e-4ad5-a8e0-d4d2a430177a,45.0,62577.0,21.0,0.0
e05691ed-28a0-4f6d-90e6-82c69ad560cb,31.0,37711.0,21.0,1.0
52e248cf-5f32-4d98-b43d-7cd77171735e,22.0,115548.0,14.0,1.0
2aafe187-364f-471c-9036-cdb515dacd65,50.0,129869.0,16.0,1.0
bd3d8dfc-bce7-49f6-98f5-764fcd6b574e,58.0,131971.0,27.0,1.0
7db2202b-6165-4083-9855-92510c757d1e,36.0,134763.0,21.0,1.0
241012b4-f215-4b74-aee0-5dba9eadda53,39.0,34096.0,20.0,1.0
f810feab-49e3-4521-81c2-ffbfd6ba6c2f,22.0,96555.0,16.0,1.0
690d73b9-0cde-44b3-937c-a67064f6fb4b,19.0,119848.0,4.0,1.0
9e061c35-9129-4ea6-ad31-3bd3ea3f3410,47.0,105012.0,17.0,1.0
67e4c275-4c36-4b65-b6b7-768263e4dd8f,56.0,38254.0,16.0,0.0
9c91e9a1-81b2-442c-aa22-3b72d6b516cb,21.0,127955.0,3.0,0.0
50e8bce6-3851-4228-b2e7-512e9a706887,50.0,107120.0,6.0,1.0
0a7825d6-528e-4036-9e52-c36277242ae0,30.0,35965.0,24.0,1.0
689fefaa-471f-4e5f-be49-142bbf4134c3,37.0,107000.0,36.0,1.0
12508759-3234-4845-9abe-e4a26193823b,24.0,146957.0,39.0,0.0
4d9b374e-cd47-4a20-8acd-b7d3f46f8474,32.0,107975.0,39.0,0.0
dfade625-f936-4055-9136-ef681ddddc67,40.0,87987.0,8.0,1.0
2bb317bc-5e2f-4cfe-bfb3-67f91373a9d2,31.0,133025.0,18.0,1.0
0e243545-e8a4-47e7-a2c0-c0718ae43fc6,40.0,136712.0,8.0,1.0
54895e58-21b7-4401-b2e2-26e3a28ba2f8,36.0,62963.0,22.0,1.0
ff6ca55d-2c09-4adc-ac5a-25fb83fddf3d,46.0,123976.0,30.0,1.0
7c57d7cb-5967-4adb-a927-fe688f70975a,37.0,33273.0,31.0,1.0
08b89126-83ed-4409-b779-1f37063dc8ab,46.0,45330.0,30.0,0.0
35d5df0c-d47b-4faa-af80-7ffc9e182407,41.0,51494.0,16.0,0.0
2ddb340e-f4f3-44b8-aa00-d81162a72e15,35.0,106422.0,38.0,0.0
a49bbe81-be88-4511-b207-759964e890cf,27.0,33212.0,21.0,1.0
c4652460-7da6-4601-8e67-c06d618bdf73,58.0,131059.0,34.0,1.0
f05c9c3b-4427-4b42-be27-7fe57c06cd23,25.0,113441.0,29.0,0.0
d1a2a1ca-f373-491b-a9e2-00d2beca4927,43.0,117594.0,39.0,0.0
5528ba90-fc13-40e0-9d8d-0fb9b462bdd4,46.0,31080.0,36.0,1.0
ac48f8c3-0fd3-463d-88eb-f89790b69d76,27.0,62675.0,25.0,0.0
45970eda-1bc0-4114-ba49-165c6f580502,34.0,52007.0,5.0,0.0
012f03e7-3571-4c7f-8b39-bed7c385c1cf,19.0,143805.0,33.0,0.0
47a43bd6-cb9f-48a5-8a96-2e16b5a829df,23.0,112641.0,31.0,0.0
a84a4d2e-84b6-4ce8-aef5-e0063d12b1be,22.0,125815.0,24.0,1.0
6ca4e117-f94a-4bdc-8bd6-114c061d9089,45.0,76815.0,12.0,1.0
810ea4fb-00ef-41cc-adf2-64b9209b0ccb,58.0,113482.0,37.0,1.0
f64cef05-9e04-4544-b93b-8b3d260b1591,22.0,30639.0,37.0,1.0
856c9d82-75b7-4961-8265-cdd377b81af3,35.0,93593.0,1.0,0.0
74d15410-c7e1-4d98-9577-36d4b2d978e4,43.0,148948.0,4.0,0.0
1ea09315-4be9-4aab-b36d-4c0408f85914,37.0,108038.0,10.0,0.0
f2e17227-fc02-4099-afe0-a24b80336096,58.0,133494.0,10.0,1.0
31ab483a-d6c6-4b97-98a6-f537e6a0109d,44.0,123899.0,23.0,1.0
e771762b-37ab-491f-af74-25a21b287bbf,29.0,33736.0,13.0,1.0
d36b1721-c3a0-46c4-9350-36f4ef8cdc50,24.0,46473.0,29.0,1.0
830b80e7-5367-40c8-8fc9-9b59dfa3c6f7,20.0,64019.0,39.0,0.0
20471d47-08c1-4e84-8941-05053fa4679b,27.0,137598.0,34.0,1.0
9f971611-a556-4da4-a9d8-da7e559d5737,51.0,116623.0,20.0,0.0
e69c3713-0380-4f3a-b386-b6d5d5a5f5ca,42.0,145036.0,4.0,0.0
2f2dd82d-370e-4760-94db-b37333cc80db,52.0,124025.0,37.0,0.0
72a78000-5ae1-4292-b1f1-7603d442b106,33.0,66820.0,1.0,1.0
4d2da609-3cf2-4e84-b8fb-974c59d3c463,19.0,114861.0,39.0,1.0
3958e1fa-fba6-4141-800b-5d0c95934801,41.0,87589.0,36.0,0.0
dd790dd4-ea16-4523-9ea9-0e264ce81bcb,27.0,95807.0,33.0,0.0
f2b2fc2e-62f2-44ec-9fbf-3d4de4159b69,55.0,48414.0,10.0,1.0
44c34bea-64af-4b57-9f28-ea4a07e1f068,39.0,54220.0,35.0,1.0
eb79ac39-3d6f-4220-a047-adf3a696a299,43.0,90531.0,10.0,1.0
a13068fb-15e4-40e4-bf15-ea4caefae885,56.0,140002.0,8.0,1.0
25e5a2dd-a681-405a-987f-335b6437a78b,44.0,144193.0,5.0,0.0
ff898fb8-ae02-4aa7-91a8-3da2cbc6472b,46.0,72425.0,33.0,0.0
bd91d051-7f2b-422d-adcf-fca9bdb28985,55.0,39387.0,36.0,0.0
6394def7-05da-44dc-b844-7cace448c899,37.0,144680.0,31.0,0.0
307ceada-6133-4646-8cd7-d64969dce67e,44.0,106815.0,11.0,0.0
773d8565-10c2-41a3-bdfd-e22022097eb9,58.0,57584.0,31.0,0.0
31071d45-9987-49ae-9efe-041e765b55b6,37.0,74783.0,16.0,1.0
31015c1c-b14e-4e8a-95cd-117238d80929,36.0,69809.0,3.0,0.0
5408d6f7-cb7d-455f-885e-fed4cc188930,37.0,84327.0,32.0,1.0
7aed910d-2e7d-4973-a8d0-0c5724a2a3d1,52.0,145814.0,8.0,1.0
cf9eeb48-abef-42fb-a6a4-074b4c1e916f,19.0,149067.0,33.0,0.0
9857b4f4-f686-4942-834f-69c274c2b9cf,47.0,137012.0,38.0,1.0
1db3b029-6369-4d2f-9501-ed8de2d485a9,51.0,40857.0,29.0,0.0
d1278ffa-d717-4ed4-b422-6528b6c6ed99,39.0,72261.0,19.0,0.0
baeff84c-8728-4dad-9678-324c7eafe2af,20.0,103588.0,38.0,1.0
81e8f5aa-4649-4b81-8749-0ed82fbc9d2c,23.0,46995.0,22.0,1.0
b17d853d-4e9a-41d0-918d-660bbbe38d85,32.0,145437.0,34.0,1.0
e4d5681d-ec12-4388-84ff-d53b98919618,44.0,43580.0,22.0,1.0
86e9c2a0-ce7b-4869-b03b-6b63d3011330,27.0,48240.0,38.0,1.0
508c560d-dbab-4e7b-a000-542a2caf68d5,26.0,113446.0,22.0,1.0
d929fa64-a6c6-4caa-b0be-0e641746118b,50.0,105752.0,36.0,1.0
4d673228-034f-4272-9e1b-887a751b90a3,49.0,134533.0,22.0,1.0
a587bdc2-08f8-4e58-b46c-7caafdab60e0,23.0,76111.0,38.0,1.0
7ebb41f3-1723-4501-bdd9-0ef31dc96e98,58.0,120447.0,27.0,0.0
59d32efe-1d8b-4682-94cf-d1d01fd3a06a,53.0,64866.0,18.0,0.0
6300a000-b02b-45f1-b019-f80f2a2ec2df,19.0,110974.0,29.0,1.0
3d7d484b-fc6b-4adc-8d05-ebfc0cd87fbd,46.0,103401.0,20.0,1.0
2415d5d7-443f-4933-9452-09186b49f440,21.0,112093.0,23.0,1.0
c467b9d1-0e34-4f44-b44d-644ee027d77f,18.0,42211.0,20.0,0.0
a80982fb-5528-4323-9f74-e4ad266ea3d5,36.0,88985.0,25.0,0.0
e3367657-ef56-42bf-a4e0-07e774ba183c,43.0,63268.0,35.0,1.0
a4e97b2b-d164-4cb9-b984-03d54c240554,42.0,33646.0,25.0,1.0
357b74e1-a648-48e2-b2a6-3b64605cd2bf,27.0,85371.0,32.0,1.0
fe3205b3-42ad-457c-b8a5-29418d79055d,32.0,147051.0,35.0,1.0
5e0a1c51-4db7-49bd-9dee-09cf161924d9,39.0,72816.0,3.0,0.0
b8aabd1d-626a-4045-985f-cad4e8fb83d0,38.0,119460.0,8.0,0.0
f61421a9-93d0-41ba-aab3-1dfc01d6d041,39.0,74112.0,7.0,1.0
dcc3b86e-dd34-4d93-8755-79c6cb36959d,53.0,81048.0,1.0,1.0
fb959934-7a6f-4014-a1c6-dae11a029775,51.0,84911.0,28.0,0.0
79289d18-0344-4100-8276-6d6646f7b4eb,47.0,105446.0,22.0,0.0
20e02198-06a5-4775-8ad1-863fafe22c7f,42.0,31778.0,5.0,1.0
0d674537-cc0d-47ef-b417-580c82aaf916,45.0,75752.0,35.0,1.0
e94ca000-56e6-4c58-95a2-f397e881d47c,18.0,114977.0,20.0,0.0
f0f56df0-753a-42fa-8383-98ac36a49aef,21.0,100726.0,21.0,0.0
5d1f8abb-9741-4ef7-a267-b78381368126,24.0,110840.0,8.0,0.0
ea064fe0-831b-4362-8401-2e46a449654c,26.0,135301.0,33.0,1.0
8946a613-72ca-4723-87e0-bec2ef38d6b4,53.0,57289.0,25.0,0.0
140cbe0d-6d25-4c92-ac24-443a4449f7e3,36.0,74788.0,0.0,1.0
acacd00e-c976-46f9-801c-471ad48af867,18.0,34747.0,35.0,0.0
2b633b3f-8e54-475c-8ac9-46c7daa655f4,27.0,104822.0,4.0,0.0
5b66090b-6a84-4a5d-b544-bbc3ca9e85c6,53.0,30045.0,21.0,0.0
6789642b-dd1d-42ff-aca4-fbbefc71bf3f,26.0,125278.0,3.0,1.0
1d2a0682-da3c-4cd1-83c2-5371a8db7b17,59.0,37758.0,1.0,1.0
d91a06e6-0e8a-4d7c-99e1-e3beb0094524,49.0,53437.0,15.0,0.0
c1a932cf-0ec2-4176-8246-bf842fb68016,49.0,49585.0,15.0,1.0
515cc6e7-61ee-407f-9af1-5092e41193db,23.0,128759.0,21.0,0.0
f2dda239-1200-4425-9050-e3667f390a0e,55.0,39854.0,0.0,1.0
4385e9b8-002c-488d-9bcb-66eabf1f8fb3,34.0,82076.0,14.0,0.0
12eb2967-1bf2-445d-bede-d9cee1f366d0,27.0,86950.0,23.0,0.0
365d44f8-d970-449e-b506-f3ec926561ae,44.0,47349.0,3.0,1.0
0dcbaad8-594c-48e3-8e7e-ccf45fab929e,52.0,126228.0,17.0,0.0
08908bd0-1fb0-45d3-bda3-263db44d285a,38.0,51348.0,16.0,1.0
1c984aff-2177-4da2-bf28-94e256741cb4,42.0,64296.0,6.0,0.0
6d4397ff-5243-4b81-86a8-80059ac05401,45.0,131280.0,9.0,1.0
7c9573dd-32f5-437d-ba1b-4b6c45559c24,32.0,49455.0,0.0,0.0
13f1c5b4-54f0-4af8-9692-71296af2f6a8,21.0,108824.0,1.0,0.0
fe22422a-1d06-4f08-bb17-4d250d77542e,46.0,84021.0,21.0,1.0
91b4a96b-1de2-4fcf-8140-875682c000a4,26.0,101923.0,31.0,0.0
b0b90ffc-c2ee-48e4-82e4-41f780d03394,44.0,130825.0,28.0,1.0
faef8bd8-e9eb-4854-9444-f6175ed629f4,43.0,69293.0,34.0,0.0
0ee08876-af74-4113-b1b4-4ec8c0482298,36.0,129430.0,16.0,0.0
cf152d10-2a1b-4679-99e2-b9f9176ccec9,45.0,118552.0,11.0,0.0
5e2b1859-bd94-42ff-bc6d-4bc3f9cbc9a3,34.0,76116.0,23.0,0.0
8f69072a-fe1a-49c0-bbcc-bc44f3ce37c0,58.0,70484.0,29.0,1.0
c9552d67-f94b-4e2e-9558-df0876179f0c,59.0,60215.0,29.0,1.0
24db588e-50bd-4e5c-8667-8c1a0ddcaf11,37.0,111638.0,19.0,1.0
964ae815-83a6-4e36-855f-2240deda0bd0,57.0,33404.0,6.0,0.0
1544b87b-692b-40c1-a6b4-4e96f566a548,56.0,67260.0,37.0,1.0
dfd801fd-5f7c-4f58-a00b-7288f5d9aebe,40.0,130647.0,6.0,1.0
e62e5339-c46f-4b32-a043-ab943147eca2,49.0,95642.0,29.0,0.0
10e864ab-ebf2-434e-8468-fa438009bb35,50.0,110731.0,11.0,1.0
b8d95405-1b54-4cbb-86d1-2a53d28104e4,22.0,76009.0,30.0,0.0
b3cf3a0c-cd9e-48b5-a695-f6376feade84,51.0,122689.0,17.0,0.0
aefc3864-d883-45ce-a3a7-489d1e4af6c2,57.0,147842.0,1.0,1.0
cd437ab8-a9a7-40ac-8f01-6f349c34fe07,28.0,59605.0,32.0,1.0
02abc5ca-9433-47b1-9d99-d8afbc76e752,20.0,140879.0,10.0,1.0
79228df3-8ce4-472a-a457-94ff2fbdb320,50.0,83205.0,33.0,1.0
e7bd4c92-9e9a-42c1-8d8f-3d653a276d7f,28.0,67569.0,15.0,0.0
922b4969-6ebb-4fea-9076-67124344b2e5,33.0,35580.0,34.0,1.0
e29982c5-a02c-4885-bda9-55a748020978,35.0,144902.0,32.0,0.0
0b9366c5-5900-4a0e-93e4-cf2ab54460dd,47.0,35400.0,20.0,1.0
9216200e-c6b3-4881-b8e8-dd41188e050c,27.0,69643.0,19.0,0.0
63c62f20-cf02-46e3-98fd-b4793d010a73,35.0,126185.0,7.0,1.0
066b0427-dffb-4552-b448-58422d7f25d9,55.0,126032.0,25.0,1.0
c614309f-6f92-46b3-8e7a-ff36343c48a2,36.0,148977.0,32.0,0.0
89d846b3-b7f2-4f15-83ea-d65c87b45f2d,53.0,116173.0,25.0,1.0
71d37205-9736-4f41-917d-f2e0598cf09f,30.0,136960.0,36.0,1.0
8b9934b0-e408-4df5-a992-14aeaf595220,20.0,69015.0,29.0,1.0
724aa62c-8e42-4754-87c4-75c134743b0e,27.0,101713.0,30.0,1.0
531f1e9b-8853-4c4d-9919-a01afbba3dc4,55.0,102805.0,32.0,0.0
ed8cacd9-6d98-4adb-9ef9-9e85b4715a05,18.0,44974.0,10.0,0.0
21acaea5-6c2f-4538-9768-8c0ead97dc2a,44.0,44037.0,4.0,1.0
397ce369-1791-451f-a4b8-fe9a31fe7440,25.0,114292.0,1.0,0.0
cef84867-8074-4cfd-ba5f-a2cf410f7811,59.0,46167.0,12.0,1.0
ade06204-89e5-4049-bcfd-3157374e685b,34.0,118754.0,17.0,0.0
43586baf-19c2-49b8-bd59-2c7c17c8632d,26.0,120703.0,25.0,0.0
be649381-15bb-4011-a6b2-f4b7fc249947,23.0,73148.0,24.0,0.0
c93b7c4f-259a-4702-839f-6a3aa334f2e7,42.0,102153.0,13.0,1.0
78631b72-7d46-48f2-9967-31755bf30b8c,56.0,51534.0,4.0,0.0
d1d7896e-6609-4e33-86e1-6f752c462432,45.0,120995.0,1.0,0.0
52d582c2-7757-4bc4-bb80-51c23b7e8ebe,50.0,116078.0,3.0,1.0
6f1eb5aa-5533-4674-aebd-24a8fdd9476e,54.0,86879.0,11.0,0.0
f5a550fc-036a-45e8-9859-340cfdf34c88,26.0,149894.0,10.0,1.0
4816741d-262f-406e-8025-e22fef8db946,35.0,95839.0,3.0,0.0
7ebf9c63-9eb1-4970-a3c8-f7902d74672c,38.0,59756.0,8.0,1.0
568fa5bd-dc82-4af9-b2e2-1cb7c73a0354,19.0,42683.0,9.0,0.0
8c9b0bb4-97d2-45c6-b742-86d4ce317e48,55.0,79485.0,26.0,1.0
d634cebd-9e2d-4222-8f76-e7559edcd86f,57.0,128231.0,5.0,0.0
53c22710-e6d2-4591-806f-e5e7655f97ce,53.0,41025.0,14.0,0.0
af82783c-72d7-4ce8-b05d-28e9bbc62aff,54.0,116426.0,30.0,1.0
8af0dd0d-5729-4ab6-b6ca-f8f774883803,32.0,48715.0,21.0,0.0
ab9974dc-6758-42fc-a241-2de782da8949,45.0,100097.0,5.0,0.0
00a64c4b-6d0c-4c92-9849-bb58ffcfead8,35.0,128383.0,32.0,1.0
6a0a3835-db35-4ece-af58-09c97af07d48,51.0,132067.0,28.0,1.0
75e1d228-135c-4a72-9d07-00d729a6f824,39.0,122943.0,20.0,0.0
9396808b-6003-43ff-bad2-82e55e6e8419,28.0,117116.0,29.0,1.0
a23f4b81-bcac-47c9-950e-1e91002e8e4e,30.0,105705.0,20.0,0.0
851e2279-e6d2-481e-826c-995feccc0a3f,21.0,47116.0,35.0,1.0
a0773e75-a6d2-4f24-9d10-8750f353dfd6,39.0,66744.0,21.0,1.0
d0f8471d-c17c-4378-8584-5df49563d7b6,24.0,117579.0,19.0,1.0
a1f3ad32-2600-488f-a57d-664efd435ff6,41.0,146072.0,21.0,1.0
c0723086-cc35-4133-af16-ca6cc0661bec,21.0,32124.0,39.0,0.0
c9b55a62-bf32-45e2-96e2-2a2983e88a38,45.0,134956.0,10.0,1.0
5121d951-b5e7-4e43-b1cf-d6e2a61f91bd,32.0,68051.0,30.0,0.0
ab62cbb6-a90f-4ac8-a8ce-c78673fd4bae,18.0,37176.0,39.0,0.0
8576a362-4c24-4c38-8ec9-47406e07f92b,20.0,121310.0,12.0,0.0
1de224fe-4c63-4ab7-a16b-bd7a19c2c2a0,31.0,94818.0,17.0,0.0
27991ee6-2820-4520-924a-38f7a40b156c,55.0,48676.0,21.0,0.0
022a4998-31be-400f-884f-38d86b2f560a,18.0,75177.0,16.0,1.0
4ccfe674-2ece-466b-a6b4-ba82acb7f1a5,55.0,120296.0,37.0,1.0
87f4933a-9d6e-4efd-8e1a-f704f2a15c17,55.0,140623.0,24.0,0.0
9cc9496e-789d-49f4-acae-9fdbc1fafffe,38.0,30997.0,31.0,0.0
972af382-0218-4540-8221-ebccca2346c5,46.0,89330.0,14.0,1.0
fb757160-c7c7-403d-92ff-de484a7dc199,22.0,73769.0,12.0,0.0
1778c25c-1af0-466f-a63d-46242108b7ea,27.0,132968.0,25.0,1.0
1ddb8677-450f-4d7a-8451-8849816c5d13,45.0,147045.0,10.0,0.0
38336871-4464-4123-9a29-025e0e61822d,38.0,146367.0,12.0,1.0
55f3c3e3-5a15-4db5-955d-691c85e9d479,24.0,108653.0,32.0,1.0
52f84927-c74f-4e3d-9779-fea075a803d7,20.0,41231.0,36.0,0.0
ede9af90-8647-47e3-b3df-2f8317dcc0dc,37.0,125287.0,37.0,1.0
efe87e68-e78b-4ff1-8eea-1c0da624b9a4,36.0,149574.0,0.0,0.0
2d1695bd-7ea2-4a33-8b7c-0b14ee68781d,52.0,102976.0,38.0,1.0
2fd613dc-b33f-45ec-a4f1-8dc9b5bd78ee,21.0,115447.0,26.0,1.0
861f98bb-c606-45f7-9787-c00443410542,22.0,139522.0,35.0,0.0
1e5b469d-0394-4167-814a-ed6c4e6ccd54,18.0,85965.0,31.0,1.0
22545592-a12d-42f0-8c6d-0fb177fb692a,21.0,111144.0,14.0,1.0
4aa5f28e-d2a1-4acf-85ea-7a7a60423478,29.0,147433.0,30.0,0.0
db0e4daa-c520-4cde-bf4a-63c3f29483df,44.0,125201.0,5.0,1.0
0ddcc0a8-6dab-41e3-8e4e-43e71f475357,59.0,91517.0,24.0,0.0
4eeb9c8b-e4ba-4eda-a427-924176c6b2d8,40.0,122693.0,17.0,0.0
469398e2-6a87-490c-9139-d561518298c0,42.0,124315.0,21.0,1.0
f40059b4-0ef9-4cb9-85b1-73034d9924f6,38.0,125504.0,30.0,0.0
46576b30-bca3-45d4-a685-0b21a9541003,41.0,57387.0,35.0,1.0
2d50ef12-7e0d-4d4b-96a0-7a5ec625c2ff,42.0,34090.0,8.0,1.0
8d23d60c-4f81-440b-acb5-dcd5f239361a,49.0,54945.0,2.0,0.0
78f2abb0-2ba8-4b9b-b77b-6f5e79f32ed5,49.0,70239.0,32.0,1.0
737cc8cc-99e6-40fc-ac79-7604c696245e,22.0,33743.0,26.0,1.0
0365c2f8-f206-4c89-a7ef-0fcbabe7da96,53.0,60924.0,0.0,1.0
e4664d4a-bf4e-4977-81b7-038bf8ec85e9,59.0,40196.0,8.0,0.0
feb6ff1e-21b8-4936-9c1d-0ce50199b413,59.0,121815.0,4.0,0.0
a1403f1d-95d8-4c68-bd54-a73a34080de4,56.0,135312.0,14.0,1.0
6f1aa3b0-ace1-4f38-ad08-32eb1cdf3797,33.0,98860.0,8.0,0.0
d8319221-6418-4ea5-b9b8-3723d8fdabba,50.0,71400.0,27.0,1.0
e3ee36bc-47fc-4936-a391-2ec5f6560d3e,38.0,115177.0,12.0,1.0
1ac70247-b4eb-4a27-86c9-77123f4f8821,26.0,123018.0,23.0,0.0
e2c0fd0c-c9ef-4528-8b82-48f8fdf2144f,23.0,128530.0,9.0,0.0
93101ace-eedf-40d5-83a4-658aa3df8da7,52.0,110399.0,21.0,0.0
1ad97249-0bd5-4eed-b6cb-64dbd61978e9,56.0,78795.0,38.0,1.0
a8891681-0d2f-41b7-8dac-1e1df2be347c,39.0,81553.0,21.0,0.0
dda002d3-e292-43de-93b7-4deb2ddbd4f6,58.0,133022.0,36.0,1.0
e3fb9301-f4cc-415d-a93c-ab955931c358,22.0,145712.0,38.0,1.0
46588a3e-e48c-42d4-9f49-882a89d177ad,59.0,133976.0,19.0,1.0
74fb6b84-687b-472e-80d0-27600295b4fb,40.0,54111.0,9.0,0.0
86fd42af-628d-424a-ae2a-3a99f5f64d8b,34.0,143566.0,9.0,0.0
20a15539-7e8d-4506-a922-bead65058bd5,29.0,93083.0,25.0,0.0
64f96299-7266-4231-acec-b11f4b0a1d33,40.0,149968.0,24.0,1.0
e1d3a89f-6307-418e-96eb-35aa0a234a69,33.0,91600.0,27.0,1.0
87121789-204e-4e6b-ba80-ef32bf1e5cc6,20.0,80022.0,12.0,0.0
64d5ac83-ce84-4397-af6c-445a2e822cd4,47.0,33199.0,14.0,0.0
d8d41875-0129-48e9-8224-ff88a0052f60,39.0,80897.0,5.0,0.0
f01c4757-4e30-46d5-bfa0-8be6b0063788,26.0,68038.0,11.0,0.0
d8b181b2-ff2f-4666-9bad-5cccfb2d13d6,46.0,85038.0,18.0,0.0
23f5f1b8-eb33-4eae-9f6c-b4ad34445367,54.0,141054.0,31.0,0.0
56708f91-d49d-4443-a372-a46a08f735d9,40.0,37897.0,10.0,0.0
65d95668-d0f3-460f-9a3c-06a1ec42633d,30.0,94541.0,37.0,0.0
31b400b0-511b-417e-acb9-be261cb81423,49.0,136968.0,32.0,0.0
0f5c9f74-5c2a-4647-9a26-d69eeb1a5d7c,40.0,44892.0,1.0,1.0
42ea337a-7030-4758-921a-5514f6f1b471,34.0,38271.0,14.0,0.0
5996130b-3bb0-423b-9292-abd38145952c,57.0,133462.0,35.0,0.0
56aaad7d-ed34-4922-b0a2-609c100847a0,38.0,54815.0,4.0,1.0
12826850-bf1b-4919-836b-3328fb93c02a,19.0,75612.0,14.0,1.0
29f76966-c01b-443f-a223-ea91ce00041c,54.0,63357.0,9.0,1.0
9c2ee587-052d-4521-afa8-37be4d333717,23.0,105088.0,16.0,1.0
d816fe27-0a3b-4b77-8122-44a6cacc953d,35.0,46267.0,33.0,1.0
9c85503a-df9f-45ec-860e-4df6308b42de,47.0,48268.0,23.0,1.0
9519ef32-d088-4e48-87f5-84ece2109308,39.0,144463.0,9.0,1.0
5790e618-452d-4d5d-9ad2-23072f8525ff,50.0,44263.0,29.0,0.0
960872fd-5b9a-4f37-bfe6-660bf902590d,47.0,100935.0,2.0,0.0
ce5176df-b0d7-412e-83ef-e23fcf43ca5d,34.0,125347.0,36.0,0.0
83e9d85e-c733-4930-8e2a-292cf856d090,49.0,89660.0,2.0,1.0
c12643f9-0b90-4d5a-8822-2a2ce73baa87,59.0,95527.0,39.0,0.0
67485220-0643-4f08-b43a-bfb74073bf37,31.0,93379.0,4.0,1.0
5374678e-b320-4d4f-b71d-f5e5ea24640d,27.0,124542.0,27.0,0.0
349f2c8e-6715-438b-87bc-cc65fe813bac,53.0,71271.0,13.0,1.0
62e5bd67-90b2-4780-b05d-ba3dc1ea0f10,51.0,96612.0,38.0,0.0
da2569ed-1075-4f92-83ea-af6dc93ee967,26.0,37235.0,10.0,0.0
3a225086-7d5b-4796-ae98-4752471ffe7d,59.0,118757.0,7.0,0.0
62526da0-66c5-4c28-86dc-9363a7afca3d,45.0,46417.0,36.0,0.0
af314886-d5b8-42ab-aa0c-71b21dc5faad,28.0,128075.0,7.0,0.0
993be6b0-4646-489e-96fc-bf13e2c1a892,31.0,64609.0,11.0,0.0
a0a395d6-e7b3-495d-ad36-87487b2ba392,56.0,132785.0,14.0,0.0
bd0236b8-5733-4c12-a4ff-721d3ddcf952,36.0,63902.0,18.0,1.0
bfb67787-e0ee-488f-8e22-8dbc08c595ba,32.0,53645.0,27.0,1.0
e0445a20-e833-4860-9d78-de78c3c34858,45.0,92873.0,6.0,0.0
be2d9dcd-8575-4e5a-974e-595b59352251,41.0,117218.0,39.0,0.0
bd87ce9d-f9df-4c34-83b8-c9d1084b1b7a,25.0,94558.0,6.0,0.0
2703aa19-a5e4-459d-baba-424e493d3825,26.0,92233.0,29.0,0.0
105ffa5f-81a9-4359-ad8e-f419ed4c216d,50.0,141443.0,17.0,1.0
d4420119-9224-4b89-879c-2821baa1c577,50.0,53401.0,23.0,1.0
25120039-afcb-4f50-a017-f7b8984f8da2,36.0,37771.0,5.0,0.0
83855e19-b757-491a-a837-a6d8b7406674,20.0,71335.0,3.0,0.0
97be8cbc-7a65-45ee-b0fc-9d384a1e3bec,27.0,104451.0,2.0,0.0
2252597a-5561-449a-8616-b72df0ea1c26,57.0,109434.0,5.0,0.0
8139793c-19b7-4aa4-8544-61179e2c5409,59.0,97449.0,25.0,1.0
be432bf0-1e21-4905-bda5-ac51579ea91c,18.0,132601.0,37.0,1.0
7686c9df-5add-413c-906a-9673d6146781,46.0,122604.0,10.0,1.0
2d252cd7-2f15-47f2-8bf8-1f546421daac,51.0,31942.0,28.0,1.0
bb6d1577-8741-4e5b-b07e-5853479574cf,30.0,50388.0,19.0,0.0
6fcff735-f5f6-4c59-9a8a-45596c195be1,18.0,113251.0,9.0,1.0
6decfc25-fba1-458b-81b3-4416a04e54d2,51.0,87042.0,25.0,0.0
228f9e71-e7f6-4929-9d9e-a8f1da233fc6,46.0,83740.0,26.0,1.0
ace8506b-8de6-4e6f-832e-55c3a7c278e6,30.0,95873.0,13.0,1.0
18b82a9b-a723-4538-ab5e-e7bad8bc8db3,46.0,77024.0,35.0,0.0
8bcf1918-8dad-4b7f-85b0-df6556a0ffda,56.0,53450.0,11.0,1.0
93cb8db2-b472-4a42-bc0f-85a36ecb07f7,41.0,86965.0,22.0,0.0
2f080b05-2a7b-4672-820e-e0396ee347a8,43.0,40057.0,20.0,0.0
7ff4c4e8-399f-439c-a690-c65972c59dc0,34.0,123249.0,7.0,0.0
8130bd7f-c956-427a-88a5-e767ca2cfafa,24.0,38983.0,38.0,0.0
63e2b3db-2682-4ea6-b50f-6e2bedb46be0,30.0,49995.0,8.0,0.0
66a3564d-91d4-4264-8cbd-08c03f0dba47,22.0,144587.0,23.0,1.0
7e90ed98-c198-413f-b45f-03a63c3aac79,43.0,132004.0,30.0,1.0
72dfd361-a2e4-49cb-8c8f-a017336c8145,20.0,121628.0,24.0,0.0
2f898d6f-904c-4444-b6e7-0e59f157cf63,24.0,107681.0,16.0,0.0
ca8dc9fe-8964-4385-9917-f5ad9c013324,56.0,68886.0,28.0,0.0
b752879f-7414-4b9b-af67-a113d3ae1499,18.0,119025.0,2.0,0.0
280e4ad7-8269-4754-97b9-61016e165da4,34.0,126572.0,20.0,1.0
8db896ef-c548-4059-919a-68aa4cea6751,42.0,125149.0,7.0,0.0
d65e5578-9007-4791-8e05-dbdc1d85671c,20.0,124020.0,13.0,1.0
0d510d5e-9bbe-44d0-9531-5e4834d8b4ea,32.0,32673.0,38.0,1.0
187453b9-77c8-4e14-8f77-3f323119582f,46.0,64890.0,15.0,0.0
6dc1777d-0621-475a-8753-7958e20d5f44,49.0,107513.0,17.0,1.0
80febcdf-d90b-4c75-a990-407c7fc1efa0,43.0,53466.0,30.0,0.0
4e73e3db-61ac-4bb3-b708-812333c8eec7,33.0,136554.0,10.0,0.0
bcddf8d5-1a9a-4a17-b9aa-6399aa61a0dc,42.0,122545.0,37.0,1.0
703deffb-45ae-4c94-86be-a1bc369b15fc,45.0,146750.0,19.0,0.0
a13ee0d5-f2d0-41c8-8b7d-208358730e64,26.0,80406.0,3.0,0.0
76b8863a-fc9a-415a-ba1e-85c655e0397f,18.0,33688.0,19.0,1.0
f25035f3-7c3e-43f4-b277-ea7f51ad8c19,46.0,99284.0,30.0,1.0
3467d9af-27ff-4a6e-bcc0-42067de6a38f,39.0,134646.0,19.0,1.0
619eb4f3-647c-4e99-9b38-ba9189ff2e01,33.0,144579.0,10.0,0.0
4e47bb66-92fb-4c5c-ba90-43458ed74ab2,58.0,43665.0,0.0,1.0
05b47573-ba59-4406-8fdd-789c76e5a578,58.0,132434.0,17.0,1.0
cabcdb06-3737-4082-84a9-c75a061f86ab,24.0,50641.0,38.0,1.0
d84cb85e-ca65-455e-ab6e-43734292e9ea,31.0,62500.0,32.0,1.0
891d6ada-1e70-4615-87d7-016dde85d255,46.0,65797.0,35.0,0.0
6fa6303f-ecd3-49c4-af68-032e5adde9a3,36.0,114766.0,17.0,1.0
7cc1f9f7-df32-4288-ba87-d1755d54f18f,36.0,75950.0,30.0,1.0
679a72b5-3b58-457e-9525-59b5aea77a3f,19.0,55046.0,34.0,0.0
01c79d52-e7a8-4f17-8763-0f1bb694d2fc,58.0,132339.0,38.0,1.0
99f2b782-4153-409b-8842-4dc7987d075c,32.0,143431.0,37.0,1.0
6bf65b9d-e0af-4b8c-9e5b-b7faa4c218cb,20.0,131203.0,14.0,0.0
da5d64b6-e717-4ce5-872a-a4a4a4a50f26,28.0,39638.0,5.0,0.0
9b0b8237-e8eb-460b-9000-2cf204c7702e,47.0,116363.0,7.0,0.0
9502c3ea-e37c-4bf6-b374-6ab66acab20c,57.0,51173.0,39.0,0.0
636a701a-8625-49c7-952d-2d08dcbf3a6c,35.0,43222.0,21.0,0.0
5d8a75bc-0e48-41ed-bb69-821159a08be6,19.0,80064.0,0.0,1.0
21eaf969-8d7a-4129-ac1b-9a7dae983887,49.0,67010.0,12.0,1.0
abdc237a-132d-422e-add0-3a226ef57f9b,25.0,48095.0,23.0,1.0
081e0369-bd9d-47de-abd0-43ac25c59c02,39.0,31439.0,20.0,1.0
6ce73273-d6df-4632-b21a-0351b0bbdbbd,23.0,133917.0,3.0,0.0
16af9c3b-eba3-4874-8c27-29bc1dbc0296,29.0,115550.0,6.0,0.0
d5239bf5-16a6-40c5-9988-829dc9ad8f77,57.0,35375.0,11.0,0.0
4e183050-f02d-4811-b74b-de23bc8115ee,53.0,119023.0,12.0,1.0
8a18fbe4-fe6d-498f-ad13-91e69c5d9333,32.0,137181.0,15.0,0.0
c1329002-9043-45a9-9def-fa597a952915,45.0,121238.0,5.0,0.0
0fcad56c-8d81-4735-92c7-48f74e58f345,35.0,50600.0,13.0,1.0
6fbbfd1b-aef8-4609-8bfd-fc5c37bc3371,19.0,32466.0,30.0,0.0
8b09ed5d-d3ff-4662-9e2e-b233fdd0105d,30.0,136128.0,35.0,0.0
952eb278-3ba8-49a3-8a88-d7b79337b489,32.0,75097.0,36.0,1.0
72cdb998-4e47-4fc1-a6b9-3cdd6d59f4fe,37.0,139934.0,34.0,1.0
fa9dc5b8-bc36-4ab4-8fe7-49b509f44ee5,46.0,83276.0,9.0,0.0
f5e127c7-f988-4673-b1d7-7a69d8eb99d0,59.0,80117.0,16.0,1.0
6c91171e-bd73-4338-b7ff-0a50315ae74e,46.0,76971.0,29.0,0.0
d949091f-7dc1-403a-bd0b-753cc7d0a8c0,20.0,36928.0,6.0,1.0
fa3634cd-2b90-4de9-b397-9bad16fd780a,36.0,118016.0,17.0,1.0
5b39e3c4-9a55-454b-a7fc-1208b43af664,20.0,85309.0,18.0,1.0
b7f9f800-7baf-488f-994a-de7b12466e3e,31.0,104647.0,14.0,1.0
749b36e1-7ff3-4f5f-af5e-1f02279dfec8,57.0,70888.0,38.0,0.0
e577ade6-0899-4037-b909-6282cf344f6d,21.0,125025.0,21.0,0.0
69eeba52-e16d-41ab-b8e5-b62cdb142f5a,28.0,73832.0,38.0,0.0
9deaf99e-32e1-435a-84df-90551587cb47,48.0,146196.0,29.0,1.0
446b4350-d421-445f-89aa-4a6ebf057672,49.0,39404.0,19.0,0.0
1fcd4510-847a-4bf2-b55d-343317f2be36,44.0,63639.0,31.0,1.0
b9df9bf3-2b87-498b-b1cd-ae6db53803f2,47.0,108118.0,24.0,0.0
9b7a13d4-ec51-4828-81d8-f35a39fa01ef,19.0,90598.0,22.0,1.0
d7071f00-f095-45e5-81dd-ca2e89b0f8e3,26.0,96399.0,4.0,1.0
072e2de5-a15c-4388-9135-32ff76eeabb1,45.0,143187.0,29.0,1.0
d0e7ea1e-9d2c-45e7-a104-a0839981aa6d,48.0,140449.0,38.0,0.0
819136c5-035e-41cd-a689-51c9a2758754,51.0,57684.0,26.0,0.0
ee85b414-2616-438d-abac-9630b26b075d,32.0,98591.0,36.0,0.0
2cf88d71-4c69-4299-874e-92dc0c16958b,42.0,149821.0,6.0,0.0
49123702-6545-47ff-aceb-0b67dad1f33b,53.0,107722.0,4.0,1.0
932d9f01-6308-4b5b-bd92-2d4306930f99,25.0,32682.0,14.0,1.0
47a0eb3f-87da-4432-a651-32746a11648b,26.0,141186.0,7.0,1.0
72a36594-f67a-437a-9c4a-0785cf4ecff3,54.0,68046.0,8.0,1.0
f8f32e46-1e9c-41b2-ac5b-c620c5cc5dc5,56.0,142109.0,10.0,0.0
53ab1058-1715-4400-b997-f134849aac21,49.0,51832.0,21.0,0.0
830fee24-7a3f-49bb-b50b-bdb1e8a23403,34.0,46997.0,33.0,1.0
9787c860-4dad-4f8e-ae36-6203ae475157,52.0,64640.0,34.0,0.0
9291db79-ef55-41f4-be96-d327c1179ea6,54.0,106882.0,12.0,1.0
d7d474f4-656a-43a3-84a5-7989a76ee495,36.0,70491.0,10.0,1.0
fd4cf21b-8c0f-4208-87e9-735f4c7817ea,46.0,93043.0,31.0,1.0
17beefef-75d6-4245-a79e-ab0b4b410de9,24.0,142175.0,14.0,0.0
88409743-fcb7-46c0-9a20-1cfffd6088f6,45.0,144250.0,37.0,1.0
2f7d5631-fb90-44c0-9a00-36eeaf89f0e9,26.0,102725.0,0.0,0.0
d9c5eb05-b5d9-47fa-a22c-4b776ee3da5c,45.0,75520.0,23.0,1.0
c2ed3065-6770-4d33-a289-ccf1c83a324d,23.0,92919.0,39.0,0.0
dfcfe702-e132-4b3e-9d9a-b25953633089,46.0,139869.0,21.0,0.0
84f324e8-53d5-4779-a0c2-18a613f18594,34.0,94442.0,2.0,1.0
6d5c8550-2482-43aa-b79a-c2b69158ad94,33.0,51770.0,13.0,1.0
6264d6fc-2cbe-4e0b-8487-aacc7de4f6ac,40.0,135246.0,1.0,0.0
f8750aaf-0cf1-41c8-af56-0c8db9d7e382,48.0,77498.0,31.0,0.0
7f80f422-2829-4daf-a356-c3f86f9726ab,20.0,139687.0,37.0,0.0
6f955107-e394-4c59-969d-3a38f195ba49,38.0,91477.0,32.0,1.0
da9d0c96-827e-4b30-aa43-057f1a3fbebc,43.0,30244.0,5.0,1.0
fc14a9ec-9838-46cd-847e-541ea3608f6d,53.0,62788.0,38.0,0.0
0b03cc71-85ce-4788-8867-9d19d66446aa,59.0,125341.0,24.0,0.0
1665c654-ee5d-49be-8228-e3a03562d6cd,54.0,109453.0,33.0,0.0
0b7abdef-cb3f-4cd8-a6b7-e7e8eb319e7f,39.0,87737.0,10.0,1.0
58e1f133-999c-4c3d-a110-7ac8c7c74746,59.0,76489.0,36.0,1.0
d68dded3-cf85-4d35-8806-836c128dbdeb,29.0,101303.0,6.0,0.0
f7a50d59-6ce6-4a92-bdab-e26400669319,59.0,58390.0,21.0,0.0
275edd51-cb3c-455b-a0db-c83deeb1a0e6,30.0,40247.0,38.0,1.0
2c1a2eef-ea3b-4323-ab90-fa0a989a1739,28.0,99051.0,9.0,1.0
914bfb30-a28a-4f89-85bd-4a2e2b7dd66f,33.0,89719.0,20.0,0.0
9b7f5856-eca9-41ba-9b9e-0d6bf40b02ee,25.0,64678.0,5.0,0.0
523b0c0d-a0c2-42a0-acf5-45672c5a915b,57.0,117802.0,0.0,0.0
d4bcbb49-ff0b-4b63-8183-9fdbf23d2b16,57.0,106286.0,33.0,1.0
48dd20d0-b1fd-402b-b67b-873e3ce78b75,19.0,59583.0,13.0,0.0
cc28c8f2-8a94-4eb7-8935-9869ce989957,47.0,38076.0,35.0,0.0
313d7d2d-49d6-4f84-b49b-be33083064f2,47.0,48006.0,26.0,0.0
19a8d36c-d42f-4df8-8b28-f131318bac33,29.0,45051.0,8.0,1.0
8fbe7cf9-f055-4daf-87f7-1f737bb6c21a,27.0,34314.0,5.0,1.0
7c99b723-0581-47d0-bbf0-c3c28c9db952,28.0,58670.0,30.0,1.0
2b556bd4-b887-4251-8e39-b9b147e49f08,32.0,130757.0,16.0,0.0
7d214b19-6607-4338-b1f6-1e1c83520120,33.0,97551.0,35.0,1.0
f52d67d0-d424-4a19-be8d-7daa2d7c6ec8,34.0,40236.0,20.0,1.0
e526e430-efc6-4a58-a73b-af22cadb5821,43.0,65568.0,26.0,1.0
d8b35a79-84b8-44b1-98e3-fd6d50f08fd4,19.0,90314.0,27.0,1.0
95c19f05-9be9-4813-a22a-d1373aee2759,29.0,137327.0,15.0,1.0
6ec9c9c4-1b4f-4aea-b3dd-e0946cda0f7d,43.0,140188.0,34.0,0.0
0b951378-0eb9-4a41-b20f-c57002f0e0e6,40.0,121903.0,35.0,0.0
836bd3d9-962e-4984-bdd1-2c9e48c372c3,35.0,46352.0,34.0,0.0
784e1b45-686d-439f-a8ab-7217cddcb797,49.0,75650.0,18.0,0.0
e659b844-722d-446c-b5ee-d9f922d06d49,55.0,40346.0,20.0,0.0
397fb0d3-c4e8-4d7a-8f49-4054c10757d1,20.0,55156.0,32.0,1.0
027043d5-3e8c-4ac6-b01a-4479d0fd3f25,55.0,85904.0,22.0,1.0
b6667cb7-c6a7-4e10-a136-fece90463190,20.0,44035.0,5.0,0.0
c084be32-35e7-4536-9a32-04e763e555bd,47.0,46108.0,31.0,1.0
8ed62b8b-0cb7-4d1b-8b7a-20d48e3c0278,18.0,32853.0,21.0,0.0
a6bd316d-3503-4191-b163-58dc6d34a455,47.0,114156.0,2.0,0.0
e8f47bab-d60a-457f-99ae-35c5f97b951f,49.0,34176.0,34.0,1.0
c236a90d-4b3c-4a5f-864a-b39e141f480f,45.0,130459.0,15.0,0.0
0b319e24-ca2a-4d78-9997-db884ae0fb06,38.0,55920.0,24.0,1.0
1c2905f2-e902-4be4-a32b-06926837a6ce,30.0,84850.0,16.0,0.0
a237fdc7-290b-4237-ae6e-1fcb235a0046,44.0,36829.0,38.0,1.0
bca775be-728a-4b64-806d-6be7778ac372,53.0,130190.0,12.0,1.0
9250594a-e63d-4aa3-91fc-2eaca6f90f0d,24.0,134775.0,27.0,1.0
7e3c3bd7-d492-4007-a47c-b80e8e603619,39.0,120666.0,10.0,1.0
46df6542-bc84-4624-bfb8-5202bc20bba5,27.0,148458.0,9.0,1.0
c0c831a6-a998-4082-a702-64e2cd29b29f,56.0,140893.0,38.0,1.0
88221b81-ef0d-43c3-a80d-634aa4f155fc,32.0,103927.0,23.0,0.0
10598101-cbca-4755-bd34-ee099f49b57a,32.0,114860.0,37.0,0.0
7c76daf4-d426-4622-87d9-3584f4e98cab,21.0,148178.0,23.0,1.0
1435340e-a3f9-4186-aadd-fd75932efe2c,49.0,141654.0,32.0,1.0
186f6dd5-fb59-41a9-8290-9f435f4cdee9,40.0,70667.0,16.0,0.0
32dffb21-ca59-4fea-86f6-777bdebc2024,23.0,95842.0,35.0,0.0
50229b9d-cbd1-4188-895f-393c5db59af7,41.0,65843.0,34.0,0.0
474cbe01-8856-421b-bde9-c7ac6848ad8f,37.0,80808.0,5.0,0.0
46a9a9a2-b575-4c33-9aae-36a2fbe158da,54.0,60543.0,15.0,0.0
19c56e61-bd8e-4f92-9c42-df5661516f5e,37.0,102780.0,27.0,1.0
f1599a1d-6de9-4924-ab7a-8e59f89d0fee,29.0,36611.0,31.0,0.0
dcd5ae19-a812-4c31-a8ea-f6c9c06a7937,50.0,118242.0,25.0,0.0
eba83719-233d-44fa-b09c-12b4e1b0a1ed,45.0,114612.0,10.0,0.0
b6fab459-f043-41fc-b5f9-0205e9eee46a,25.0,76902.0,24.0,1.0
6825efb3-4059-4cfb-91ee-c3b7ce6f9ba2,18.0,146452.0,30.0,0.0
c500aa09-cf85-4cd5-ab91-ca75eea172cb,54.0,63043.0,20.0,0.0
855da1f1-41c7-4e55-aad6-7175073275af,39.0,35271.0,2.0,1.0
934451b2-0c3f-4d52-927f-a25ac70e02cb,23.0,102867.0,11.0,1.0
6b97d998-9b8f-4f9e-87ce-279e18da7b43,38.0,107089.0,39.0,0.0
8e09229b-bee5-42d1-9865-85111041f480,49.0,88745.0,24.0,1.0
9597f90d-871e-48b2-952d-ab4c7c1d3810,52.0,126876.0,16.0,0.0
f4b8bdfe-0d01-4571-bf68-165430517fa9,32.0,92077.0,37.0,0.0
8782f67b-a5b2-4c87-8dd3-b26e1e055cfe,22.0,89119.0,35.0,1.0
47bcdfaa-5290-4aaa-813b-a2afb897ecea,23.0,41573.0,35.0,0.0
8fe4e138-27a9-4add-afba-2b17c9909861,42.0,51409.0,18.0,1.0
75c90d23-a81a-49a4-8a49-b1340a01c207,57.0,115970.0,1.0,1.0
c621dd0d-b6e2-422c-8f73-b1f2d26ed2b1,46.0,54464.0,16.0,1.0
8d68345b-dd0f-4a92-afa2-8ccc89197c62,24.0,148148.0,29.0,1.0
8ced78b4-ebdc-41ab-8980-340e25be0f76,57.0,72840.0,9.0,0.0
2a2e03c3-c585-40c2-9021-40273f800d42,30.0,78785.0,34.0,0.0
05eb240d-8360-4e85-90e9-23c94640e0ab,55.0,148523.0,35.0,0.0
6f855d7d-b230-4f29-9559-01fb17bc509f,35.0,50662.0,32.0,1.0
44bf1e74-12d4-4f60-a53d-8bb0630e9b06,19.0,48228.0,0.0,0.0
da2f80d2-3477-463c-8be2-62c42447535e,25.0,90721.0,17.0,1.0
b20866b1-d6e6-4bcb-8aa0-6441e71bc537,28.0,79223.0,3.0,0.0
966b8c4d-d6c2-494f-8cde-9ebc212cf052,50.0,37386.0,26.0,1.0
74edc7f1-ad60-49a8-b1a2-abe10303cd18,55.0,36862.0,24.0,0.0
e2a94638-9aeb-41c2-84c2-a35216807fad,44.0,70108.0,27.0,0.0
aa05c296-2b2b-4e34-8f92-cc89e3c6f8ce,37.0,121788.0,21.0,1.0
27b04671-7b39-425c-9511-180b9332a442,29.0,105023.0,24.0,0.0
755d4e31-fe9e-4f53-bb4e-34f2f238a118,48.0,143365.0,16.0,1.0
7cf77034-3db9-4c73-ad74-193166df0748,44.0,135939.0,11.0,1.0
74043203-1cda-475d-87e6-71cc8a2ec59e,49.0,110140.0,15.0,0.0
6ba5a86f-7c38-4084-8bc6-700d11e00643,27.0,112963.0,36.0,0.0
51226684-1a9e-4677-8316-1dc7644c5c1b,20.0,57201.0,15.0,0.0
5da19f04-7dcf-406d-8e02-fc2c3452773c,44.0,98578.0,16.0,1.0
d6a24f1f-c06a-4ab7-8c4e-17b3336af5bd,52.0,79966.0,30.0,1.0
3bb87b4f-567e-4bf1-b932-915b82787391,48.0,84774.0,14.0,1.0
8012dae3-a7d4-4acf-ae79-74be0f91740e,32.0,40386.0,12.0,1.0
dba8a47e-46c8-4d4a-89ad-7195865fc861,33.0,107228.0,39.0,1.0
b4b4f25d-799f-4cfb-8802-eef232f3167e,30.0,45225.0,26.0,1.0
cd218ad2-1f5d-446c-9f8f-bd784d73e60d,52.0,46693.0,20.0,1.0
49770e0e-c15b-4805-bd26-0b45e164823e,28.0,102197.0,1.0,1.0
c87b5d55-13d1-40e7-9998-0d18b1ae1c13,38.0,73021.0,7.0,1.0
fdc3c3fc-e337-4828-b574-c14bc9d4ceda,28.0,148915.0,6.0,0.0
dd2f5ea8-c3f0-4627-b8cc-644b0d47267a,47.0,48261.0,9.0,1.0
a708da08-2ecf-41b3-a7ec-5ab6adedc361,52.0,57378.0,3.0,1.0
ffc6ad81-8eee-48df-bde4-a229e7395a7a,39.0,147174.0,35.0,0.0
5e8e4f39-8b21-463d-a050-56cb165de3c5,55.0,116755.0,34.0,0.0
84aa61d4-4c28-4ae8-9c9b-bb57356ae522,48.0,41937.0,2.0,1.0
e8065cf6-f682-461c-8bc7-268ce9b93b12,31.0,96330.0,17.0,0.0
6dc15895-5560-4875-a4ff-548e1e7b80e6,41.0,77366.0,23.0,0.0
0d57da50-5024-4b26-8267-bfb32d2e8367,49.0,102322.0,31.0,1.0
c08c09ee-c257-44fa-9b81-fc9ea43bb6b7,53.0,132318.0,33.0,1.0
286bf69d-253a-47bb-9768-35e13e95dae5,49.0,70160.0,1.0,0.0
24393727-c37a-4a1c-a670-1ce007bcc2ca,32.0,75313.0,1.0,1.0
760a4146-d806-4ad5-9db7-319b1e19058c,52.0,133657.0,9.0,0.0
04f091fd-9f07-4a99-b3b9-3a1e39a72ce8,20.0,131711.0,22.0,1.0
66118d34-ad6c-44b0-9d9a-ccce7e7a7abe,33.0,57032.0,14.0,1.0
9ea9bdb2-d388-4ed1-bf79-e93eacf40a09,22.0,121963.0,11.0,0.0
eb4bc56e-77a7-4db6-baf8-0b786e2f0f89,38.0,47358.0,16.0,0.0
0b4da378-5089-4930-9452-2e2278c04971,27.0,91710.0,17.0,0.0
64a9ee71-447f-4db4-bf4a-2cc5e302b46d,36.0,125326.0,13.0,0.0
0fb74712-7c44-44b3-a54a-c15f0a3fdcfc,42.0,116157.0,16.0,0.0
e080beed-eb35-4d73-a907-b2a6036ba116,21.0,78821.0,14.0,1.0
eb57fdfa-f5dc-4373-bb4b-67d05dd76529,46.0,58365.0,11.0,1.0
e8ec370a-ed97-41ab-b7b5-984ef7bf74c3,36.0,43189.0,15.0,0.0
23712760-38d6-45fc-8a4c-9831909d1bd2,19.0,106749.0,31.0,0.0
cf6a06c9-1bfe-4ff6-a14d-7b867fcb9b18,27.0,37248.0,22.0,0.0
8c8edc92-c1fb-4562-af0b-fc9b3b9413a4,42.0,34369.0,37.0,1.0
c67f9414-a606-41c6-9c79-a844935b8d8a,37.0,93763.0,33.0,1.0
a64e497f-a3c4-4c52-be80-7a485a6d342d,36.0,38050.0,33.0,0.0
703ced27-76be-4041-98ea-f8036c0010bd,40.0,58605.0,15.0,1.0
6a484926-d5d5-41f1-a6f3-62fd3f4e9ef9,41.0,79616.0,33.0,1.0
07742c5b-1df8-4585-af93-0ce3dfe1c60a,28.0,84479.0,39.0,0.0
9c150f69-b228-4701-9b11-d130fcd409d9,51.0,133719.0,6.0,0.0
bc3f9527-13f2-435d-8544-36f24bd5a6b4,45.0,110934.0,32.0,1.0
563c6b05-f2df-4e67-9e69-701663514cb1,22.0,70883.0,3.0,1.0
ffa80ea4-c5d1-4900-a4a7-faff04d38ea2,22.0,63055.0,6.0,1.0
0657f6e0-f930-4ef3-af33-a9e984bfc1c2,38.0,98731.0,17.0,1.0
ac753ea4-14e1-4f09-a0e2-672f8629109c,29.0,120987.0,3.0,1.0
1795bfca-ac12-4e1f-89f0-e46694cf654d,21.0,146680.0,10.0,0.0
3323ebd5-d956-4576-88b0-7098498feda1,59.0,37450.0,19.0,1.0
432487e7-e4fa-4a4a-a7fa-7a4c83a5f439,37.0,32925.0,10.0,0.0
d682853d-5634-4fba-969a-59faef6ece1f,55.0,110051.0,14.0,0.0
b82a5b39-27c3-42ca-860e-6c964076ff18,42.0,80272.0,16.0,1.0
ea062760-d9c5-4af6-b190-ba67ebab4936,31.0,35310.0,33.0,0.0
2fae148e-f210-41b8-80ea-4592efb822ce,28.0,61817.0,11.0,1.0
95b60d42-0949-4932-a596-aab9634d39e2,49.0,145134.0,27.0,0.0
dddcbe3f-68a8-40bd-94fa-aadb229e7104,28.0,122944.0,34.0,1.0
b1c1de91-e754-4d33-8510-e6d75e074411,35.0,74528.0,7.0,0.0
20cde004-4671-4559-a7fe-06b83ac7f2e7,44.0,143200.0,26.0,1.0
f084b180-aa88-498f-8efa-6fa894533a27,35.0,85779.0,21.0,1.0
d8763ec1-7d86-4d64-b350-15398ec77656,40.0,114816.0,23.0,0.0
4f388db9-01e8-45a9-8d9a-652c548280ac,28.0,112641.0,1.0,0.0
5a1e2dff-3dd8-47d0-b292-635728e094f7,38.0,114083.0,30.0,0.0
82de4db8-3516-4bd1-90d8-4064484d9986,22.0,106310.0,21.0,1.0
31318d62-98e5-4442-b5e7-fcc10f86387e,40.0,45457.0,0.0,0.0
ae110b16-cbb9-4b14-a610-dd857c2fe512,58.0,72311.0,13.0,0.0
1723d9f7-189b-4ff9-ae91-7e422b238494,42.0,33980.0,24.0,1.0
d35ad4de-08f3-4ae9-a006-266ae08fc13d,58.0,50886.0,35.0,1.0
e78102b2-852d-476f-9fce-def40a167516,27.0,107112.0,35.0,0.0
12920165-c84f-442a-b848-cd90cd551b35,39.0,80877.0,2.0,0.0
5e0870b7-949c-4541-9c59-ed7be55410d5,36.0,127427.0,4.0,1.0
e5f3a85c-19dd-490a-b47d-eaf029d6fdb3,18.0,66181.0,0.0,1.0
9466fcc5-76ce-4cd0-a1eb-6887b31b6b75,24.0,63262.0,18.0,1.0
8144a75a-7e2e-46ab-a653-d4a805c4dd6e,21.0,30947.0,32.0,0.0
db78ba54-d14a-4009-8d59-76a1e9894f90,18.0,30022.0,29.0,0.0
fa583d1b-73c9-4943-8bf9-a1f3e7f1c183,32.0,31128.0,11.0,1.0
7d9897de-a10f-4024-a6a5-96f8f0e54fc9,57.0,109522.0,9.0,1.0
7d340b09-0df7-41c9-8b62-89f78d31a3ea,29.0,62322.0,33.0,1.0
eca4a649-a811-49c7-beed-d19443a51e7f,39.0,78929.0,15.0,0.0
231b3135-1eb1-4c8b-8392-2df53fde122d,39.0,111696.0,39.0,0.0
39e4fa45-d032-4748-aa88-1cba273f0df7,34.0,145245.0,28.0,0.0
e04654b3-f274-4211-8391-122e11fbc788,46.0,39808.0,14.0,0.0
d8ebe218-65dc-4d9e-807b-365f8cdcfe0c,31.0,125148.0,10.0,1.0
735690c6-392b-4ea5-a33f-857bbae47614,37.0,82882.0,33.0,1.0
31f59f1f-c4ac-4f45-8b5e-3e4b35af0c69,50.0,51725.0,35.0,0.0
5ed9c29c-e02e-4320-8e09-29f3a1395c07,32.0,102534.0,29.0,1.0
b28bee66-f39b-447d-862d-80d8b3cfd8e6,29.0,69950.0,34.0,1.0
2d59e29f-7f2a-42de-95c5-635d572371de,57.0,118954.0,8.0,0.0
0286e2f9-89d8-4073-9290-dcf1bd0d572b,37.0,113576.0,17.0,1.0
83894866-dc33-4fdd-b73f-3660879e1cd2,47.0,50557.0,18.0,0.0
a7beceaa-a4ae-4f9f-9370-0090f4442f03,55.0,51825.0,38.0,0.0
186b1eae-4e71-488b-a7e9-76c7930bcf72,20.0,38998.0,3.0,0.0
8e7b55fa-b450-4dfa-99f2-fa086e55734c,45.0,66080.0,5.0,1.0
238f4995-5acd-485a-b9ba-2e31f64d4983,43.0,141633.0,32.0,0.0
bbc4f113-bd37-4d8b-9313-621199956db6,47.0,87797.0,31.0,1.0
bc88b1fa-ee27-4064-b449-b186603530be,30.0,45802.0,15.0,1.0
42cf63c9-1834-460f-a2ee-3b4b629ea63e,30.0,41167.0,10.0,0.0
9c8cffa4-b413-498f-8281-0cce639fa287,19.0,130628.0,21.0,0.0
9007b1b8-edd1-44c6-9bd5-09c6905b617c,54.0,72407.0,35.0,0.0
b16e1df3-324c-4417-9d69-083f51eb4fa4,55.0,43338.0,22.0,0.0
349782bc-c456-46b9-8ab4-b65d84b7f3b5,19.0,106289.0,25.0,0.0
fda7bf6e-2a40-4aef-87e1-2ee7c2379943,53.0,101520.0,30.0,1.0
458b3e7f-7abb-4584-910b-5a6554d6a464,43.0,48895.0,28.0,1.0
19130f91-1ddc-4c27-a2b7-7a083e0d0309,28.0,77910.0,4.0,1.0
705ef173-5315-46ac-95ad-4b9ff11a4f3c,25.0,139367.0,37.0,0.0
12d22ff8-14ef-44cf-a6a9-9389649db9c2,57.0,95898.0,24.0,0.0
04355adc-22a7-41e3-ad80-26b7c9912931,39.0,33454.0,33.0,1.0
e4e9b021-bfb3-41d8-8df4-e5caa7eb8df8,37.0,147486.0,11.0,0.0
a2dcdb7e-cb77-46c4-8125-c046fd504063,25.0,116540.0,21.0,1.0
808d62c8-cb6d-4023-be7f-d788949b83f0,46.0,90797.0,8.0,1.0
bf44838a-7279-4c23-9775-08cb4aa00f49,57.0,131559.0,19.0,1.0
7821dc7a-975b-46b0-967f-873187d38b49,43.0,113137.0,28.0,0.0
b1a4db20-4710-44ee-8d0f-48a7bd607fe3,47.0,80637.0,28.0,0.0
125ffc7a-1f3b-4a92-ac50-3d3a93681d2a,34.0,35349.0,26.0,1.0
e68116d4-3748-49ce-b5c0-4b5af0571f1d,37.0,69963.0,16.0,0.0
a0c95485-074e-458d-a1ad-d2a365fba605,33.0,105583.0,4.0,0.0
d1129f23-f335-4f38-ab18-d155605155e0,24.0,37750.0,12.0,0.0
a19b2492-9c09-47a6-b870-7e5c79b3a0b7,33.0,124929.0,14.0,1.0
8dd9eb9e-d134-4a50-9c7c-25e694bb0116,44.0,52463.0,14.0,1.0
3983ea2d-3c65-4196-803f-a0a1c1a84772,40.0,104935.0,17.0,1.0
78f13463-fea5-4e93-8ce9-85e66bae775c,41.0,88792.0,1.0,1.0
03eb9646-f5cb-43bd-b580-191e5bb351e0,26.0,43686.0,22.0,1.0
a12b63d2-a5b4-4812-8cd0-3c46722622b4,52.0,136339.0,12.0,0.0
718ee945-cb5f-43f1-8b06-61ce51173249,37.0,93528.0,3.0,1.0
d8a3d67f-a2c5-48ed-9106-991034ab6451,54.0,129811.0,24.0,0.0
a4b76078-12b5-49b1-a13a-28b7a60856bb,59.0,145691.0,10.0,1.0
0c4d0198-de22-44be-9f7b-e25bbe3f98b3,34.0,52787.0,11.0,0.0
c5b20b00-7e0c-4c50-bd49-4d9a08d4eee8,48.0,44776.0,12.0,0.0
3fb745f9-4fe3-413a-a8b5-356d0cf9e319,25.0,145613.0,8.0,1.0
33f3800c-c945-4cf4-9edb-c82f867e063c,32.0,125063.0,37.0,0.0
339b0166-b13c-49cf-8340-56b485ec432c,48.0,87427.0,5.0,0.0
240560d8-f231-4fcc-b8bb-228e4ebf6944,47.0,134887.0,9.0,0.0
ea3e9526-ae1f-4041-a9a0-4cfe1408cae0,37.0,91086.0,22.0,0.0
c1521ab7-c363-43f6-8840-509bcf8c67b4,56.0,132231.0,14.0,0.0
bc5fb7dc-3fec-4e25-a49c-92bcfe7a6791,29.0,145673.0,22.0,0.0
942777fe-0aff-4c7d-8e7a-7c87683b9f42,34.0,93308.0,39.0,1.0
d49f61f1-a0c2-4e27-854d-b34137537198,59.0,45797.0,36.0,0.0
235f5250-1805-41da-9e1b-8bd8665682bf,47.0,132535.0,33.0,1.0
d62319b5-9a53-4f41-a79d-78c2d5c353c0,46.0,35302.0,15.0,0.0
275df04f-068e-4b36-bd40-77f96e011125,36.0,93172.0,31.0,0.0
8e4e67f0-0be3-49c6-a663-5806c4d64234,28.0,68059.0,37.0,0.0
ffdb2758-914f-4008-8884-df2b87173fa0,51.0,30908.0,39.0,0.0
647605fe-bfeb-45d5-a164-4625a8dc238d,24.0,90252.0,4.0,0.0
f00dd157-dc8e-4196-b3da-636380fe2750,51.0,110659.0,16.0,0.0
5dd932b9-aeba-4d81-b4d4-8d660e35ad18,37.0,42877.0,21.0,0.0
d0bfdd1d-dc2a-40eb-be31-cc3e13abd45e,55.0,44239.0,38.0,0.0
2ab5b05d-120d-458c-b34c-f6ffc4ba1526,41.0,116971.0,17.0,1.0
093a9db9-c14d-47be-9720-3d1f4bc68e91,27.0,57313.0,27.0,1.0
117732fe-1b11-4993-a861-8143bc9cf026,49.0,130890.0,12.0,1.0
aeb254eb-b64c-4093-963f-0efde94cd6b1,32.0,72103.0,0.0,1.0
fdbf6794-09f1-4eed-8c49-64df1598fe1f,54.0,78408.0,18.0,0.0
f442ccc5-9a8b-4845-bf46-1c3e627b7df2,37.0,113251.0,33.0,0.0
12e2ae78-4684-4f79-8afe-38be68b00b47,20.0,118771.0,3.0,0.0
add96d7d-8022-46f7-abf3-29a5c1bfc465,54.0,121665.0,2.0,1.0
42ff115e-fa29-406d-8dba-9e23110c5c93,57.0,40534.0,9.0,1.0
700fecd6-5b1a-4b94-b540-be20f0059db5,25.0,130110.0,27.0,1.0
886c7ad8-8ffc-4f9b-9b45-ca093278e61e,57.0,73060.0,33.0,0.0
dbf0515e-f59d-426d-bffe-5f6ec6091533,40.0,47189.0,38.0,0.0
12866135-50e7-464a-aed2-62b895ebc158,57.0,116067.0,18.0,1.0
35a12101-a841-4a5c-8d94-10004f1d6bb4,28.0,40967.0,35.0,0.0
54b6509c-d187-4731-a6bd-fe4872eb85a4,25.0,111991.0,2.0,0.0
7f408cce-ab7e-4b3a-bb4a-b2828aca6cca,46.0,95563.0,22.0,0.0
cac38109-91cb-4a18-bea3-1321b7574b52,47.0,38660.0,16.0,1.0
80353152-2a88-4df5-8e95-c65a0252d549,27.0,148671.0,6.0,0.0
8d738e31-9875-4f6f-b646-cf5a0f5e30ec,56.0,120875.0,25.0,1.0
f61e2fdd-8357-44c1-9494-643045864de9,45.0,69823.0,17.0,1.0
173de67f-6448-4aa7-8b21-d2aa94909322,53.0,85842.0,5.0,0.0
4a45434c-8fb1-49a1-a2e1-b1d63b0cff7e,30.0,39616.0,30.0,0.0
147ba396-33e5-4074-b066-ce4e4bd7fea5,49.0,105976.0,28.0,0.0
bfe36c0d-ae99-43de-9c62-139148bdf672,53.0,132136.0,8.0,1.0
09d2bc27-5fbe-4c25-92f9-cae121d5695a,54.0,78738.0,34.0,1.0
238ef1c6-31e0-40c7-bc01-26e07b1a1749,43.0,43107.0,16.0,0.0
5fa2fe6c-db39-43c6-9adc-4e8cbf58293d,39.0,91404.0,11.0,0.0
7feedc2e-2794-432f-8900-0f92e1b5ea1f,21.0,124182.0,35.0,1.0
9bdc13f5-01f0-4c44-89c1-4bb4e421e20e,48.0,142081.0,23.0,1.0
131bd199-58a5-43db-9b2a-694affe67a7c,35.0,121787.0,9.0,1.0
96a26e48-9c80-4481-a621-c3f152e81706,55.0,45954.0,29.0,1.0
12e04a12-7125-4692-af6c-bc93f95ee809,41.0,46943.0,28.0,1.0
f259398a-3825-402b-b368-e3f0e1c252bc,40.0,70725.0,38.0,0.0
fd16c1cc-51a4-4f4f-bc4c-55e1a0ab9309,39.0,75434.0,9.0,1.0
d8bdb6d1-9be2-45d6-bb5b-2a375176dcc3,19.0,115751.0,38.0,1.0
71415a1d-846c-441b-a07a-9b349acafea4,48.0,40110.0,27.0,0.0
8801d733-4ad5-41b9-b1bf-47f4aa7b333c,28.0,135648.0,17.0,1.0
803b41a8-7e1b-4569-914a-7b64dfc7ee08,45.0,117091.0,16.0,1.0
95e960c7-aff3-4f57-acfe-2f9734def299,49.0,46462.0,10.0,0.0
f9aa5859-d86b-4075-ab4b-d569c369db40,22.0,109232.0,0.0,1.0
2268650d-2d34-44ab-9078-fa2a7a2bf6ea,55.0,84081.0,16.0,0.0
17c214ae-579a-4cbc-a40f-d3e6f14884b2,27.0,82799.0,35.0,1.0
1f1b5e49-f5c2-4f8b-b33c-bccaaad369f6,57.0,96567.0,35.0,1.0
fd377f14-4fd0-4e58-b812-ecc1172e4ea1,41.0,119301.0,8.0,0.0
e7841d44-a0b0-4502-9c22-cb7c1db8d0c5,52.0,81224.0,27.0,1.0
bb757ca0-da49-44ea-ae15-085f676538c0,40.0,86063.0,32.0,1.0
8e3b317e-1c18-4686-9b77-fe17f3427476,34.0,143394.0,2.0,0.0
58bf5870-fb3c-4692-acd1-9ae735db8dc3,18.0,85240.0,7.0,1.0
bab9a85e-b2da-42f0-bebe-24cc15179739,48.0,111352.0,5.0,1.0
22b55408-e950-433f-aa9a-a7918bac6607,48.0,47868.0,5.0,1.0
db88d92f-6267-4f99-85cf-ec1783a4078c,59.0,105973.0,28.0,1.0
a74759c8-66c5-490b-90cc-e45abec40904,59.0,110989.0,36.0,1.0
2c204cd3-efc4-44f8-9047-d51c734d38b8,51.0,52222.0,11.0,0.0
b5ff9fd2-60d3-4625-90e3-d6af74165144,26.0,109794.0,8.0,1.0
9a0300a1-a5c6-4e1c-bb01-bb3ab4a4d89f,39.0,93924.0,18.0,1.0
73a37fc0-102f-443e-947c-2602c1b5d9bc,30.0,129854.0,16.0,0.0
ca7cd7d1-23b8-4992-aecf-67e464835c4a,42.0,108513.0,31.0,0.0
38a91dff-b813-4474-8c24-ef09cbf6c559,35.0,84649.0,34.0,0.0
0a2a980a-dba7-4a9d-ae01-20f482872414,29.0,132986.0,13.0,0.0
f4d99b6c-62fe-4fe8-bb76-444969b237b3,57.0,142743.0,15.0,1.0
02e9c121-064d-4c16-8f3c-879e6f08098c,34.0,113749.0,20.0,1.0
72934f94-2215-4130-b72f-d4e92b7d55c6,32.0,132055.0,11.0,1.0
b46474d5-0bb3-445d-84fc-20e39f7952cd,59.0,141218.0,23.0,1.0
4f2f088d-3a55-4ebe-a119-7f078cc9802f,32.0,40223.0,33.0,1.0
98d4c849-ff82-4b53-a8a0-2f7ceab79100,32.0,78166.0,7.0,1.0
ade96998-efe8-4200-a699-1ca7a625d21b,56.0,69369.0,20.0,1.0
3c0e01ed-6549-4585-abb8-0496ee319159,30.0,116379.0,7.0,0.0
99bac190-022b-48a8-b484-bfc440788042,34.0,99392.0,27.0,1.0
8a887ffa-b302-49c9-86be-5954660b7c2f,49.0,89526.0,15.0,0.0
23a1f65c-17c8-4421-bc38-38918265db5d,26.0,42661.0,9.0,0.0
8452ad1b-fabd-457b-88c1-90262774dc85,57.0,45591.0,14.0,0.0
1482954b-baec-4d54-8721-889a969e1d2e,37.0,101718.0,3.0,1.0
bb65db04-55b9-4bad-b14e-39b5e02f633d,43.0,85235.0,25.0,1.0
65447020-95e2-4a87-8254-7eea3d2d1186,44.0,37970.0,14.0,0.0
9b5cb65c-ad1b-48cb-b529-c01e07fdfb07,38.0,77922.0,35.0,1.0
d7682531-e437-43e6-9d4b-9ddbeb2970b7,35.0,130398.0,31.0,1.0
45b3d092-5ab2-42fc-aed7-2fb94386354d,30.0,60755.0,37.0,0.0
ed713a02-09a2-48a1-a951-0c767f059604,33.0,140399.0,3.0,0.0
9b494ee0-dd56-4ff8-b82a-66b8dac3ceda,26.0,49416.0,8.0,1.0
d2e840a1-03e4-4856-8c05-36e888af7b29,29.0,43672.0,34.0,0.0
d9265b73-500d-4a5b-a2c7-0a50ab77f43d,55.0,113468.0,27.0,0.0
da742a76-cc8c-4868-9e04-0f564bf40393,36.0,76996.0,36.0,0.0
70f2d4a4-1259-4cd1-b62e-d442e1d7f6e9,24.0,104095.0,8.0,1.0
f70925c3-6dc7-4aa3-94da-44c0a0662d13,52.0,30064.0,1.0,1.0
acc963cd-6c62-47bc-8f2c-397a00dc7032,35.0,98835.0,2.0,0.0
bbc8b9fb-ebd6-4e6e-9c4f-5f5926f82a02,33.0,100385.0,4.0,0.0
e6625191-44e9-4e38-98d5-49d8d5854e6d,56.0,35639.0,9.0,1.0
07e894e3-f400-455e-bbc5-4e051248b088,21.0,146723.0,27.0,1.0
0943a3a2-c5ad-4d52-8b4e-ad69b94e1dc8,42.0,41055.0,14.0,1.0
572d1aad-6723-459a-9210-457e4771b176,49.0,89220.0,13.0,1.0
f94ce41a-8a5b-47bc-8163-e8a102796a16,57.0,117594.0,22.0,1.0
6c1e7cf8-d440-49fa-9ecd-696d7b305722,30.0,59427.0,12.0,1.0
d0e93610-e23f-4de7-8b48-9e3150293d65,34.0,146916.0,15.0,0.0
986813bf-4d12-4e2a-9f7e-195f4208c25e,54.0,112516.0,29.0,0.0
6b91f258-653e-4c80-9f5e-c2b1e0154ab2,23.0,94666.0,39.0,0.0
211195e0-818d-44ce-8128-cfae067872ef,36.0,94274.0,7.0,1.0
b04e397b-381d-4839-89bc-32e71973b87a,30.0,148294.0,16.0,0.0
cdde4a9c-f853-4eb8-b218-47c4d7149d8c,43.0,40866.0,29.0,0.0
6c7c671b-0148-42fa-a37f-4687d5f0e448,31.0,33889.0,16.0,0.0
f7fe1ec5-2224-4620-9aa5-10e93524ee49,48.0,148194.0,34.0,0.0
9281f3ee-a622-4706-89e7-308e09665723,21.0,78226.0,0.0,0.0
d30491b7-1186-44f7-a5bd-233cf184071e,56.0,61335.0,23.0,0.0
d7dcdf6a-2e61-43c7-a422-54fd768f367c,25.0,80547.0,24.0,0.0
12f08c9b-2d6c-45e0-8725-7f0329afdb3d,42.0,56162.0,1.0,1.0
46480022-0ff2-4bbb-99c3-6b31f9a517cd,30.0,119449.0,24.0,0.0
d3f5ce12-d0c1-409f-acff-aa15dd298084,49.0,54687.0,13.0,0.0
8327451c-10e5-4679-91d5-d03daa5a7570,55.0,128756.0,38.0,1.0
f136b129-f2be-458d-8e80-7e4bee475995,55.0,40995.0,32.0,0.0
b3b51495-394c-44a6-b788-b62ccdd5c336,45.0,86488.0,16.0,1.0
fc067c95-59df-4b2c-b716-6b0d97df20ae,47.0,32631.0,30.0,0.0
012f625e-f6e2-4592-8a51-fac5b90c6680,20.0,64954.0,9.0,1.0
b5f61217-c4cb-46cf-82ab-e287885529ac,45.0,35967.0,5.0,0.0
5ae7f928-530c-4fd5-9abc-9246de38fc42,20.0,118294.0,38.0,0.0
dd409cf5-369a-4bd3-ab97-40202b1017a8,51.0,117278.0,24.0,0.0
47d67ffc-b678-4879-a870-5249ec10dbe3,33.0,94471.0,37.0,0.0
a3dbfa06-fb54-4225-bb27-d64ff0b89e7a,39.0,67116.0,36.0,0.0
581ac835-e1cf-4068-af06-149605c04293,49.0,122116.0,29.0,1.0
682fc186-d0c3-4666-ba5a-299be71faa22,55.0,64227.0,33.0,0.0
e596af35-6d14-4ff3-86e6-71658b482221,25.0,31942.0,17.0,1.0
af14d3e2-2064-4849-b22c-ab2bd2fe6a21,25.0,77664.0,23.0,0.0
7fb9a37f-a3dc-461d-9a04-240d24637169,23.0,58069.0,26.0,0.0
54f14ca3-ce24-48b1-9c16-b33847c59933,31.0,117342.0,26.0,0.0
f38b5ac1-e811-4d4f-8c37-f1c2fa96c711,49.0,44407.0,38.0,1.0
68de3c23-e89f-41f2-a82a-201dde3ed6c6,52.0,143926.0,20.0,1.0
d2781f6a-db3d-4d84-b3a7-af304ecfdc4f,27.0,89201.0,18.0,1.0
af2428a9-de93-4c7f-855e-b9b9deaaaf6e,20.0,110093.0,38.0,1.0
a0fbc417-11db-4ff1-b883-b50327b98469,29.0,84348.0,22.0,1.0
badbe4ca-411f-40e1-a185-2dacab4f0198,48.0,111981.0,38.0,0.0
77f4d305-bdd2-4dde-ad61-28679facf0e3,46.0,47878.0,14.0,0.0
4e632e65-b3ba-42cf-aa33-d2b48b351a7f,22.0,113100.0,1.0,1.0
62e0f544-48a4-4742-8cde-7b327a5e1c09,42.0,108629.0,34.0,1.0
104cb2f5-e5c1-4f90-9bc1-a0f351143bd2,58.0,85420.0,19.0,0.0
6752c2c6-d25d-4d45-9d99-9d147d82fe82,48.0,131092.0,27.0,0.0
1e7822be-63b4-4b78-83f0-73c29345c09f,38.0,121987.0,14.0,1.0
a7988c55-6e6b-4c1f-a7a7-a100e435b1da,37.0,73168.0,15.0,1.0
eb2e87f7-006b-45d5-a301-7ef3b3c95b76,56.0,149324.0,32.0,0.0
97e9771b-0cfc-4206-ab52-96041aa0f897,39.0,149409.0,11.0,1.0
f237f96a-9079-4e9b-abcb-71b33d5b446d,21.0,84862.0,38.0,0.0
59af1865-5621-475c-87e5-437a15559932,30.0,119622.0,38.0,1.0
5ae6fa50-40ff-49da-9146-8aea11064fc2,59.0,112025.0,19.0,1.0
c88a4472-1a2a-413b-9acf-b933880d3849,37.0,58004.0,28.0,0.0
d2d4d98b-a287-4a81-984b-793b33ae77c6,30.0,50471.0,2.0,0.0
f18f7128-8025-457e-ad96-e1d4fba8d7ec,34.0,121820.0,4.0,1.0
83973a99-e246-40b2-9e6c-a2a78b5445e1,53.0,90167.0,1.0,0.0
50a23df9-410c-49fd-b782-ccc782cbed71,50.0,132229.0,22.0,1.0
1b195dad-bcdb-4e93-94ee-4c3763bb43c8,18.0,113828.0,25.0,1.0
20169838-27d4-4fce-8e11-921eec14ef7d,32.0,95308.0,25.0,0.0
9c4b282c-c162-4007-b9bb-2ac3c2d123aa,30.0,113969.0,6.0,0.0
18ea19fe-b0f2-45f1-8bda-23033bc00799,34.0,44568.0,9.0,0.0
407043fa-3316-4173-afcc-b1797f64f498,41.0,140960.0,4.0,1.0
dba4eb88-d748-4d4e-8ba8-91eb6edca6b8,25.0,39466.0,11.0,0.0
2be12431-be3e-46f6-a054-41d16b1a3e99,44.0,121057.0,31.0,0.0
5b83cb3e-7d47-46ed-bfcc-24a74c195247,40.0,87324.0,30.0,0.0
40dd37b4-0e99-4a40-a41b-e678c52262a3,25.0,132208.0,21.0,1.0
5823d5f3-369c-43bb-84a0-51516ff7c984,25.0,45467.0,16.0,0.0
a9d1a0c0-3b9d-4854-9b42-6fa86be69e5b,43.0,127555.0,19.0,0.0
bac6402d-3a84-482b-9305-765d2674a611,30.0,105955.0,19.0,0.0
510bdc89-db7a-496c-a048-3b5ff51aa0b7,56.0,82948.0,7.0,0.0
88b3ee18-01e9-4959-add3-5ec304eeb1ea,54.0,46676.0,33.0,1.0
c28b34da-f07c-4a93-95de-841644340d2f,45.0,124791.0,22.0,1.0
18da176d-2fe9-4493-90c7-bc860e9daad7,42.0,61514.0,37.0,1.0
23b3ee28-56d8-43f4-905b-ff734cfdd33f,33.0,138718.0,27.0,1.0
1d0f829b-01db-46df-976a-41bc6901373a,19.0,52650.0,12.0,0.0
d4691c9f-39e6-414b-af25-dc4eadca3a67,35.0,118290.0,28.0,1.0
edac843e-d4ae-4d6a-a66f-c7531369386e,34.0,107701.0,7.0,0.0
e42aa509-9efd-4eeb-93d9-1e836d4439eb,47.0,40683.0,10.0,1.0
ccb07e00-8b45-407a-9b33-13fcff181279,56.0,128092.0,17.0,0.0
1b3cee07-bc06-4953-93b6-c6fe26411be5,30.0,89819.0,24.0,0.0
480f2d96-a415-40af-a02c-99f4917d181e,49.0,110978.0,21.0,0.0
cfcdeac6-3744-4efa-aaaa-803cf9a5ed4b,46.0,34860.0,34.0,1.0
db1686cc-8af4-4e72-862f-7aa2d9ba60e3,47.0,33729.0,28.0,1.0
7fad9657-7690-427e-8809-0a8515a73f31,35.0,61351.0,20.0,1.0
8218456d-7eef-4b1e-96fc-4f3de6381411,30.0,142704.0,6.0,0.0
6207b1ba-d3e4-48eb-b662-78435892883b,38.0,92744.0,11.0,1.0
f07cbe7e-cb4a-413f-88f9-5cd0ea62e7fa,47.0,54346.0,35.0,0.0
ac256244-5b21-4def-bb71-41f8b6dd3531,38.0,104155.0,23.0,1.0
01f782f1-cbe6-4a65-824a-754daccb4a1c,34.0,106700.0,31.0,1.0
2e5eba8e-e327-4e7b-be0a-21ad314b6b00,57.0,134414.0,26.0,1.0
592047ca-975f-435c-b09c-aff9582c5188,36.0,36955.0,31.0,1.0
4a58682f-d65c-4ba6-92c0-f076222d275c,32.0,95642.0,31.0,1.0
7c256e1b-8b50-48c3-bb77-079db13909b2,26.0,100290.0,31.0,0.0
9809465c-c0fc-4447-bb9b-b4c1a4385948,27.0,74293.0,25.0,1.0
4015d14c-c0d4-4c11-a1e6-6fd9da0461f6,48.0,91336.0,10.0,1.0
5a3eeda8-8406-4cfc-93f7-f5ab8e16c274,40.0,51662.0,17.0,1.0
2c3ef6dd-9a49-41a2-826a-b395322b0662,47.0,36408.0,38.0,0.0
1815d477-ca9f-4cca-801d-4bd4877e5d56,50.0,70403.0,4.0,1.0
b36159d3-b4f5-4f5a-9889-60a8e6b05367,26.0,31225.0,15.0,1.0
8be7dbf3-49bf-48e1-b500-1b01085d07df,18.0,42196.0,10.0,0.0
12f9c11a-952f-4a88-98ca-cdd6d0eccf61,52.0,99786.0,34.0,1.0
ef20ad47-b1d5-44b1-95eb-51ea06ffdfaa,28.0,45372.0,10.0,0.0
7f3d34a5-ab32-4f04-ab3a-96e9e454a2fe,51.0,47279.0,22.0,0.0
b30e535f-cd98-4632-bdfc-f8981674f892,33.0,140401.0,33.0,1.0
da35479f-bfa7-4ca0-91fc-c85c38b62175,26.0,125729.0,16.0,0.0
5d9cd2d8-f82b-41f5-bf80-e284e35555de,49.0,146308.0,9.0,1.0
a6312343-b0da-4ede-b8b4-e596cb866424,32.0,84240.0,17.0,0.0
b7d5a6dd-9c6f-4642-b626-0c1a81581759,29.0,140359.0,7.0,1.0
4f136c0f-55a7-426a-8aba-22052d1088b8,50.0,122404.0,25.0,0.0
df096715-bd68-4f68-a905-03de0c95cf9c,31.0,68187.0,2.0,0.0
7f12f4d1-c644-4475-ba40-a7985e4779d6,25.0,146073.0,23.0,0.0
55c3278a-8982-4109-8d09-6284fd32c475,25.0,78481.0,2.0,1.0
9963542e-2a17-49f0-9edc-e4931837f8a8,44.0,58475.0,37.0,0.0
fb675cae-1a5e-42a1-a544-395a5880043b,29.0,74552.0,1.0,1.0
7e3c5030-f801-461f-885a-85c885095bb8,18.0,97969.0,34.0,1.0
ebe94f44-2870-4843-bbf3-102e3830c3c3,57.0,106534.0,16.0,0.0
a40bbace-e6eb-431e-8fb6-a18b1e1d2a24,59.0,139879.0,8.0,1.0
dd48a343-0d38-4f7e-8c7c-d4f9c4c70c80,28.0,126669.0,35.0,1.0
824e31fb-4735-4c62-ab00-0969e88471c5,56.0,129605.0,21.0,0.0
87a180e8-2f3c-40e3-a6f1-45ad08d97e2a,48.0,36858.0,30.0,1.0
b275e3fd-5e82-4bdc-ab0d-1b6beb78295b,34.0,104486.0,33.0,1.0
e26f8a8c-a89b-4214-b7ec-254013ba2410,50.0,104474.0,23.0,0.0
504165ce-64fd-4943-a5f9-731e8321328d,49.0,55168.0,8.0,0.0
7ac4e002-185d-4c6f-b4c3-0d8a2f8ca0ca,46.0,62099.0,1.0,0.0
5bfe27d3-daf9-4a66-aa29-67bf63bba37e,38.0,101180.0,20.0,0.0
83082ea4-e19b-407c-84e6-6e135403c1e1,38.0,139382.0,33.0,1.0
c9442f83-7f9a-4e98-9b0c-57087a60d123,57.0,91455.0,26.0,1.0
1a913f79-91f6-44d9-900c-68ff65139647,40.0,84240.0,36.0,1.0
05aa1de7-4480-4747-9aa9-e7042df4d4ef,23.0,104796.0,6.0,0.0
7af4a08e-3da8-4afb-a299-3e8ce4dc7e65,39.0,84592.0,21.0,1.0
cc82bf5e-cd80-4caa-8778-a11748953c93,55.0,77458.0,3.0,0.0
e14086cf-ab9d-4709-959f-172a3906bc15,54.0,131611.0,13.0,1.0
cc9971df-bb7e-4385-bf0a-8b0353815704,25.0,88046.0,33.0,0.0
ef33e47b-52e3-4bf4-b08d-ece6d553a324,58.0,149396.0,22.0,1.0
a5553b9d-8376-4ddc-827f-43eb57395ed1,52.0,46488.0,24.0,1.0
ea52515c-d629-4aaf-9c42-3d87ec45a0ec,28.0,88841.0,0.0,0.0
4f1442f4-4083-45b2-8b85-d0a79d13369f,41.0,148521.0,14.0,1.0
2644586e-debc-4848-bfbb-079a442a70f5,38.0,30395.0,31.0,1.0
244a273f-3cbe-47c6-8c5b-bf0b5da36d0c,19.0,82669.0,13.0,1.0
c198236a-91cc-4c61-99ac-92e113c020ab,57.0,40845.0,20.0,1.0
ee1cfc48-5e5b-4a78-a42d-9f5f40032b1e,36.0,66059.0,6.0,0.0
f5e9436d-fff7-49a9-94e4-832308de06e1,56.0,48394.0,35.0,1.0
93579456-659d-4aa0-b764-2f8cfa269acb,45.0,123993.0,20.0,0.0
fc69c264-6789-45d0-980d-50e39791d106,34.0,75906.0,39.0,0.0
06847126-3b24-4b9b-9b3e-f97a8d9b46c7,23.0,89332.0,11.0,0.0
6572a430-8bf1-47db-8fe5-15d4d30cd9a5,36.0,67305.0,14.0,1.0
18ee8f9a-e39d-4782-a123-b38d1550f1d6,55.0,72628.0,14.0,0.0
160b3267-09db-428a-9b13-8adfbd012229,45.0,51352.0,16.0,0.0
8726f98c-bb43-4ae4-a382-94cb1e01793e,19.0,116682.0,33.0,0.0
c9e05274-978f-4a19-882a-cf1f0d6ffe4b,55.0,112971.0,34.0,1.0
600761d6-6c5d-4164-8d2b-9afcfbe4f892,54.0,81993.0,38.0,1.0
87bcba20-0442-4e4d-adaf-d4ea2926cd31,21.0,69386.0,37.0,0.0
524e725a-9cef-4081-8f78-6d91fe0cbe6e,39.0,133027.0,13.0,0.0
f566ae37-973c-4eac-af6c-dbfd63cc1687,43.0,86624.0,4.0,1.0
cfe2d96b-827a-46f9-9fd4-8a348a51ba57,53.0,87065.0,29.0,0.0
beb6230e-0b89-47d1-b0bc-f9385a0c37bf,30.0,115504.0,3.0,1.0
b13ec051-b5dc-4f4e-a51a-bd0a64cab0a1,49.0,143141.0,14.0,0.0
6dc663da-5b2d-4b1b-b05a-f35acc80f809,34.0,38539.0,38.0,1.0
84233296-e983-40e4-9024-322f7c98476f,58.0,31263.0,34.0,1.0
0756eba0-8206-47d8-86fb-9de2954a803c,53.0,43305.0,9.0,1.0
2d7321a5-a335-41bd-a24b-688a1b6ca4a0,36.0,83817.0,1.0,0.0
200e0a18-9c56-4b0e-8a85-b811f1fef0ae,52.0,54398.0,23.0,0.0
53b6396e-cb5c-48ea-b7c9-a2c93fad13c9,57.0,139238.0,27.0,1.0
f5c39f0a-5e6c-4cc0-ac40-690773dd4328,45.0,127616.0,21.0,1.0
5f5912c3-d9d9-411c-9126-22a9cf33d7aa,18.0,105801.0,31.0,0.0
6f8d805c-0f39-4308-9f9f-bb053280dd83,59.0,79107.0,30.0,1.0
d12e89d6-993a-4a7b-aa47-ba857bb28ab0,35.0,62152.0,18.0,0.0
a97a7358-0381-4485-80c2-07ceafae055b,57.0,123260.0,20.0,1.0
e2025b44-9d58-43b5-9ccd-7d749acd3e8b,50.0,60624.0,2.0,1.0
8d83dd7d-582d-4e00-b1c9-6f1db2d04b34,29.0,129655.0,5.0,0.0
a632fef8-3b0a-4742-bed0-f5b0aff7f2d0,25.0,86132.0,31.0,0.0
a346de80-eb0b-4603-a09d-350141b248a4,41.0,135494.0,1.0,1.0
1b119160-b7d4-466e-84e4-c0de1a5e0986,33.0,82979.0,23.0,0.0
ce40ef01-168e-43cd-9058-05f7582929c5,21.0,88013.0,26.0,1.0
665d8e19-873c-458f-a5d8-d9343239fe0b,55.0,124925.0,8.0,0.0
db9f35af-d764-4556-b049-5b1417e4072a,44.0,93797.0,12.0,1.0
b4c96ef2-6073-4199-b28e-dfe2754fcfad,26.0,81798.0,13.0,0.0
dcd6ca94-44a3-4060-a3a8-20e664cd9ab8,33.0,46650.0,10.0,0.0
52ca011c-08d5-4db4-8a57-3e2a9642e910,29.0,56014.0,13.0,1.0
9940b533-32d0-4827-81d5-5f1f6e7dc45e,48.0,106421.0,15.0,1.0
7e1018a2-bdb2-4fc5-8ce7-f28588509df5,41.0,37434.0,9.0,1.0
e3f41cf2-7889-490b-954b-84f268d67d5e,31.0,60028.0,19.0,1.0
a7d9ca95-89ff-4d39-b5bf-16e15bc75be9,42.0,96558.0,15.0,1.0
a452491e-3450-4d00-8b15-f6abb95e02ff,51.0,54331.0,33.0,1.0
6fd3841f-c253-47bc-99b2-29a5deebde5e,20.0,97573.0,15.0,0.0
a5a08f93-17a0-4611-9a12-24954d874137,41.0,104292.0,13.0,1.0
a5b1a33e-cad5-45f3-b00b-f34275a7e35f,59.0,76326.0,27.0,1.0
18df2f67-c03b-416f-ba23-2b4b3c30a18c,26.0,112979.0,17.0,1.0
f7daac1d-b4f2-4abe-84e8-211694315f41,43.0,129728.0,25.0,1.0
64094ef5-b9a8-4d61-8191-227c3c59692c,37.0,34123.0,37.0,0.0
da3e1a79-d967-446d-9c87-f68bea8813e7,57.0,46603.0,6.0,1.0
fd1cdcff-4914-4efc-b916-09022168261f,27.0,95941.0,33.0,1.0
8d8c5147-a35f-4faa-948c-2dbf25613d1d,36.0,72597.0,6.0,0.0
2d6dfe62-155f-4d7c-a0ce-b622dc934ab5,20.0,93238.0,32.0,0.0
ad21124e-528b-4441-b227-026782ba037a,41.0,114238.0,34.0,1.0
0754766d-2771-4054-8e69-cb3cdf40b8ad,22.0,72719.0,38.0,0.0
7fc206f8-29a7-47d5-9e39-001f42e9cfe7,20.0,121786.0,20.0,1.0
8c44ffdb-461a-4a42-b905-760527e22b40,44.0,71751.0,27.0,0.0
e43d480d-7065-400c-b45f-405f8dead788,33.0,116978.0,31.0,0.0
3d7eb648-3341-4564-8ba3-7a28ee63a656,32.0,47693.0,15.0,0.0
c818f0e9-206f-4e1c-9de5-936f6b4b92ac,52.0,119541.0,9.0,0.0
1cfee947-180d-48a6-8aa3-9fd0a021f4dc,29.0,140329.0,22.0,0.0
82366ff0-bf17-4a66-84aa-e7eded335c65,58.0,67697.0,14.0,1.0
7ea53e0c-074e-401f-92e5-747463cb0d0e,43.0,124524.0,5.0,1.0
3b4b05e8-6688-4431-b326-bf9489046e37,51.0,127869.0,32.0,0.0
cfbf861b-e68b-4a97-97c3-19762991eaf5,40.0,59992.0,38.0,0.0
4fc7b9a7-addb-446a-b16b-2083be9b329d,48.0,93825.0,11.0,0.0
9e651e43-a3be-41be-b3ba-0ea9e9ce086b,37.0,39522.0,35.0,1.0
ee3b9037-d061-4f2c-bdd4-2982e3c54d3f,29.0,75406.0,30.0,1.0
9690ff4a-1715-41dd-8de8-83a88437e8ad,40.0,137006.0,9.0,1.0
c7d85925-8782-4154-8aba-5998607ffe7a,21.0,139068.0,33.0,0.0
3db88d46-415c-41cb-a2ae-714cf88cb720,40.0,42121.0,9.0,1.0
144b5d7b-f9d6-46a7-bbef-6e89a9957ac1,18.0,44219.0,10.0,0.0
aad3b597-b15f-43a0-ba58-5ffab53ac175,42.0,31617.0,13.0,0.0
30eedb9e-cc8f-4612-8d08-b3f394df0ae5,19.0,73016.0,2.0,0.0
e69e7434-9077-4dd7-a90a-72681dd205aa,47.0,80672.0,32.0,0.0
23c89a83-9594-4fbf-8c2f-cbb3446b16ac,20.0,54276.0,6.0,1.0
4117be6d-1252-4876-ad5b-6a6d07050359,38.0,129887.0,3.0,1.0
bf74864c-8567-4d3b-85bd-dcf13ae7f790,42.0,102240.0,38.0,0.0
afd16cce-d285-4a1a-8be0-1f26db2aa71d,37.0,136292.0,9.0,0.0
83679a1e-eeed-4418-9765-7a30845c1440,39.0,85735.0,14.0,0.0
0333020c-c53e-4720-89e2-a1afcc9ef483,38.0,47959.0,15.0,0.0
fc5e77c9-33df-4c06-b089-b6227d38c9dd,50.0,58522.0,37.0,0.0
fbe1c108-9e4b-4b5a-85a9-1eb78d5e72ce,55.0,86087.0,3.0,0.0
8990905a-74fc-4513-b550-b48bf17fb76d,32.0,39953.0,3.0,1.0
2c804ac1-6708-4261-ada3-3e1a12e1eaf9,32.0,56567.0,35.0,1.0
62cb5acb-903e-469c-8b97-4afd3bf13d07,42.0,90523.0,26.0,1.0
163cc2c7-635d-43fb-bfba-6f9f753aaadd,38.0,92708.0,21.0,0.0
09fdeefc-e268-4276-8bca-e78494bf15e8,41.0,52560.0,21.0,1.0
8dcb6149-8af9-485c-b39b-a52630efac68,22.0,88390.0,16.0,1.0
5425edc0-0d97-4387-ba76-77771262e738,23.0,98149.0,33.0,1.0
7d5ad211-00d8-4521-9022-6dacd03b503b,40.0,66660.0,31.0,1.0
51530e1d-3f94-4ae6-b361-9de460eaf8ef,21.0,75104.0,5.0,1.0
08f3f084-cc84-4322-845a-ef6df8c94dbd,44.0,87805.0,32.0,0.0
87e6275a-1cfe-4e87-82d9-ab34d5c26a43,35.0,135037.0,7.0,0.0
a09caec4-8066-4230-842d-04669cf60b84,38.0,132735.0,35.0,0.0
8cdd3bbb-1818-4fdd-8a95-beb9a96d9d51,45.0,54496.0,4.0,1.0
1435879f-b041-4f25-bac3-643e1900d810,52.0,113301.0,4.0,0.0
7d29cee2-255b-40d6-bd07-16f59c2beee0,39.0,121257.0,9.0,1.0
d202d988-ace3-47fc-a058-850822bcea2f,57.0,33515.0,39.0,0.0
4a258e07-eacf-403c-a172-c8f665ada651,40.0,34454.0,6.0,1.0
6e9f24a5-a724-4ac8-a06d-138a69fa7edb,20.0,136073.0,11.0,1.0
bcdf9156-42aa-461a-8bc5-f5f9207f9bcd,57.0,52873.0,29.0,0.0
c960b873-abcb-4395-90bb-8f6cd794bada,27.0,103920.0,24.0,0.0
5bd93a4c-c626-4205-9f53-024fdca56555,42.0,43727.0,27.0,1.0
93979e38-c15e-4ce5-8ece-36f3d695cffc,25.0,99070.0,12.0,1.0
d287a547-4c80-42d5-8c61-cb6d98703ed7,28.0,129059.0,21.0,0.0
39b5fcd7-e1cf-4a0a-80fb-a169cc071020,22.0,127425.0,17.0,0.0
4fc22600-5979-4e9a-a53c-baa7296e1655,54.0,147213.0,26.0,1.0
e966467d-dd85-41d6-b295-cbc17f0d3fa6,55.0,79979.0,7.0,0.0
9dc41ae0-96d4-4194-8394-c50ff2fc17f5,46.0,55465.0,5.0,0.0
a7069154-0b9b-441a-b4de-136e2bbaa5a6,22.0,83900.0,10.0,0.0
6dadacec-df81-4106-9a0c-5e65aed7df10,26.0,89799.0,28.0,0.0
41d8b344-a923-4560-874e-9e47c74fd091,19.0,147021.0,4.0,1.0
7bc77414-562b-4c4c-8dae-58c999f7795d,18.0,126129.0,6.0,1.0
e6e21159-1272-49be-93d5-025b846af9fe,57.0,51330.0,21.0,1.0
482e84d9-a38a-4ab6-856f-f81ff4fc0d05,47.0,38302.0,3.0,0.0
adcc454c-367e-4c7c-a6b3-c8aa09197d1c,28.0,108443.0,31.0,1.0
85a668b0-ea69-4256-a368-e3dddfb58073,45.0,119966.0,18.0,1.0
8b612dce-6c86-4914-a156-696bf56caeff,29.0,137288.0,32.0,0.0
0c1302f7-1374-402d-b531-2ba6a9bf484e,56.0,142689.0,0.0,0.0
22093d88-7e17-4609-a8ff-9d54019c189d,43.0,102717.0,7.0,1.0
33426288-55c0-4d28-8cde-18bb0cc760df,30.0,141749.0,31.0,1.0
46fe835f-12c6-41fa-a40f-9c258b9f9cbe,25.0,42875.0,29.0,0.0
2cbee80c-7eb1-4042-90db-d95a6f7b9d32,45.0,57219.0,27.0,0.0
87bc701c-69f7-4c4d-935c-aa781fe0b4e2,47.0,66182.0,31.0,0.0
eb897003-8067-4cd6-8c0a-a1b02c80c72f,26.0,110541.0,24.0,0.0
104434a2-5b99-457c-b8f8-43f8f1abf776,56.0,72269.0,33.0,0.0
6ab821c8-3c9b-4752-a0bd-6bbf5c9d6965,48.0,109781.0,32.0,1.0
7c293ea3-e378-41ee-a03b-0af4168ff2a9,38.0,36457.0,12.0,1.0
ad9dd86c-0217-4d26-8376-2cdcdc1ea35f,51.0,36749.0,24.0,1.0
73929c83-35fe-4140-855b-45f99877059b,48.0,63064.0,39.0,1.0
692e1d13-6f27-48dd-a60d-842102be3f19,42.0,39821.0,38.0,0.0
2ee28236-70a6-4dc1-b235-719dbaa16109,29.0,145256.0,9.0,0.0
b6482feb-915f-46b9-9cb1-f5edbcd55cfa,18.0,128297.0,30.0,1.0
38e5245c-d05c-4eae-83c2-d8413955e183,39.0,133587.0,10.0,0.0
b8ee36d8-dad9-479f-bb11-51faba844c03,57.0,108655.0,24.0,1.0
e2a1abf2-b14d-4573-9f8a-bd7cb8c86313,54.0,37664.0,33.0,1.0
7b2638ac-d197-44b3-bfbd-8387490d48f2,18.0,59281.0,19.0,1.0
ca43f770-804f-4619-9ad0-9a7684877a89,18.0,135815.0,6.0,1.0
14ec16c4-b6c7-4bcd-abf5-3b4e217f7bad,59.0,61821.0,32.0,1.0
f597aa3b-2c50-4f76-8750-fa519a44ad08,59.0,133769.0,34.0,1.0
5bca894f-bd3b-4b27-b411-8be532636ce0,38.0,54647.0,28.0,0.0
e6f7dd74-c6d0-47ed-9248-7feab634676f,32.0,140861.0,11.0,0.0
4ac0cc4c-db90-47dc-9f4c-b8724af5e7c9,34.0,99918.0,4.0,1.0
e8effd5d-a416-4acd-9acb-74982546bb9d,39.0,111985.0,11.0,1.0
c0a5e792-bd46-4ee8-a2b2-296364a90365,55.0,112799.0,28.0,1.0
34a8bb41-4640-4c3e-bdbf-3a2c0014c89d,52.0,120179.0,34.0,0.0
2b935c0b-142c-450c-9c03-df5b5535a1d0,33.0,104944.0,19.0,0.0
d8571e39-b2ec-47f4-83ad-3da22ccc71c5,25.0,119142.0,36.0,0.0
c9c6710b-4f99-4d7f-b856-97c2c6c80366,34.0,57603.0,0.0,1.0
8ed852e1-679e-4b57-a1db-c2b86d6d2917,34.0,76458.0,15.0,0.0
e59c34ef-72cb-49d2-b80b-7469d114c3a1,43.0,100605.0,29.0,1.0
de56ddfb-9282-4a74-adfc-c2bd5fd28cee,30.0,49623.0,8.0,0.0
64796150-5ebe-4bb4-91ec-cc6c8a240448,34.0,74440.0,9.0,1.0
ea528fc1-7290-4779-aecd-3c2717ee73ef,55.0,112427.0,12.0,1.0
b7e5c741-0d44-4c6b-9691-234e89805f38,34.0,37704.0,19.0,1.0
b7c3064c-c7d0-4ea5-8f5a-5900508fe90f,31.0,123826.0,28.0,0.0
e09f6229-5936-4b40-bbd3-c8d591c614b2,23.0,57460.0,3.0,0.0
0c2c983f-0053-4118-b910-2fb5814b41d2,52.0,113045.0,27.0,0.0
cbac0b47-532c-4550-a01c-a37d157622f6,31.0,112805.0,36.0,1.0
f90de0a2-d726-449f-8c50-182db47c85e6,25.0,147529.0,12.0,1.0
0ce19849-a8b8-4a32-a839-bf8387b5c320,32.0,103511.0,2.0,0.0
3bf6242e-17dd-4864-ad2b-e2cf05ca37c4,44.0,140373.0,36.0,0.0
824c5b27-26e5-4570-ac45-cd3acf809a76,30.0,36565.0,18.0,1.0
ffaac056-3947-4ceb-981d-6a0fe87bed7b,48.0,118003.0,27.0,1.0
95fa70cf-7515-49b9-827d-64449592e9ca,52.0,34870.0,18.0,0.0
1ca1fa16-d18a-48ed-a220-1530654b410c,23.0,48909.0,16.0,1.0
1daf69df-c8d7-47fe-a227-4d314dbdb23e,22.0,39117.0,17.0,0.0
30a32f7d-54a2-4cd0-abd4-ef59f1e9f65d,39.0,148903.0,17.0,0.0
e9aaa7f7-dabd-45db-97b1-3a83b8af7eab,40.0,97474.0,22.0,1.0
d99cb63d-8ee4-4df9-b55b-1f1e2189a183,42.0,123926.0,39.0,0.0
8391086f-d24f-41e6-8d1d-76e8a67b15ff,51.0,74322.0,8.0,0.0
f99af9a4-243f-4c5f-879e-893c9d9de4a1,43.0,131536.0,28.0,1.0
b145b538-3749-4a1d-82a9-4f2554ca8f63,22.0,50128.0,28.0,0.0
9ac1ec4a-291c-48f8-b014-2610aa491547,43.0,127317.0,1.0,0.0
9f322ac6-e5a5-4eac-835c-22cf49fd66ab,37.0,99001.0,16.0,1.0
b80b7f9d-da40-4f27-a45b-da0dbe75f265,23.0,30440.0,30.0,1.0
a503dede-bcad-492e-a8b8-0a13a9d744da,23.0,90955.0,27.0,0.0
5fda2af3-46bb-448b-8bf1-6c7bf16bb866,35.0,79613.0,38.0,0.0
33fa3ccd-9635-4b25-9e9a-2ce73fbdfd4b,21.0,100949.0,29.0,1.0
bc9380ab-020e-420b-b97a-9b7493cb11af,34.0,41663.0,34.0,1.0
5ce20041-8add-470f-b07b-a1f8ae036d91,31.0,134059.0,19.0,0.0
de605407-8d52-439b-8914-399f308275ad,31.0,133316.0,15.0,0.0
600e6d0c-9ed9-4765-9ffa-2ca54d40f048,30.0,49547.0,33.0,0.0
13383bec-831e-4de3-8057-42fa3801ee0e,24.0,111662.0,13.0,0.0
1ffc4dcc-ae6c-4ccf-9278-1da30046810e,32.0,135056.0,25.0,1.0
f74b1ac6-1408-4b7e-81b5-3f66394199ff,36.0,30005.0,19.0,1.0
f2527423-515d-4766-9dd8-63be24c3733a,52.0,133080.0,23.0,1.0
60dd625e-07b8-47ac-9077-12619c4f41b0,34.0,37038.0,17.0,1.0
1af6b7a0-1639-473b-9a17-f0ceccd2ae3b,52.0,36414.0,8.0,0.0
66274191-c235-46ff-b2fa-b81a4886fedc,36.0,117659.0,18.0,1.0
9b44435e-24aa-49a8-8e36-a5e75dd2fc84,37.0,99506.0,19.0,0.0
d4eed895-ed3d-4427-8782-b7dc572a198e,53.0,106586.0,29.0,0.0
88c3facb-4713-498a-9145-db230255e2c4,52.0,32606.0,25.0,1.0
4c2c3573-faf4-46ba-ac76-aa28ce282618,49.0,46482.0,30.0,1.0
93f3051e-c0b3-4e28-8ae4-383477451d35,57.0,128829.0,34.0,0.0
606a5f37-8a8a-40b2-a02c-0fda7709e560,41.0,101873.0,2.0,1.0
b8119efd-c630-4f47-95c5-73f4bd109286,34.0,63948.0,39.0,0.0
44662097-8c75-4344-a4fe-dd9bb7f4b611,24.0,119987.0,28.0,0.0
91cfde4b-42af-4c43-96f0-1788a7e0dceb,18.0,121801.0,5.0,1.0
3fa8562b-c7f7-4b67-8973-7c4683fc9665,52.0,121250.0,0.0,0.0
bc3d1c10-9ccc-45fb-8b79-c7e94a7ccca6,49.0,50875.0,23.0,1.0
5746ae52-8f38-4034-a0a3-4f90bc4e9358,53.0,43057.0,37.0,1.0
3c4e8e0a-ffc2-40c2-af58-3b189b6bf7aa,30.0,62400.0,33.0,1.0
6054fe15-e5c8-4bb8-a24d-4ba158d9d5a0,23.0,101458.0,6.0,0.0
2b37a158-af63-4926-8c7f-3d58b3d7bc60,31.0,98607.0,10.0,1.0
04b3f63b-ed4f-4cb3-9e91-beb112e597bb,54.0,117561.0,10.0,0.0
12879a94-c1ca-463e-9f55-adf5cc298db8,32.0,57503.0,35.0,1.0
5bcb270e-2e43-4635-b21d-cd4e1b39b695,21.0,53765.0,19.0,0.0
90cd2657-0504-42fe-a217-c7bd1ef8c0bb,57.0,131096.0,15.0,0.0
ca5c56ef-4446-4246-807f-768939ad8768,33.0,149466.0,4.0,0.0
02717968-0e64-41aa-af63-d3665b46e35b,45.0,76612.0,23.0,0.0
afe2b9fc-d091-4aa0-baa2-56d1ae16477b,33.0,128318.0,29.0,0.0
09d20e44-33fe-4392-bcb2-723d08f647d5,21.0,114335.0,29.0,1.0
e03419eb-4959-4781-8a60-5a6478767cde,43.0,130989.0,38.0,0.0
85d33347-1f6f-436e-94e2-efcff9b19cde,45.0,123012.0,36.0,1.0
244d3bdb-dd60-4238-b50b-82f0be06bafc,49.0,111748.0,32.0,1.0
7343a657-afec-4a52-b650-23d982b2d004,19.0,39428.0,19.0,1.0
8bbf7aaf-c6af-47a1-a7dd-fb6af87f30ea,48.0,61419.0,21.0,1.0
ef6b1497-4197-431a-95cb-f5ba3d4c6785,20.0,95195.0,20.0,0.0
9fe68115-c317-401d-8925-aecbeccd6f1b,25.0,103695.0,36.0,1.0
dede29bf-6bd5-460b-839e-fc93ea17c97e,41.0,119846.0,26.0,1.0
64e84ea6-2078-418c-b5de-3efbac5d4e3b,32.0,132404.0,37.0,1.0
e6831ca4-6caa-4141-bfdb-070b30c4c5f8,48.0,69142.0,34.0,1.0
532cc57f-da92-4dfd-bc5a-9c010b989da3,26.0,101540.0,37.0,1.0
68e72d9f-f6ef-4b8b-af06-67bdb2f24a5e,56.0,68289.0,39.0,1.0
3e779648-9956-48bb-bac1-16b964107b46,19.0,106948.0,5.0,0.0
fd2cc166-fc5a-472c-b5fe-2f5a1cdc40cb,25.0,88951.0,31.0,0.0
a438bb20-f4b0-43d5-a6f1-252b000e1213,24.0,41755.0,15.0,0.0
599a1dda-8697-49d5-8db8-45acc6fd5ba2,56.0,147985.0,27.0,1.0
5c36318b-b4a5-4668-9bcd-2ddd304dbcd5,59.0,114553.0,15.0,1.0
1b73a281-f288-44d8-8006-980206a21bdd,33.0,33890.0,26.0,1.0
37823ff9-6c0f-4029-8348-df8221478a3a,52.0,124376.0,2.0,0.0
24800661-a96a-493a-bf56-78777655b4dc,47.0,47175.0,20.0,1.0
e76ec85a-454b-4289-9298-8c9c9b43c9d2,27.0,104727.0,37.0,1.0
dce2bcf7-e2c3-4d29-b0cf-f1f12b38a63a,55.0,95687.0,37.0,0.0
b55be2f0-4426-4c6c-aebc-72e225ea9314,35.0,114983.0,29.0,1.0
74a6bf7d-cbe1-40eb-892f-87892c107c27,22.0,118287.0,21.0,0.0
fbcd2196-3a06-4866-a604-ac7f8cb6bee9,46.0,124711.0,18.0,1.0
f46dd261-1853-43c3-88fd-54987e02fe89,56.0,54288.0,30.0,1.0
9597fc7d-21ae-48ee-a0ec-7a007c861ad7,51.0,76629.0,19.0,1.0
9dad687d-fe97-41dc-bde1-4627fd0795d7,40.0,146779.0,18.0,0.0
2b90184e-a626-4144-8d3d-c6fa258c472d,22.0,77800.0,1.0,1.0
ae585739-f03b-4cc1-8314-05334c3e6525,47.0,67367.0,39.0,0.0
71cc3f02-af5e-44f9-81c3-fbc65974efbf,23.0,107810.0,38.0,1.0
49bd84b9-0b0e-44d8-ae16-79cb53293e7f,21.0,107754.0,26.0,0.0
c9dd2517-5347-4848-809f-ece88b2000e9,46.0,119328.0,7.0,1.0
dc059100-b3c7-4f5b-99eb-75831862d22a,40.0,98513.0,26.0,0.0
681e14ca-75f6-4bf1-92d0-c0f2fe90db70,23.0,112762.0,14.0,0.0
fe69ba79-5488-4829-8c4b-92e8dc9043e2,49.0,59022.0,11.0,1.0
58db8e55-2d9b-44f3-a1ca-e7852a62f13b,59.0,99329.0,13.0,0.0
889b0ba3-10f8-487b-8ec3-8af85562286e,35.0,89414.0,6.0,0.0
7e278261-050a-4a42-8b97-10a2b194c8c0,32.0,31659.0,16.0,0.0
cc5f733a-bfa8-48d8-9b8f-30af73f31df3,57.0,87941.0,25.0,1.0
2d8c074c-e48b-4719-a3c7-1d5d3508d0a2,49.0,67930.0,36.0,0.0
a7b00d23-605c-4a90-95e5-922df91f9f9f,26.0,73473.0,19.0,1.0
485102b5-2dfa-4bab-a6e5-b6854ee502f2,54.0,85598.0,9.0,0.0
b8c30256-29d6-49b7-9d52-8d583d42891f,27.0,46040.0,18.0,0.0
2e1a20b8-c96e-4fdd-aa60-88bf950d0925,37.0,99806.0,17.0,0.0
c296aed3-e26f-4eeb-835d-d54b4ce70e30,23.0,43286.0,29.0,0.0
de62af23-98ad-47a3-8363-84d5ab4d02c7,20.0,99139.0,29.0,1.0
809d2dd9-d10a-4fbd-8a7c-422cd52bba77,59.0,142076.0,24.0,1.0
b2c663f1-ace8-452a-b5d6-aec5cc027101,28.0,85916.0,23.0,0.0
a7cb1331-6f6b-4c90-bc66-2d0420319df3,34.0,47600.0,9.0,1.0
1674e50e-deaf-4a81-abbc-12f85ede5884,49.0,32291.0,1.0,1.0
8570d135-41bb-4a55-9e03-1176db672b10,21.0,43123.0,37.0,0.0
460bbb89-606c-445e-8aa4-a24393446ab6,21.0,33811.0,31.0,0.0
4e16ce3d-a9a4-410c-9bc5-8df6ed8f9f8b,34.0,108883.0,34.0,0.0
b40112d1-34eb-40b4-b4fe-678d82dbf582,58.0,61276.0,36.0,0.0
35d05314-6fed-476f-b6f5-2ed5e3929162,36.0,84145.0,6.0,0.0
1bee2795-c39b-4a05-823d-42a72fe51ebf,22.0,76619.0,6.0,0.0
1e610091-5cf8-472b-9fba-7c96193de0b1,49.0,111049.0,26.0,1.0
dc2d8c3f-1f42-4cd6-a9c1-eacb5322cfe5,39.0,100678.0,9.0,0.0
63cbd684-4bdb-45b8-b7e2-13f7a5a75c41,23.0,118782.0,32.0,0.0
bcfeb1f6-554e-483b-9aa6-2fad4771e6e7,52.0,121043.0,6.0,0.0
bb742994-088f-4685-8251-a58681f6ed42,39.0,56714.0,5.0,1.0
18dc037b-c83b-4a16-a798-8ff3f1f509ce,18.0,85685.0,5.0,0.0
ad412652-7ada-4094-af93-251c11100d50,37.0,42194.0,12.0,1.0
82b24cc2-3623-4471-a014-6028b662bb77,39.0,103062.0,12.0,1.0
1804acee-cdf8-43f8-8965-a4f79e250f9a,28.0,94037.0,1.0,1.0
1a172876-efc9-41c2-9fd5-d98729cc2b16,30.0,49362.0,18.0,0.0
8b9be1a5-c29c-427e-aaea-d834ef567563,59.0,84499.0,18.0,1.0
d5baf586-4565-4f66-b5d7-623bba41034d,20.0,76281.0,37.0,0.0
a0a0cfd7-1eb6-4e0d-85fe-d8b80ae023d2,26.0,92813.0,1.0,0.0
6a5487e3-079f-4fac-84b8-c23ec3517013,29.0,74852.0,25.0,0.0
d82f8bc5-2462-43f9-a33b-ed49b3faaf70,40.0,141653.0,5.0,0.0
1340fa0d-e77d-4c41-b12b-f266db8447ec,31.0,77836.0,19.0,1.0
f93c2424-8db6-40de-bc84-fd650c41212c,50.0,34595.0,22.0,0.0
fd8afe81-e4e1-4af4-a450-9e9427a3e0ed,35.0,125930.0,14.0,1.0
f3cfa240-ac3e-4cc6-ac9e-ff81ba041803,58.0,45402.0,5.0,1.0
22fb6d27-cc73-420d-8869-5e03f5c24892,26.0,95283.0,27.0,0.0
e6b7a97f-5bc7-4bcc-87f3-98b06ea0244c,40.0,122676.0,34.0,0.0
ec5621ba-4869-4fc8-bbb3-04f098124e32,27.0,118131.0,10.0,1.0
6a2e35f6-d354-4a7f-9bc7-26a6266d89bd,36.0,72723.0,7.0,1.0
f2472e6b-226c-4cb3-ade6-b421c94eab97,22.0,81322.0,23.0,0.0
c57f4677-faf8-4f72-b7ec-37e44c0435c9,40.0,76764.0,20.0,0.0
5d4dba7f-a559-450b-8c57-2832cfd7b8a4,47.0,54911.0,35.0,0.0
52ecd474-dfaf-4104-817c-ed7c9275544a,42.0,121288.0,6.0,1.0
cdf6761b-3974-497c-bd06-62dafce3a488,45.0,49405.0,4.0,0.0
5411ca16-2a7a-4021-a50d-d179e36e7e51,51.0,88122.0,28.0,0.0
20ff3542-c98b-4dcd-a412-bdb2ee4eb06e,42.0,119756.0,15.0,0.0
3b09aeec-d338-4873-b884-468ad920bd53,27.0,129489.0,5.0,0.0
256d6445-5141-4d68-8c41-3659f9a0f8b5,31.0,131589.0,13.0,1.0
b41c9292-1085-4440-b3b0-4f78aa62e654,59.0,33447.0,1.0,1.0
fdbf89de-67d7-4db8-a0be-e56dd4527f3c,47.0,83143.0,24.0,0.0
1c55a0e9-06f6-47fd-9dfe-4dbec30c7bcb,58.0,92906.0,30.0,1.0
b0c09046-1abf-48cf-8023-6f8838760e7e,42.0,40662.0,12.0,0.0
50631ebd-09f6-40f1-8330-e0b68c25f240,31.0,93001.0,17.0,1.0
ef4ce185-2ac3-4005-965c-b62aa49d3892,52.0,88282.0,16.0,1.0
b9d1d2a8-bfed-46f7-bc38-068488e32a97,51.0,34899.0,27.0,0.0
891b633c-5145-4a59-8b80-0bb86a89c34d,27.0,58582.0,11.0,0.0
006d6b3d-4173-4bec-aa01-966855a3a3b0,52.0,144364.0,34.0,0.0
f94ceeb5-8013-48e3-af17-1cefe3624035,28.0,97471.0,21.0,0.0
c03f4269-22c1-43e9-bcf0-a88a8d4fa524,28.0,72213.0,38.0,1.0
09923126-bb6d-4501-9bb6-1e9b7860934e,38.0,137578.0,0.0,0.0
2d31c27f-bcbe-4973-9639-cc876e43b76e,38.0,105871.0,36.0,0.0
966c91ef-7ac0-4f76-9fe5-c74d6c41bf43,39.0,113205.0,20.0,0.0
fc5efb0b-cdaf-4306-8eef-0026970b1a2f,24.0,104081.0,0.0,0.0
8ede4fab-9527-4f03-a2bb-0b9788db98c5,34.0,135783.0,3.0,0.0
28a91c99-a45f-4eda-9416-e65536b626c9,19.0,133559.0,31.0,0.0
959be6d3-ad6d-4067-bf94-0647859ba72d,29.0,113805.0,0.0,1.0
c8c294dc-8ffb-4cd6-b71a-ad8b6dacdfdd,59.0,67830.0,12.0,0.0
0971e12c-38ee-4411-83f2-0f9d19b0a138,35.0,37066.0,16.0,1.0
dc920abd-dbf2-431b-9943-07757809092d,28.0,40712.0,11.0,0.0
5b8d1fad-2df1-4e43-ae60-b6339d7be532,33.0,111527.0,6.0,1.0
6e3caa3b-8114-41e1-bf20-f1c9a144e25a,35.0,131326.0,2.0,1.0
d82f02f2-8e72-4e8c-af61-b2e4f731d73f,52.0,95365.0,25.0,1.0
0f12374c-421c-4927-9c31-2ecafe59d3aa,43.0,117185.0,30.0,0.0
95d12b0a-56e0-4fe6-ac2f-b989a4fe0705,33.0,129851.0,35.0,1.0
8a3bc90a-fc14-4fe2-a3db-7e93f22e1076,23.0,60806.0,25.0,0.0
5d92b7ce-7796-4804-89f0-91c69f7372b9,59.0,42210.0,2.0,1.0
1cf82d55-d91b-4050-8111-47e12a02ed0e,29.0,66972.0,27.0,0.0
b0af2b84-ab0d-40e4-b033-e25e845a907f,30.0,135894.0,16.0,0.0
4f12f685-23b9-4677-88d2-378e4b7effb7,21.0,64136.0,37.0,1.0
512f5557-4619-4aaa-b83c-a4fcd53c7b2c,56.0,74297.0,29.0,0.0
68521ed3-c62a-4722-a361-1e6a9e002ea2,19.0,146445.0,1.0,1.0
53cdc827-73b4-4adc-b669-1f2e5a3c1274,43.0,45945.0,7.0,1.0
346fb53b-93b4-41d1-8a46-1f3fd5e6b039,44.0,125201.0,13.0,0.0
5582fe9a-28ab-4dc0-af3f-942d21802ac5,44.0,72477.0,36.0,1.0
a8d444cd-5cc3-4593-9e4f-43e119f199d5,32.0,109180.0,34.0,0.0
deae80eb-f424-4c48-8bd6-08d64e2c4338,25.0,100453.0,38.0,1.0
cc7c5fb9-4c0a-4e8f-9ec3-bae91a1e6577,24.0,115404.0,10.0,0.0
71cc9ad3-2685-4d8a-8ce8-377ded9b47e4,57.0,107413.0,14.0,0.0
751b8df1-116b-4c4e-ac5b-a84ec20bf26f,29.0,43224.0,1.0,0.0
0ffddfe2-3947-488d-97f2-62f31067b491,30.0,33052.0,36.0,1.0
74158e9a-dfae-48b9-a6d0-2660f65e32ea,34.0,57272.0,31.0,0.0
e21a6ea4-aecf-4ac0-bfbc-d96390be5854,34.0,71150.0,39.0,0.0
3b7639c2-a35d-4b31-b4bf-4216b3b29d51,53.0,126204.0,12.0,0.0
81ba95bb-f79d-4c7a-8717-cfc02c2986ed,38.0,47316.0,16.0,0.0
d2070fa5-5e9f-4bf9-8063-15593fac2858,25.0,83389.0,14.0,0.0
3c152cf5-ea14-4cec-9fa0-946fe7ba0ea7,22.0,93332.0,32.0,0.0
48652418-239e-40e7-96ca-3c4b9ac6b1d8,43.0,37240.0,15.0,0.0
650dcd52-b32a-4f73-98c2-904fc4236be7,33.0,127095.0,12.0,0.0
26c3a7c3-8aa1-45bb-95b7-de957d31e24e,53.0,98774.0,21.0,0.0
5ce57344-4fd9-414c-b8bc-de166d02f1e1,45.0,73175.0,22.0,1.0
43f24444-8b61-41bc-845e-a17ed2c634d7,46.0,30565.0,35.0,0.0
8f43a0a6-1427-40f4-b10b-5ff47d9a7e45,29.0,117298.0,9.0,0.0
72a43cfe-713a-4d65-9bfd-ca194fc69d2b,54.0,101094.0,16.0,0.0
d5585f2c-4daa-4339-ab01-03aa3ccd2c82,47.0,46375.0,29.0,1.0
cdf039d6-23f9-4d4f-82e8-00fe23942200,40.0,55710.0,12.0,0.0
ec9fe5cd-9b0d-4463-8926-d9b2831724f5,33.0,79895.0,29.0,0.0
d02166e6-a3f7-4aec-8e6e-368ab941e58e,31.0,106639.0,29.0,1.0
c2ae3f2e-e241-48cb-8467-a2b1d3c07788,27.0,45174.0,6.0,1.0
5f83d7da-39ed-43f8-9683-2f4f855a17bf,24.0,137026.0,9.0,1.0
72838b26-03cb-43c4-8cb8-c18553d33747,54.0,117329.0,34.0,0.0
31bf3d1a-269e-4c50-bf77-bd943e08599a,46.0,57597.0,1.0,0.0
77f9f8ff-e9f5-4ec5-8324-2f8f46d97b2b,20.0,104289.0,29.0,0.0
d8d2ddee-8d4e-44bf-ae0a-67988bfbebb4,32.0,68397.0,18.0,0.0
6ae54229-6e5e-4694-bb18-f442491f65b8,53.0,101854.0,38.0,1.0
b7281c68-1b2f-4716-9005-73e012f4ad8c,36.0,63069.0,36.0,1.0
9bf8fc1d-a5b8-4609-b2a1-f8988d969dc7,30.0,115687.0,2.0,0.0
df111215-0722-4081-b048-076cd985cb3c,59.0,148968.0,24.0,1.0
74d28b2c-77c9-497c-a82d-5c36f62ec3f3,38.0,70274.0,33.0,0.0
c86c57f2-c95e-4921-b59a-4312ff1a0d74,54.0,104237.0,21.0,0.0
0fbd9d09-4cab-493f-94ba-eae5b9ea5fde,44.0,102498.0,37.0,0.0
46e6df31-8a87-4d82-ac50-2b624beb0377,46.0,68197.0,13.0,0.0
633f1f22-44ad-495b-be3b-b1c7615ccfe0,37.0,78634.0,38.0,1.0
2b3682a4-d41b-4196-b172-fa1160308d75,42.0,60041.0,1.0,1.0
3e96bc49-e8d3-48d3-8434-92b43cd978c6,23.0,37248.0,31.0,0.0
be3d3bac-d9d1-4117-9a70-33eb2c73b0fb,53.0,115365.0,2.0,0.0
7850b53d-0fbc-43a2-83cd-b15c5d64bed5,19.0,32203.0,7.0,1.0
aeb46a6c-d0f0-40b7-bef4-007db5681df1,39.0,81986.0,25.0,1.0
260d914d-27ca-4ae1-8e21-c77272ab3050,49.0,55370.0,31.0,0.0
1191aa0a-2669-4105-801c-f1abca7f4fc3,33.0,65247.0,10.0,1.0
23131c16-83f6-4e24-a642-989c89e07a53,35.0,149544.0,0.0,1.0
82438e57-5c3c-4242-88e5-4473be016eee,22.0,105922.0,14.0,1.0
25a1203f-e517-4cc1-aeb4-b1976f9a0d6b,53.0,30434.0,3.0,0.0
1d5f7c90-a291-4bb5-8fc3-e5a0f3327a8e,47.0,92982.0,3.0,1.0
a1bb28d3-90d3-4d6a-a3b7-771e05386783,36.0,95180.0,27.0,1.0
bcd1be60-f087-469a-955b-c19ec753bffb,40.0,138534.0,9.0,1.0
05f299ba-acde-4c1b-9309-e918331db90e,51.0,64474.0,10.0,1.0
bb0953db-c19b-49e7-9f75-cf7ca650df4c,30.0,54644.0,22.0,1.0
89e7d334-a663-40f2-979b-6be197e0b4e9,46.0,68493.0,2.0,0.0
01b9bdc0-0410-4710-be17-2972207594f4,53.0,113824.0,38.0,1.0
53ddf2b0-2ee5-4330-9455-27a1c2b9c3a4,39.0,33959.0,38.0,1.0
397ec3e3-37c7-460f-a3a0-42f5d68019c8,53.0,77289.0,16.0,1.0
1eb19866-2614-4cf9-b0f7-0ba36ce45017,26.0,41143.0,21.0,1.0
9f0fc372-deeb-4414-83b0-1bda85c60d6a,56.0,69593.0,26.0,0.0
597fc640-3255-46cc-9405-21109e981c9d,36.0,69115.0,15.0,0.0
315346b8-5174-4d71-afb2-6980de8862fa,55.0,141145.0,15.0,0.0
49264441-74bf-496a-9c84-ce8e4035d8f7,23.0,52540.0,39.0,1.0
c2020650-1e45-49be-baa0-a84f7bd1b4d2,32.0,65481.0,2.0,1.0
2c3751b1-5fe3-418a-b13d-cb93de4ead79,37.0,125505.0,32.0,0.0
b53f34f6-fadb-43e7-8abb-f250ca2df563,26.0,107097.0,1.0,0.0
142cfba3-de8d-4249-93cb-1e8340b2141c,49.0,52578.0,38.0,0.0
b9b54c56-b259-4568-81d0-3a46848f8a2c,21.0,42787.0,26.0,0.0
7ab28f9b-2c9f-4aa6-b9ed-df2bdcc0eb2a,35.0,102048.0,14.0,0.0
9c04d158-e06a-43b4-9c2d-451cea45b24b,22.0,82879.0,6.0,0.0
5af523af-631f-42da-97b7-7f1e77cf1f73,37.0,40596.0,8.0,1.0
e7034594-47ce-4e9a-8908-398479bb44da,40.0,127282.0,5.0,1.0
f75e71d5-7749-4893-9b5c-c68d0864d614,28.0,90669.0,11.0,0.0
563cf6c8-0e30-4fc9-9cfe-1eecfa3783c1,54.0,49930.0,29.0,1.0
ec53b309-6d7f-46a0-8f99-6e952f13c003,39.0,77950.0,19.0,1.0
1c7c5dd8-e802-4eb4-90e0-384b62150167,21.0,125737.0,19.0,0.0
bbe92d02-4e05-4c5e-995f-9737bad964ac,46.0,48687.0,26.0,0.0
ae5a5541-0dc4-45e7-8107-b86c77a8551c,51.0,82833.0,19.0,1.0
109acfe6-6f53-4cf5-a27e-616297b64888,30.0,65989.0,6.0,1.0
6b0bee65-42fa-4af1-9148-57f38569c6fc,59.0,60183.0,39.0,1.0
1b32c23c-3f4c-4d73-b928-88d635e52e7f,26.0,50758.0,39.0,0.0
01a51e9f-f500-4b33-bea3-5529b09c4303,59.0,31082.0,29.0,1.0
75c46ed9-3167-4f76-a7ee-affe077e91df,48.0,136941.0,7.0,0.0
157f6e9c-aff8-4bfb-935c-fe2ef946ced1,24.0,126368.0,1.0,0.0
1710ab08-8264-4a6a-ad0f-359f77a3425a,21.0,75891.0,13.0,1.0
70c68415-65a3-4073-b7f0-cbd90b774e9a,36.0,75810.0,9.0,0.0
2de3d7ad-f99e-4bfc-9455-f7a122187074,59.0,76901.0,17.0,0.0
5a000608-e5b2-490d-b1d7-433d54296113,47.0,113512.0,17.0,0.0
6ae84856-d6fb-46d5-8c64-abe7766e776a,48.0,133912.0,15.0,1.0
c46b5594-5e4d-4268-bf97-2298f7ba3ad4,52.0,101062.0,4.0,1.0
0b2fbe43-9ccc-463f-82f2-097062f3189d,38.0,126622.0,30.0,1.0
8084b4a5-9a60-4fa4-a8d2-686dc963c400,48.0,51563.0,36.0,0.0
d55a0e17-7606-49a6-8564-f0365cb6a1e5,36.0,102008.0,19.0,1.0
028eb7cf-f403-4196-9aac-5bec7b2f3429,48.0,32775.0,22.0,0.0
840b7fe2-870a-4f10-b5fe-4c1e2e63016a,49.0,45828.0,31.0,1.0
848560ea-728b-4e32-b01e-7f86dbd13219,19.0,140312.0,16.0,0.0
fc922a41-7516-4ee7-b6ee-803fd0d7808b,27.0,47974.0,12.0,1.0
3dae7247-0925-4743-9911-507446e5dd60,19.0,52388.0,12.0,1.0
237d6c50-94be-4d82-96f6-349d2cf18048,19.0,110591.0,16.0,0.0
a24a2165-e935-44f2-bf76-899391a35db3,41.0,48615.0,14.0,0.0
7ad1ea60-e258-4791-b682-606773eccd73,34.0,67886.0,25.0,1.0
3278da71-b817-4953-bfe0-87adc4359fce,49.0,52838.0,27.0,1.0
5ad1f0f2-ddfd-42e2-a972-42ca69099805,33.0,70728.0,29.0,0.0
5339b534-d1dd-4786-acbc-425edbad6cac,33.0,146249.0,34.0,1.0
962fba35-7c40-486e-a475-b4914d53ed80,56.0,108000.0,21.0,0.0
3b3ae465-8b21-4ca7-b1b1-cd99625bf8e9,48.0,82798.0,9.0,0.0
be626395-0f71-4ae4-821b-9c1c0631df32,41.0,135900.0,10.0,0.0
9c1f90be-639d-4e23-b6ab-cc9fbf8ed07a,18.0,102776.0,37.0,0.0
e74ba342-6d59-4c35-8105-2dc41c25e286,28.0,100478.0,32.0,0.0
a12b6c58-d8c0-4f95-8a60-d361f26002e8,38.0,49622.0,5.0,0.0
9100143b-da1c-4360-9016-e1b48fd490d9,21.0,43536.0,36.0,0.0
7cb8c3d3-5da3-45fc-8258-66a42b0b69e9,24.0,97136.0,6.0,0.0
adef8491-bf78-4be2-b122-59b768542ea4,43.0,35700.0,11.0,0.0
579d9ed5-24f7-4fff-9a07-418f16113174,29.0,68839.0,6.0,0.0
ec991b42-3e26-4607-8b07-8ed94f49d0f7,48.0,40248.0,1.0,0.0
1b167091-0f15-4bff-aea2-9585dd1cb953,34.0,75291.0,0.0,0.0
c39dceab-ab97-472e-a787-f6a8a7bd976d,50.0,112629.0,22.0,0.0
db79f45b-59d5-4340-b533-a156fb2bccef,28.0,114891.0,24.0,0.0
41634fb6-6d60-4e23-9b02-b3a580571399,45.0,47177.0,17.0,0.0
c3824032-6a50-40d8-b197-c5d808fd39ef,49.0,49483.0,6.0,0.0
5e3a0cfb-d693-47ce-b78f-bd101d3a4bc2,18.0,73815.0,2.0,1.0
9b87f32b-f45f-437e-9f00-4a09671bdc69,45.0,68533.0,28.0,1.0
05d29366-cdaa-46c0-8f5d-9eb2d6f85b0b,59.0,30026.0,9.0,0.0
6fefc9b0-1ab0-47fc-b300-22960a32578e,24.0,134997.0,4.0,1.0
7bccc392-f2d3-4c61-b348-9df948a17e68,19.0,90611.0,33.0,1.0
72099d82-29ec-4cad-8e30-a07cb13843d4,59.0,117242.0,7.0,1.0
b72ef072-d6a9-4c8d-b517-f2422cbe7c95,41.0,54660.0,13.0,0.0
7470ea91-d9b7-4ebc-b0da-47a0a3e148cf,21.0,85103.0,39.0,0.0
57a68652-e21a-40b6-9b05-0665cee45881,36.0,82253.0,5.0,0.0
fc9a616e-7406-4581-b6fb-224feef9115d,43.0,134913.0,0.0,1.0
a4cb4094-8f8f-4d3a-acd0-8def8da1e464,28.0,72082.0,32.0,1.0
b1be984d-7eb1-466c-9929-02cbcaff97ae,57.0,46258.0,39.0,0.0
d73e73b2-692c-4fbd-a614-6d82c294d8cd,28.0,133613.0,10.0,1.0
ea29f30a-fe38-4417-b56b-ecca43013d42,20.0,128315.0,23.0,1.0
b4f56ac4-c45b-4a99-83d5-12cd0af3bf47,29.0,119690.0,9.0,0.0
2e9d4a7d-c463-41f3-aa61-6c33fa1f75e8,20.0,125220.0,22.0,1.0
98aaff25-b010-48f1-a4e7-57c7657260a2,59.0,45389.0,15.0,1.0
55682f9c-c2d3-4a9f-b87e-fbc4d8f62e8e,44.0,121860.0,36.0,0.0
d7e0e091-5ce0-4969-a9a8-7236050f9039,19.0,57685.0,15.0,1.0
fcccede0-0b95-42b0-bcec-cab7c3dc45f2,33.0,89220.0,30.0,0.0
644ddc7e-81ed-4185-8b93-ce4381b37298,19.0,57195.0,5.0,0.0
0bb5de72-49ba-42c1-8fbc-12d25c0531d5,47.0,51797.0,29.0,0.0
f9088ee1-e454-4b15-8e5f-078c4c9f8be0,37.0,141975.0,36.0,0.0
8bbb4f67-777f-4dda-9880-16d685fabf5b,55.0,101310.0,0.0,0.0
421082bc-456b-4e61-925c-e6a888d87d4c,45.0,127169.0,24.0,0.0
71f5c0ea-3028-4097-a802-6b25e5ac4a23,42.0,144867.0,20.0,0.0
b08ce4fd-ce91-498f-9051-9e0241a5bb20,49.0,96332.0,34.0,1.0
2a8d2983-e8b5-4004-89a8-2a87516f52bd,27.0,135583.0,37.0,0.0
c328ad75-8bc2-46f9-b526-a6fc0c4a54a8,59.0,123925.0,4.0,1.0
1e3d9fe2-5584-429f-b78c-aba7aa3fd403,57.0,92907.0,11.0,1.0
f88cb69e-c08f-4b90-a657-92ea48fbd6e2,50.0,37188.0,4.0,0.0
a4e0af79-0c4b-4a43-8b3a-f5c7f2c3d874,30.0,53696.0,8.0,1.0
607f324f-6ba2-4ab7-9e07-a28e9e83c92b,58.0,32024.0,8.0,0.0
109414b3-1232-4a8b-87aa-35484a32e7e2,59.0,103202.0,34.0,0.0
c1916cd1-264d-4827-909f-2540eda257de,54.0,65985.0,0.0,0.0
c79d26e5-5ffc-4f19-af18-c36a7a674db5,33.0,36584.0,9.0,0.0
952c4def-ddef-43c3-8484-196ff85ad3c9,39.0,120998.0,38.0,0.0
b0db1aae-b333-45b8-a8ae-e01190fb631c,37.0,57044.0,35.0,0.0
5e3fd156-4504-4619-9319-e384bcb85289,44.0,35285.0,36.0,1.0
29f18874-55df-4c2a-b45f-f9b7042bb0eb,58.0,93115.0,34.0,1.0
f50460c8-6ab8-4850-a67a-fee5781787ac,33.0,37370.0,16.0,1.0
175f5e31-7714-4b33-82db-53b4006300b7,51.0,47903.0,12.0,1.0
70b03913-0134-4a14-85d0-167a8f06e36d,49.0,62499.0,5.0,1.0
0658c52f-8f7f-4248-a77c-3bfa3c1e7bee,43.0,127904.0,36.0,0.0
2bc3df07-43c0-4bf9-b6b4-bfced58f03ee,42.0,52995.0,31.0,1.0
8f6e3586-5cd7-4c68-aef5-c83860f5f22c,19.0,135160.0,10.0,0.0
ce2a59f9-8f19-4f84-850d-146be3fc1195,29.0,65200.0,16.0,0.0
a5172ff0-0a0d-4d52-843e-b440c48d7e48,57.0,118377.0,4.0,0.0
5a251582-be78-42b7-8f0a-dbbc57947779,26.0,100402.0,5.0,0.0
e1bff841-5c80-4051-bcc5-34115dc530e5,29.0,43566.0,9.0,0.0
37de9e1d-1b56-43d4-863e-5b070cb3e086,43.0,67822.0,32.0,0.0
2b6fdc7d-3d55-403c-a467-3825803b38e8,26.0,137412.0,29.0,0.0
acb4cefa-19ea-4625-8999-f443035232b0,27.0,81222.0,20.0,1.0
d721c3a8-8fce-459a-b4ba-4ac3ddb15d06,49.0,124088.0,16.0,0.0
ccaf650d-1112-42a4-920f-7f0a73991dfc,51.0,130085.0,26.0,0.0
6c88e344-57e5-4b93-a275-b1b5d017c72f,37.0,120450.0,2.0,1.0
4d37cb29-b818-4599-a427-6f876bdc3ccb,56.0,80668.0,28.0,1.0
01f874c7-2582-45dc-ab7a-d4a36dd60869,19.0,139366.0,1.0,0.0
eca98846-f08b-4810-955f-230b12085ae3,18.0,140078.0,28.0,1.0
7a34ee75-1915-4c32-b590-b4af9a69a019,53.0,93853.0,35.0,0.0
79136ce0-eb0c-485d-9bca-86265b04343f,41.0,84643.0,33.0,0.0
a42f4c3f-61f4-492f-9ff4-f9a19b20d64a,44.0,52333.0,36.0,0.0
8d89765c-72fd-4be7-b064-f37724330263,19.0,45958.0,0.0,0.0
56353a75-6a23-4611-8da7-cf99e25c3208,48.0,82442.0,25.0,1.0
239767d6-2920-49f0-a490-bf15d02e0669,31.0,50954.0,0.0,1.0
d6ee0eed-18c2-44f8-a1ad-a65e27c88735,19.0,105174.0,3.0,1.0
b46f3750-9e2e-4f2d-a756-f3cbea47847f,46.0,129683.0,38.0,0.0
10c2535f-491c-4f07-a62d-e61d787f9f8c,32.0,39675.0,13.0,0.0
b65b0b58-5f19-4edf-8b26-9ffdab90f394,29.0,119590.0,17.0,1.0
5c8f74b8-861f-4e48-a6cc-71b5c643f2c5,54.0,138570.0,33.0,1.0
c722ee2a-b851-44a8-aae7-eac4a6165329,45.0,61661.0,0.0,0.0
9559c827-7f89-4fb4-b638-948f2a6ec48d,37.0,94289.0,21.0,1.0
8b06c715-bf70-4c19-aa96-2f31510f6dd2,56.0,47184.0,15.0,1.0
3c656f52-583d-4be2-b178-329ee52eb5de,41.0,77963.0,21.0,0.0
f3379794-97dc-4547-a193-84155a99665c,38.0,55822.0,15.0,1.0
cc6b96d2-9040-4e23-a053-e96180215224,27.0,92303.0,27.0,0.0
66bd9455-2437-4895-8efd-08073fa5b15f,31.0,106465.0,27.0,1.0
26accf35-99d5-4d85-a8d3-7df72083219e,54.0,35267.0,21.0,1.0
ba7353e7-6f82-438c-8893-751665ef1842,35.0,82647.0,5.0,0.0
2357dfc3-3ef4-4435-a862-6b7d36f0b7f2,41.0,92814.0,24.0,0.0
822f375c-864b-4a34-a1cb-da759685beb9,31.0,66025.0,1.0,0.0
754a76f1-f630-42b0-9845-46a68281998c,51.0,107605.0,6.0,0.0
f1b45ef9-1757-4d0f-aa6b-751296d6b10c,29.0,30981.0,16.0,0.0
94756747-7397-476f-9ec2-6de2b11cf8c7,39.0,73436.0,34.0,0.0
6be29472-9475-4566-ae94-ed6ab8a325ae,23.0,48472.0,19.0,1.0
4c4795f2-baad-46c9-a60c-135e0535a5b1,53.0,49336.0,1.0,1.0
c58fd8cc-4161-4b3e-8d73-60106941d3c8,53.0,55587.0,6.0,0.0
08ee7854-76d6-4abb-9bc8-77edbd4ce757,39.0,107192.0,31.0,0.0
a0338aa0-f841-44f9-8cdf-ccdc44b1fabf,31.0,122862.0,18.0,0.0
350cd901-6e17-4ebe-bd94-4734a943062e,33.0,114046.0,11.0,1.0
3ac9c36e-c308-49a9-a400-8e6d17b51de4,53.0,149500.0,8.0,1.0
c7ad7afa-854c-4c8f-99fe-73e2ae7d3040,42.0,136367.0,26.0,1.0
236d6f9f-496c-401a-b9e9-6204dea5f5c9,49.0,83013.0,13.0,1.0
e6f34612-4f41-4813-a454-f36791865a36,50.0,114511.0,1.0,0.0
d168fecc-bddc-4f04-a2bb-9e9a03a37690,53.0,39665.0,20.0,1.0
2d4adeb8-ba4e-4f58-ace4-a65f24bc888c,37.0,57097.0,3.0,1.0
7cebecd3-27d5-4f31-b600-2f70620f8fde,35.0,121277.0,20.0,1.0
a26f5cb5-aa8e-492a-8a97-475c8b36aabd,55.0,82474.0,21.0,0.0
2fee9161-ec8e-4ce6-acc0-307d26ce2454,20.0,101973.0,1.0,1.0
c14431da-b3eb-4210-adb5-a332795ca7cc,40.0,55185.0,16.0,0.0
d594dac1-3262-4c53-8602-99fdaa628c33,49.0,105911.0,18.0,1.0
742d1cab-20cd-4f7f-93ac-36a1230f0862,33.0,122643.0,39.0,1.0
ba551edf-702a-43d4-81b9-9eb34f3b9c5d,22.0,60484.0,23.0,1.0
a76af99d-6c24-4138-9d33-2f4e0bb27ab6,21.0,131165.0,19.0,0.0
244e6d27-5563-4fa5-b1c1-162e1952cf8f,38.0,75610.0,37.0,1.0
7444e195-6868-4761-8f33-091f8c9f2662,57.0,80807.0,11.0,1.0
3c85ce8a-2f35-4e9c-9ba3-02d8c264dfdc,31.0,80907.0,24.0,0.0
5ef8f890-a187-4f53-b0a0-59efc82d2041,56.0,87389.0,22.0,1.0
3e5cdef2-210b-4ee1-b5c4-7afff9777b16,48.0,55835.0,33.0,1.0
2c781b8f-3366-4acf-aa0d-5fc5a5a42da6,31.0,125279.0,31.0,1.0
dd2f4888-7482-47fd-86d7-199f3069903b,23.0,126453.0,23.0,1.0
9a79a853-038e-418d-9c01-8dc54685060d,29.0,134531.0,24.0,1.0
7730a265-e79f-4b6e-9efa-0d7f0c154d02,33.0,83790.0,2.0,0.0
a45c6f3d-c7df-4fa2-ad92-900197c9c4df,34.0,106960.0,24.0,1.0
87700303-b0a6-4d4d-9284-3d5bf0854947,40.0,39643.0,27.0,1.0
4088d060-acb4-4caf-860d-2b8f94b42a0d,31.0,105846.0,11.0,0.0
3c5f3d45-5b11-4912-abe8-9e7448e004c1,24.0,48951.0,25.0,0.0
04c98610-df70-4eaa-8d68-54ba8463e181,49.0,122104.0,7.0,1.0
97fb92bc-017b-4080-8881-9e326a19d70b,32.0,45233.0,4.0,1.0
178c8931-a744-4b3b-937e-f4d9d1b3d1d2,34.0,43200.0,10.0,1.0
87bc003e-5eed-458e-903a-ade909ec3682,58.0,82275.0,34.0,0.0
f8e0ab20-cafd-4543-b40c-89fb066d8dbe,51.0,117084.0,26.0,1.0
bd0abe93-970d-4c20-9e86-0544caa22c46,22.0,106068.0,37.0,0.0
ca3fbc1b-c45c-4b53-8200-a826c9c406c9,44.0,119001.0,18.0,0.0
7c05325f-c976-4b8f-b01c-1d8c65d49e20,40.0,51291.0,31.0,0.0
ab4d719f-305d-46b5-bdc5-24db96b6a5a4,57.0,72448.0,27.0,1.0
7c335da6-ec91-4b2b-9aae-f8aae6e11bd0,31.0,60580.0,35.0,1.0
e544e08c-0f03-40d7-8c30-848d2cdc0bca,32.0,121685.0,17.0,1.0
66e2e5f9-8f88-4db8-bc71-6319a1921063,50.0,51346.0,9.0,0.0
7cf8802e-a9b3-4b5c-9230-930f63a4fc29,48.0,40619.0,31.0,1.0
461e9ce9-4174-4f5a-a08b-0e3291a7a294,52.0,135454.0,17.0,1.0
2236ec94-10c4-4cfb-9949-60c6b4216458,34.0,31766.0,11.0,0.0
9ecc575f-a886-4f10-aed4-18e93d3970f1,45.0,33549.0,7.0,0.0
4b3f8900-7409-473a-b1b4-313fd9819000,36.0,48693.0,32.0,0.0
833889a4-43a6-498a-8dd6-5bc4e4878f20,40.0,92019.0,37.0,0.0
f67a266c-3f5e-4856-bacf-8d41b6bb1f78,49.0,127458.0,13.0,0.0
f677af80-b48b-4b55-bd3f-916db65923d5,57.0,137938.0,1.0,1.0
bc1aa873-97da-4300-8256-ff4721c89acb,30.0,130280.0,8.0,0.0
7f16ded3-fba0-4623-b735-2e9527eae0f9,37.0,78328.0,4.0,1.0
032ba835-03f7-4868-98a1-595d83a94a6a,52.0,107701.0,33.0,0.0
0106d715-4e55-4eec-abf5-93218764efd0,22.0,119100.0,18.0,1.0
2303fb22-5a5b-42b9-997f-f3a36f8f73e9,26.0,130794.0,6.0,1.0
33d5742c-2f01-4ede-869d-a9fe7f6ef836,46.0,55301.0,38.0,0.0
fe525253-c051-44d9-9465-39faeb2c0ca8,23.0,74763.0,16.0,0.0
bf398985-649b-4844-8b40-008de533400c,42.0,50765.0,25.0,1.0
a676e6a7-d8e6-400c-9c43-2404f9aa5697,48.0,74787.0,26.0,0.0
a19c0564-474b-4592-a681-ef7adfaf5c82,39.0,37425.0,27.0,0.0
e2e8f028-c62e-478d-99c6-97ee338dcb8d,19.0,42857.0,19.0,0.0
d54d76ce-5dd7-4a10-a432-144bf40bc616,22.0,82771.0,5.0,0.0
f4f385d0-2c39-4e9c-a329-703426c6ca20,44.0,122999.0,7.0,0.0
1097311e-4bfd-47c4-a5ee-bf160ab99f0e,42.0,52444.0,31.0,0.0
1affcc2b-618c-418f-a03c-a5976aba3f2a,25.0,71457.0,18.0,0.0
2f557f56-057c-43af-9e9e-dab01e0d5055,18.0,132280.0,31.0,0.0
2d81f786-3451-48b4-a1ee-1d589afaa4e4,37.0,109741.0,18.0,1.0
0672639b-be04-431e-854c-6468f1e9aab1,40.0,30704.0,23.0,1.0
acf1a056-38cd-499f-ad01-61aca0605d6a,49.0,35452.0,23.0,0.0
ccd1ba3c-0bcf-43cd-9c7a-72eb46a8743b,28.0,141153.0,16.0,0.0
7b52308f-f0d6-4ad3-9846-cb0d2d646571,56.0,68862.0,17.0,1.0
c8f70261-17d5-4083-9eef-c69e9fb1f422,41.0,91471.0,11.0,0.0
053ccd3b-6b3e-4cf2-81b9-1677f4e7b5ad,28.0,99217.0,22.0,0.0
3f0c7e10-a46b-4643-9785-bd554c02d1e8,46.0,116058.0,17.0,0.0
84ff6f4e-031b-4c16-b896-1fdd815cfef5,43.0,48300.0,15.0,0.0
8d1333d7-5142-4c42-85e7-7d9b05d330ef,33.0,39566.0,15.0,1.0
a4074ef2-4324-4568-8473-37181cd1c057,52.0,37501.0,35.0,0.0
2e9d9b82-e70c-40cd-8e25-7afc1d973d33,37.0,31845.0,22.0,1.0
8c4bbcc1-5d7a-44fe-9f21-10477c20f1e0,20.0,149342.0,21.0,0.0
76c97503-c0d3-4148-83a7-fb2b9d8d7511,18.0,69181.0,38.0,1.0
06406806-55a0-4a76-90ca-2d7cee17c6c7,18.0,87263.0,32.0,1.0
96728ca3-ee30-4c5a-8567-54aca7208f73,34.0,136294.0,23.0,1.0
3ef91e0f-0c09-4b91-8673-29b224c03397,19.0,137932.0,19.0,0.0
ee737a72-730c-40fb-9f32-ddd3aeafb37e,46.0,108766.0,32.0,0.0
90cd79b9-0993-4b30-ac07-696583256924,37.0,93038.0,30.0,0.0
82e940c6-ad4c-4c25-8b5f-f7bf0be4d5ac,23.0,147778.0,39.0,1.0
a8977e50-524f-4e1f-a89c-d7aae6bdd114,25.0,113290.0,7.0,0.0
16d48ab7-54b3-4da3-9ac2-63a2b154f6ca,46.0,146616.0,9.0,0.0
4e9134b3-f354-4260-93e7-42ebb76f3fa7,50.0,64404.0,0.0,1.0
dd474315-e5fc-45ca-838b-db338b09ed17,20.0,52564.0,20.0,0.0
476c6ec3-42a5-4149-9cba-41ecd38575f0,52.0,127898.0,24.0,1.0
72ca847a-46a0-4e2d-adfe-5c56731ab1a0,22.0,87435.0,31.0,0.0
e916cb01-2805-4a3d-be50-1f81e05ad657,44.0,48227.0,9.0,1.0
68c00a41-34b9-4d5c-aa4f-fe22452d29f6,29.0,120296.0,8.0,1.0
327dfd23-f852-4eb0-b599-e4d83226dc0e,37.0,125259.0,19.0,1.0
dc3d6c0b-30ff-40fd-943f-f5b0557e4c45,37.0,77475.0,19.0,1.0
610e8685-7aef-4a57-b45f-356820eab830,26.0,47215.0,39.0,1.0
332eee89-14fb-4f1a-8ccd-43549fe4178a,56.0,101074.0,6.0,1.0
8082d91f-27a1-49fa-89a2-62f362731d61,21.0,51699.0,10.0,1.0
7c04b450-87a3-4d84-be26-cd6e751b7d6e,36.0,138621.0,20.0,0.0
04e1ed01-e948-41dd-b9fc-a539747575f9,55.0,42454.0,37.0,1.0
25004c27-7d93-4d17-afeb-aa5d863396f0,44.0,78217.0,18.0,0.0
67756c64-998c-4e70-a401-3212661cb82c,30.0,136759.0,14.0,0.0
2e77bf3e-e6f4-4ba9-a7c7-c22fbf0c6f1c,30.0,51711.0,5.0,0.0
09b3197b-3297-4b5d-a563-3dbf117029a6,39.0,45059.0,9.0,1.0
36f146e0-a379-4b07-ad7a-8994bed674ac,45.0,78398.0,15.0,0.0
f1b4e125-74d1-4b5f-a9bc-1970c1f6b019,39.0,31286.0,10.0,1.0
5ee9e507-712f-4611-a7ed-2590cf822fef,36.0,64297.0,34.0,0.0
b8f64cbf-87b5-43a7-8e13-c9fad9d8ba22,25.0,138304.0,7.0,1.0
4b485334-8a57-46b2-877e-aeac1e71f045,25.0,134959.0,27.0,1.0
8829be2a-6508-4dbd-9e5e-e4e924ddb973,59.0,130181.0,2.0,0.0
0ee8142a-c4e1-42d7-b9ff-44c4dde941fc,43.0,138245.0,1.0,1.0
c9b03116-27c3-417f-84f0-c721c484e932,43.0,56485.0,13.0,0.0
1d1fd62c-4e8d-4ddc-aa9b-4b13df6ba3a8,40.0,89967.0,28.0,1.0
ef78d6e0-57e7-4b21-bbb6-319a72a35e2c,30.0,127803.0,2.0,1.0
f937e0ba-058c-4c92-bf71-7406f32d1909,45.0,84583.0,0.0,0.0
f36473dc-5156-48c5-8d23-07eb41a6a349,26.0,81630.0,14.0,1.0
9e9c74b2-4ef4-4f03-822c-c350add95b16,37.0,141359.0,19.0,0.0
fb19ad1a-3fd6-43cc-9da4-2425398963ed,36.0,57086.0,21.0,0.0
1cda4c07-1079-424c-a55a-ccd7ece26fb1,56.0,46484.0,33.0,0.0
73a2f791-f205-46ea-b11c-5e436b98bdd2,29.0,98623.0,32.0,1.0
7e11962a-a01d-4090-b942-1b0656d62ae2,32.0,134132.0,8.0,0.0
e0c1e5e3-4485-4172-8181-a29ecf0dcb66,48.0,89263.0,2.0,0.0
1cbd54e9-e951-46ea-a9d1-711a368083cb,31.0,48675.0,1.0,0.0
a1345e31-4a82-432c-895a-25c2917c31be,28.0,90664.0,3.0,0.0
5653cc53-0753-47b0-a4d6-0eb4dd1b1bb1,43.0,54680.0,15.0,1.0
416931d2-c836-4777-b8e3-48251e86ad5e,59.0,47077.0,32.0,1.0
4b143eb1-772c-4d71-8ac1-a652ce684f93,44.0,68174.0,8.0,0.0
c4b3bcfd-f986-485a-9989-4bfbf3471c3a,28.0,106968.0,39.0,0.0
40957276-b917-46b9-ba2a-92a86b8fc2f0,55.0,33491.0,37.0,0.0
6438d978-e174-4a6d-bf48-504cd60b5a55,51.0,76126.0,17.0,0.0
174c32d7-a9aa-4d30-9fd2-00a2b16c85ad,36.0,141658.0,15.0,0.0
e2e03b33-d480-43c5-a67a-0c8bf0fd8976,23.0,33392.0,7.0,0.0
4472aa16-64dc-4587-a02c-0bdb368b108d,55.0,92257.0,22.0,1.0
5c109a8d-c38c-4ba1-9009-c36ce49f8dcb,59.0,97804.0,35.0,0.0
a02cfdab-bd8f-4e17-99e3-fa25ed8df746,45.0,68400.0,2.0,0.0
c37c90a1-e94b-4a0f-ae9e-d6667ced9a2c,18.0,66551.0,14.0,0.0
17978ddb-3d0a-4d49-8e15-2c9349ecd88e,52.0,58088.0,37.0,0.0
a157023b-ca87-48e0-8fb4-c18742aa4f3c,57.0,110015.0,32.0,0.0
089e8285-6f99-4cd6-9f82-5f1c152e2b71,25.0,55465.0,17.0,0.0
1d08e2a7-77b4-46df-9465-a8db5d6c5374,24.0,78155.0,22.0,1.0
1c7fbda9-2d10-4f0b-aaae-06f6d8d201b7,28.0,117893.0,2.0,1.0
9c074a0d-07b3-4a9c-aad7-408897087296,56.0,35969.0,29.0,0.0
249b991d-91af-42f0-9d60-6ffe50a0df7a,21.0,38981.0,16.0,1.0
287ed4df-c6ba-4444-b36b-c6ff8e41422b,42.0,51032.0,31.0,0.0
fd6cded8-e5fb-4242-a8b6-c94898c0ad9b,29.0,84091.0,6.0,1.0
8747bfa1-545f-4a38-8f05-df38ffaf2cdb,43.0,137154.0,38.0,0.0
2b3f2b17-1582-4fc9-8084-4950f0bfba5d,55.0,54408.0,13.0,0.0
844553df-16e5-4451-86ee-e1d2a7b632e4,29.0,54241.0,14.0,0.0
4d85dda4-489e-4e9e-8941-34471a22fc6d,54.0,77940.0,11.0,1.0
824186d5-2df0-491a-93cf-6b94aa09549b,41.0,112938.0,7.0,1.0
412f4bd2-01e1-4e10-b92d-7be79b2f3df0,33.0,81105.0,15.0,0.0
9339efb5-2996-4655-9a84-ae992656a12d,30.0,121302.0,33.0,0.0
b12f05e7-08c7-4d46-811d-e9cf4fb464f5,42.0,91050.0,23.0,1.0
6151beb4-904e-4f4a-bd09-7a6668f4f6dd,21.0,33657.0,28.0,0.0
c896c292-8c1d-49fc-aa24-6293165628f7,28.0,51230.0,15.0,0.0
40159726-5e32-49e8-8768-4e3380c16589,49.0,48680.0,4.0,0.0
ea2de9fe-e673-4183-8bd9-48f55fb053c2,24.0,112694.0,4.0,1.0
7f85d588-9c27-4435-907a-b737fb4c7df5,28.0,114731.0,29.0,1.0
17b7fbd0-6013-422d-9a71-46fce2a015c6,45.0,72340.0,4.0,0.0
f49208be-396b-4408-826f-22606d2ab7a6,58.0,65950.0,12.0,0.0
4f64f7dc-24d3-40c8-9cd8-12c82fc53581,40.0,108515.0,34.0,1.0
bce5d3c2-ede6-4c65-9a96-b0658c9b501f,40.0,37867.0,24.0,0.0
320f87ff-44c4-44fd-9766-c211d04cff90,45.0,110691.0,13.0,0.0
801914f6-6983-4a0c-93f2-7b61481bda11,43.0,108542.0,25.0,0.0
bb95caf2-d48d-4f80-811d-c65ffc059260,42.0,34329.0,17.0,0.0
4b8ea0bc-7ffe-4dba-a37d-3b7a2409f0db,46.0,118087.0,19.0,1.0
bbfc226b-4a02-4a4e-9df1-a71337d53fa0,36.0,65865.0,33.0,0.0
dae5bd8e-ff57-4e2c-abeb-26095c3b64e1,50.0,96940.0,6.0,0.0
0d52f6e8-c222-49f0-b55b-e4d24a74d421,53.0,67869.0,9.0,0.0
d383aab9-e1dc-4a5e-a832-eb6875a35377,31.0,96905.0,14.0,1.0
38e95957-2b83-4bea-b91c-051c9b090b4b,31.0,134969.0,16.0,1.0
a2397476-02c6-4587-9db8-b5cb1a09816d,52.0,113984.0,10.0,1.0
c6b39340-1a84-40d7-9041-0617be67e0b2,47.0,131069.0,33.0,0.0
ce91458c-15a6-4edb-86eb-ea13fb03ba32,45.0,147505.0,26.0,0.0
c60cc227-42f7-4036-84c9-55f70f6c5d93,34.0,119711.0,20.0,0.0
307cad48-f739-4917-96d4-fdb9699f3513,20.0,96252.0,30.0,1.0
0fa79180-fb54-4481-943e-523943194d05,33.0,109386.0,3.0,1.0
c0ddf93d-7fd5-4413-a552-833bc59da4ba,47.0,148728.0,16.0,0.0
1735a92d-9ed8-4b9a-939a-fbba15eb5f6f,46.0,31711.0,19.0,0.0
15e5aba4-453f-4857-bc37-74ef8a58c0ef,32.0,55801.0,24.0,1.0
24d0e29b-6b6e-4165-81b2-fba51fe36442,42.0,117287.0,39.0,0.0
40276203-82c8-4686-8dea-9d208556237b,55.0,134565.0,22.0,0.0
476b7313-7764-48b3-9a8b-2a73e0dae279,59.0,144696.0,14.0,0.0
2f9ed930-20a7-42f6-9a9c-c42842692614,55.0,120709.0,32.0,1.0
2923f069-78a9-4188-b7e3-a2d129077fca,40.0,83270.0,18.0,0.0
835c30bb-a319-4a07-9bb6-e4849377eda2,42.0,101622.0,14.0,1.0
94778690-94ce-43e5-afc5-f176f4a7d70e,59.0,85535.0,4.0,0.0
9471b41e-2cf1-40d6-ab0a-3dbf0ef9a2e4,24.0,142666.0,15.0,1.0
ab7ead1e-62f8-4396-aa15-13bc733c20e4,39.0,106759.0,31.0,1.0
58202a6d-d09a-409c-95fe-87a2f7fd7988,34.0,46220.0,21.0,1.0
d95a7db1-f1c5-4ad4-a5c5-aa45ce687125,35.0,43392.0,31.0,0.0
ae45fecc-0082-4f78-adf4-4cd274de88ac,58.0,115587.0,12.0,0.0
ede14049-954e-40ab-acbd-27c484cacdea,27.0,32246.0,37.0,0.0
e23adbbc-e2c9-45a5-a036-6b40fde5616b,27.0,50010.0,25.0,1.0
b44c52d0-5aeb-4b75-9aa1-0e34343fbef8,24.0,98358.0,16.0,1.0
f789a290-54a7-40ca-83c5-d194ffabcb74,55.0,120203.0,4.0,0.0
5d736004-6d2a-4d0c-8739-27b5b38ab3aa,44.0,47234.0,32.0,1.0
9f23c1e3-b08e-4997-84eb-695284e1a104,50.0,126190.0,26.0,1.0
c5b312f6-70bf-4ea2-9653-8caf18092549,18.0,145795.0,4.0,0.0
5cd82bf9-b581-4430-ac37-c6a650cee173,51.0,79451.0,36.0,1.0
d2686983-2e78-447e-ba74-b70a08907325,21.0,105205.0,6.0,0.0
5f3c46e9-456e-43fd-b4ea-17f2c191dad7,34.0,51784.0,17.0,0.0
dd283e2d-d263-4e74-a965-3cbf5c3c6b26,21.0,59672.0,30.0,1.0
6cb79819-b19a-416c-baf7-245c613084b7,43.0,31082.0,5.0,0.0
5e3dc49b-fe4e-4822-9e2c-f41ae031495e,21.0,41148.0,1.0,1.0
ed8aa190-fb64-4c69-8815-1be7779fa887,18.0,57494.0,12.0,0.0
6a51a16d-98ab-462c-8ec9-7fb5078c076b,24.0,136471.0,10.0,0.0
a64fc665-bfd4-4454-b257-58c3bd49cd0f,47.0,105093.0,25.0,0.0
d005c609-efb6-40ea-9a0f-b7b1105e0b5f,26.0,81952.0,20.0,0.0
d494eafd-87f5-4e73-9398-05eb6dfb3eb8,52.0,140032.0,1.0,0.0
ca674088-e392-4088-8657-1902cb739556,25.0,66719.0,39.0,0.0
fbb6f291-081f-42e2-b0de-81aad4b49d39,41.0,142981.0,19.0,0.0
5dd1f8b8-9b03-4e4b-9df8-d4a75d72a474,36.0,78737.0,16.0,1.0
19dbff82-2349-41db-9e8b-a0f5de7c7840,53.0,89453.0,15.0,0.0
a760bed1-2626-410a-8f68-86f53852b9cc,44.0,137271.0,4.0,0.0
f6abe6b2-60a5-4e78-9a9a-5e579157055e,49.0,69536.0,13.0,1.0
e2067ce4-7cd1-4c3d-ad29-9015bb2becbe,31.0,80604.0,23.0,1.0
46730a30-6da6-4d4e-b514-0e014656d123,35.0,80833.0,3.0,0.0
0bcc619f-1d34-4ade-bb4e-ed907beb99fd,45.0,44039.0,23.0,1.0
315521ff-ffe7-45c8-b8f3-469d5c200462,46.0,97839.0,8.0,0.0
b9f1090b-ea2e-4418-8310-cce48a3744ec,33.0,77931.0,2.0,0.0
37a40237-793c-4c74-83ef-0b8c151b75c9,52.0,69925.0,8.0,1.0
6f1c0898-95b1-4999-bb33-fa376eb1ee8f,48.0,81003.0,17.0,1.0
6aa0be83-f1a5-462f-a5f0-c2d29166da2d,21.0,113817.0,35.0,0.0
677717d0-9be8-428f-8ad2-bf42b73d532f,54.0,78897.0,18.0,1.0
99f563b3-7ca5-4fd0-a1c2-0108fbc7effe,34.0,117745.0,23.0,0.0
a8d8e26c-4c59-4e85-a946-568ae004f3cf,56.0,123709.0,3.0,0.0
4a2823bb-a90f-4af1-b49d-ae865d1937cd,43.0,72287.0,8.0,1.0
ee0f836c-19b4-4cb0-97f5-f568deee4288,56.0,120726.0,32.0,0.0
aa23b03c-93ca-4be2-acf9-5297a3fe30f9,58.0,63012.0,0.0,1.0
6c85b0a0-02c8-4730-adfd-283a4b9ee2f5,21.0,137252.0,34.0,1.0
4c454c62-5e94-400b-aa04-5dc38a0c88f7,47.0,71783.0,9.0,1.0
aa2fd1de-8632-403f-87ba-bd5aa85fee3f,47.0,139323.0,11.0,0.0
3f1b0902-ad09-4748-982d-1a4b2a7fee42,39.0,115727.0,17.0,0.0
a028ef13-cca5-4d62-9e06-f644f024db35,28.0,98315.0,13.0,0.0
ee2464f7-884a-4a24-8e0c-5659295c23f5,19.0,113766.0,9.0,1.0
c09359c5-1b73-4034-bcca-5b8c9eec8fd7,29.0,76491.0,9.0,0.0
23a57175-8e7a-4942-a9cf-6910cf51df48,47.0,118941.0,17.0,1.0
b9a6e43a-46ef-4fb6-a536-6aa6cf01faa8,53.0,88584.0,23.0,1.0
d3a06c59-df92-4c5c-888e-16776713c9b6,35.0,42803.0,0.0,0.0
121791f0-b72e-41c9-9f5f-f1497cf116d3,43.0,79625.0,29.0,1.0
10165a8e-541b-4c22-a6e9-03bd0c8501f8,24.0,148819.0,14.0,0.0
fd87b59d-9b66-44e4-afa2-2dfdf74c86b5,18.0,123361.0,7.0,1.0
d8b0a632-6d96-4ca6-8257-a7f5ed94996c,43.0,43698.0,34.0,0.0
1db8d4e6-ff1a-4144-b062-21f9a9a16172,40.0,64560.0,17.0,1.0
44c85567-0cef-4ff9-93c9-97585912f8ad,43.0,45376.0,15.0,1.0
b9d346a8-315c-45b6-bc70-87f95299a85b,23.0,113654.0,20.0,0.0
59d9b677-27d0-44bf-a8cd-df1599b07fdd,23.0,43117.0,14.0,0.0
96e3011c-ab07-452f-857f-23a6a715210f,25.0,135519.0,4.0,0.0
c239247b-6a74-4685-a1c8-b71312c956ac,41.0,86381.0,6.0,0.0
6022e3b9-3087-4dfb-a24a-f13108956523,39.0,67956.0,6.0,0.0
af803698-919e-4fa2-9a5b-350ee7569269,36.0,78786.0,26.0,1.0
959f0c02-a5bc-4487-ad7d-249a72112098,54.0,143005.0,24.0,1.0
89788295-fc8a-4964-8623-4fe1967ef288,35.0,133585.0,21.0,0.0
75c7c00d-013c-44af-b9db-408917fb88a3,48.0,117778.0,12.0,0.0
c5310d5f-63e0-4fb7-a668-ba20d8b9f42e,54.0,96480.0,16.0,1.0
df72c5de-4e6e-4f87-a58d-312396a51114,47.0,61695.0,12.0,1.0
c66a0bfc-e6b4-47b1-b21f-8eeee8d1f5b2,59.0,31511.0,25.0,0.0
aeac1a46-6a1c-4dfa-984b-8183b9076bdf,50.0,83233.0,8.0,0.0
6735479e-4df5-461d-97fc-44609d5b7176,27.0,141022.0,4.0,0.0
7e0813dd-4a3c-41f3-8ab3-a0536b090fa2,54.0,52502.0,38.0,1.0
f708eee7-1ff3-4c83-8e8b-8ef51caac1d3,29.0,80010.0,32.0,1.0
791e5179-5bd6-43a2-8a24-0091cc104021,47.0,148248.0,3.0,1.0
1b8d8125-7e29-4956-a9ac-f8d5884037fa,44.0,120341.0,27.0,1.0
52695aee-30ee-468e-bc7b-054b647a5a1b,56.0,122529.0,25.0,0.0
81e790be-8337-40fa-b9ab-d0cc060febb0,26.0,103905.0,3.0,0.0
0ba1aa75-6d19-4719-8067-af583a9f152e,38.0,140424.0,15.0,0.0
5bc45389-bbbe-4642-92b1-cbc7e7d208ee,29.0,76489.0,36.0,1.0
619d3070-15ab-4d31-852c-f2ed977f6de3,46.0,130919.0,21.0,1.0
d7d2a267-e343-465d-a7e0-5a7e8b72fbf8,50.0,113533.0,35.0,0.0
e4fb8dad-3ac5-4f43-adf2-a50bf732731f,32.0,111165.0,37.0,0.0
0483f11e-a6bd-47fe-a868-e20ae47c1538,19.0,61949.0,34.0,1.0
5a820262-61e1-4565-9c82-d1d88e87856c,56.0,98376.0,24.0,0.0
952b3baf-331b-42ea-b962-711eb64497f6,35.0,109587.0,7.0,0.0
ffde93f4-1a4a-43a6-ba2d-16c4962c53fc,20.0,123059.0,16.0,1.0
f1c95ee7-99a0-45dc-b0f4-28eb54f43ffd,24.0,97310.0,17.0,0.0
6d2d3bc0-3c9d-486c-bb3f-8623526e20de,35.0,108798.0,11.0,1.0
ce5a3063-3bb9-4c19-820d-6dbff315021f,55.0,99407.0,32.0,0.0
caa2c307-f044-4721-aebc-a1034fd1a98a,54.0,103809.0,22.0,0.0
3e4fc1bd-9e6e-4cff-88d4-cd818301a57d,50.0,47229.0,11.0,0.0
0f47bb2f-0155-4d82-84c6-7c1a9746634c,48.0,57385.0,10.0,1.0
475c1b07-655a-4ac6-8e71-a177db1da4f6,28.0,72176.0,12.0,1.0
bd88a7b9-604f-44a4-91a1-adbd3587bbd9,21.0,124825.0,34.0,1.0
d624175a-8a13-4087-8a85-ac68c4f2e3bc,35.0,33260.0,26.0,1.0
9b616f5d-24f8-4803-91a1-f47ca5e4717b,21.0,127555.0,24.0,0.0
7c683d47-e84e-42cc-bf82-34e419192c8a,51.0,33145.0,39.0,1.0
d60b7cf3-ae11-4820-944a-663f70929fe3,46.0,127289.0,2.0,0.0
c3e5bacc-148e-4d87-92e3-264e09d17dda,41.0,37802.0,24.0,0.0
5a396ff0-d908-4ae2-b36d-000da5afe618,39.0,32263.0,9.0,0.0
98b016bd-d2cc-4b99-bb83-6cfebafed7de,19.0,56913.0,16.0,0.0
b904944f-39db-49d0-bcb7-f054b33229d5,23.0,87788.0,2.0,0.0
dc4766f3-084c-467e-b16a-5f7a4ae4fb8d,59.0,38155.0,21.0,0.0
85ee80e9-5210-4753-9e60-2fced3e393f3,42.0,30922.0,37.0,0.0
4e4b5741-a9da-4b67-93b5-4260fd1184c5,38.0,102231.0,13.0,1.0
02564b83-e45f-4fd5-8f0f-6f19f6d2dbd2,33.0,50672.0,26.0,0.0
f7976601-059a-45ed-89b8-2e7a07af6040,48.0,68526.0,19.0,1.0
0ec80112-8d7c-44f2-9f03-b2214c9a9bf4,31.0,75344.0,17.0,0.0
019bedca-6aee-4123-b128-726a9eabae59,56.0,49014.0,12.0,1.0
8cfb4df5-8564-401b-b7b2-f5600ab3d433,45.0,103352.0,5.0,0.0
9f3d3bf3-a6dc-4d7b-93d3-ecb496b32cb0,49.0,121279.0,9.0,1.0
a44761ab-81c8-4d1c-84f5-0e67713e2189,45.0,70324.0,36.0,0.0
75548710-c841-47fe-86cf-7e3e58a8b094,26.0,144529.0,28.0,1.0
8fb0f90e-c233-41a5-872e-7a18c8d59db5,39.0,124075.0,5.0,1.0
cd1ac4aa-10be-40ed-ac42-6b3e32c2ceea,49.0,125638.0,38.0,1.0
56539436-dee6-4b01-b488-0760c108d14e,22.0,68698.0,10.0,0.0
5b5fc152-3142-40b3-84b0-a0a37b72290b,40.0,107169.0,24.0,0.0
1dbb03df-9ac1-4705-ac42-d40a31221eb3,22.0,53384.0,29.0,1.0
c94c86c7-f200-4868-a66f-0f4a8e676d7b,59.0,33512.0,19.0,1.0
423f961c-50d1-4291-881a-e029c90081d4,49.0,36066.0,36.0,0.0
a43e6f9e-11f7-47b0-b813-3a6dc7e4f2c9,27.0,61500.0,15.0,0.0
2fe77d13-63c8-4a90-875d-89e3e803a183,56.0,108743.0,30.0,0.0
d0d2e668-d197-44bc-aeb8-d170e2c08530,32.0,115642.0,28.0,0.0
124599d6-990d-47b4-bcb5-32f61a9a13e8,24.0,109858.0,5.0,0.0
c3950b2b-e9ad-4df6-8877-4d35cd05ce89,46.0,84800.0,28.0,1.0
724853bd-a956-4fff-8905-513ecce24eba,20.0,93140.0,31.0,1.0
4a5b5779-6c65-4b9f-b047-4c41557860d6,36.0,130364.0,8.0,1.0
47894f23-5083-4a6e-bef9-afb32a38163c,27.0,142317.0,36.0,1.0
300fa682-c4c1-4577-b1ae-fc0496df0b3e,45.0,114954.0,22.0,0.0
ed2b6e2f-b6b8-4e63-aca0-e264e4628130,46.0,32387.0,15.0,0.0
8d79a717-41ff-4c84-bd09-1b58126d2707,32.0,86160.0,17.0,1.0
b19160bc-533b-4424-823c-b732548f1dcf,52.0,89241.0,18.0,0.0
772de39a-993b-4696-8573-be7d3bd78e09,23.0,103567.0,1.0,0.0
7c50a90d-3bb5-4cac-99c0-ccfe0f9b609c,29.0,31799.0,9.0,1.0
c7372150-7c80-47ce-be09-069c57654e0c,55.0,149095.0,11.0,1.0
5d091aff-0791-45e8-a94f-ba0436922cbe,30.0,65548.0,17.0,0.0
9dee3f86-7590-47d9-8940-903475f0a220,46.0,63895.0,18.0,1.0
6264bcbe-a87b-48e3-9c2f-dd25b2599259,36.0,120450.0,37.0,0.0
e2ec1ffa-7ed6-461b-94cd-346639777e78,20.0,135669.0,36.0,1.0
b93eab58-5b0c-4883-98d2-261339a5c30b,25.0,110171.0,26.0,0.0
28a96c32-7bea-4454-b383-342836d4e5f1,25.0,70379.0,13.0,1.0
8b738212-36cc-40e0-a371-25c8f3c86383,37.0,75414.0,33.0,0.0
75f58dc9-50ab-498e-8847-a25e46ddea6d,21.0,103071.0,1.0,0.0
e9d5f810-6d8c-4044-9a4e-b20666faaf46,38.0,142808.0,32.0,0.0
2c141695-3eee-4b75-a2ca-67b6267fd47f,20.0,137668.0,18.0,1.0
1a1e1566-59b0-4941-b897-4324d9e2f43d,25.0,98344.0,26.0,0.0
2741ec2a-3337-4cb7-b1d8-2b568e9b4c5a,40.0,108591.0,29.0,0.0
6fd77e79-f21d-4390-aa37-1b4c6b7910ce,33.0,123141.0,6.0,1.0
15f91c51-b31a-4ab0-a202-08ea337f9a33,30.0,122201.0,26.0,1.0
0418b052-0bdb-4769-b5ae-db65e9f2d4ef,20.0,128303.0,20.0,0.0
8d37e7b2-e829-4bd4-975b-d765e21ceee3,26.0,34297.0,6.0,0.0
c4555f2c-377d-4d1d-a954-97f70b9bb54e,31.0,139513.0,24.0,1.0
512219ca-8243-492f-80a2-669e05e5c131,30.0,116479.0,37.0,1.0
af202f38-fa62-400a-aa3a-802bd00413e6,24.0,128752.0,17.0,0.0
8ebbc07a-edec-477e-9096-7354251475e9,32.0,35008.0,32.0,0.0
312589d7-fbd7-4176-b2ba-95534afa003b,24.0,116813.0,32.0,1.0
f0509726-7771-4d08-9410-b3791830c669,55.0,145481.0,31.0,0.0
177b0a50-7ecc-447a-9517-f5056d5fb0a3,51.0,46820.0,24.0,0.0
5915b68d-2271-4b1a-8945-eb7390c93fb7,58.0,101548.0,13.0,0.0
06db3aee-9efd-4509-97a7-66e01b95ab8c,39.0,52253.0,37.0,1.0
742de6cf-3112-43a5-94a4-e94ae72ff723,41.0,59202.0,37.0,1.0
b24d41cf-b5be-482f-990d-19288b64f8a2,54.0,59236.0,3.0,0.0
ed17e8c2-2c6f-4a05-9324-8741da348350,18.0,97156.0,17.0,0.0
83d1acf2-6758-4daa-9802-7ceb4244215c,27.0,141888.0,9.0,0.0
d0a7aad7-a2c3-4d55-bed8-533fb2fc6732,33.0,90263.0,34.0,1.0
ee86a10d-9c82-47b9-9f44-14e221940eb2,25.0,148996.0,34.0,0.0
8676ed73-2783-42c8-b53e-0cb96d055a10,42.0,129252.0,39.0,1.0
e176918e-eb59-4939-aea2-7ce480f88045,29.0,148632.0,22.0,0.0
b20b1077-7e69-4d4d-9406-d0313a32c6f5,42.0,104855.0,24.0,1.0
49a76a04-2641-4aef-be16-664fc230baed,34.0,46575.0,0.0,0.0
de870ac3-4e26-4e17-ba7e-5d1e06d146e1,43.0,42204.0,17.0,1.0
24a488c0-fe85-4c4f-be79-ae3837c19e19,31.0,41952.0,14.0,1.0
33cec7c8-e5c1-4c72-a50a-9f2acbcffd5d,58.0,113323.0,24.0,0.0
cbb5a6b5-3c8f-4af7-a0e6-1048f16e6302,53.0,81142.0,31.0,1.0
f59cbd15-949c-4c1e-ad37-0003ec45148b,40.0,63872.0,19.0,0.0
64b3712c-1404-4dde-b37e-2137cae3515b,23.0,59376.0,16.0,1.0
4f1ffce3-177c-4079-afb8-2a010bf48457,22.0,96084.0,10.0,0.0
b93f0190-d1a3-4831-b3bb-8fb0715fbab1,42.0,41640.0,12.0,1.0
50343ef1-b0b8-4585-a970-63ee4e7d1822,35.0,56437.0,24.0,1.0
866155cb-d1dd-4512-9005-df9c3c9d74b7,30.0,117681.0,19.0,0.0
2e412a31-68c3-45c9-943a-2bc41b2b2b8e,31.0,37903.0,24.0,1.0
8682ed9e-1bbd-4eb2-a122-47bbe0c2e6d5,45.0,113704.0,30.0,0.0
a1c09bd9-a66b-47c5-9175-a5bff5fa1ffc,35.0,56863.0,0.0,0.0
24e94127-147b-4e98-884a-8ee499317abd,45.0,73381.0,15.0,0.0
eaa32245-969f-44bb-938a-21b41540ce90,44.0,58548.0,27.0,1.0
82015b23-ea67-46b0-a4b5-15f85fdb2fbb,49.0,79956.0,20.0,1.0
fc249c1f-3bac-48c6-9243-1a26cabfa9de,26.0,104526.0,29.0,1.0
de2fc10f-0de4-4664-8c18-19b9860dced4,57.0,41467.0,2.0,0.0
a1b4053c-111d-4981-a68b-95384d683f86,49.0,87954.0,33.0,0.0
37af6866-8aad-40d2-8496-4698d7564843,37.0,53901.0,5.0,1.0
4ad3a252-ec0c-4cbb-b832-c3c469a9f065,45.0,85983.0,28.0,0.0
20727d1f-de25-4b3f-af11-1355a83e14b3,50.0,53301.0,2.0,1.0
1fd3adc4-9edd-43b7-a926-d65872fe9be8,21.0,132542.0,32.0,1.0
d0d0e6eb-b545-4ad2-a512-3fa5f4bf04d4,51.0,115180.0,10.0,0.0
ba99c447-8804-4334-89a4-7093df73a3d6,20.0,99903.0,4.0,0.0
ab74b4a5-3970-41ef-9938-7f96e1ae3eb8,43.0,133955.0,31.0,0.0
5ce57375-75d0-4b27-9e97-39f5e3da7c0b,25.0,46204.0,17.0,0.0
e307e425-3f0a-45af-9599-22277296cf84,23.0,49755.0,19.0,1.0
5ee9e8dd-fd59-4d96-90af-d175628b7aaa,33.0,89817.0,38.0,0.0
18994391-f089-4f50-976a-3da237d5648b,41.0,32093.0,39.0,0.0
7f793b65-1206-49f9-9727-951da67219d7,56.0,99537.0,27.0,0.0
0cc0f094-342f-4f99-983c-089cbede9424,47.0,126319.0,12.0,1.0
02cc4801-2323-4c64-87a1-86e8f1c96155,30.0,52940.0,25.0,0.0
1adea810-1408-4f64-8772-e9cd15b80a2f,22.0,103346.0,15.0,0.0
90c1c0a8-b8cf-4a52-948c-9481613ddb05,42.0,74040.0,24.0,1.0
b1200a2e-df3e-4dbb-96a9-e7f9d98ab064,37.0,67322.0,9.0,1.0
b7881203-0064-4869-8cf3-73f45d52e20a,35.0,121544.0,28.0,1.0
bcd9a84a-1500-4977-bbed-5713a97e4b61,35.0,114437.0,37.0,0.0
13755c7e-7845-4b8e-b110-288c495ee48e,19.0,122969.0,19.0,1.0
632d3a59-86f1-446a-9b32-6fd64e9a7428,27.0,137001.0,25.0,1.0
c0f9363a-6eaf-4907-bc24-076211410856,29.0,117725.0,31.0,0.0
ee4a48fb-c961-4811-a986-94d7b2888e83,30.0,145784.0,38.0,0.0
a073fbc2-f494-495a-8240-6d4d76b9db81,28.0,140675.0,37.0,1.0
10db9f6b-9acd-4549-b4ec-b3eeb7a2a8d4,36.0,124266.0,23.0,0.0
b0380b08-cd40-49be-bb0a-3cce60cd09fe,52.0,39236.0,30.0,0.0
dbad6592-06c6-487f-b465-1933c696b96e,56.0,142073.0,39.0,1.0
93c11546-9e94-41f9-8a62-98cbfa5aac07,43.0,102597.0,11.0,0.0
63c4dfab-7e2f-4cc3-bbe8-868616bc0de2,31.0,114124.0,35.0,0.0
782db295-6304-46f3-9513-c9de0b6e6e6e,41.0,33902.0,9.0,1.0
901be2b3-e6fa-489d-9a70-4552eada496e,58.0,129656.0,5.0,1.0
cbc7a4c9-bcf3-4f10-9690-dc857a93497e,18.0,64364.0,6.0,0.0
e486b463-5a22-46c5-bcf7-11c4348a9ef5,39.0,137071.0,30.0,1.0
f9352d08-00f6-4238-b418-b3ea4c03123f,40.0,128983.0,26.0,1.0
68708745-7cc6-41d9-98be-c57727db2959,36.0,124410.0,7.0,0.0
d4ae4501-a34e-4963-9ef2-3acf87bd99d0,35.0,50096.0,2.0,0.0
af6a15b9-7775-49b1-9606-a48224fb64b8,29.0,42020.0,39.0,0.0
531a09cb-b0f5-4a92-ae47-8748b589ecc9,45.0,88473.0,20.0,1.0
87e799a4-fb95-4458-9dac-6611cb50fdd9,45.0,140400.0,0.0,1.0
fffe04ce-90ee-4cc3-aca7-b853c53152bb,50.0,74153.0,14.0,0.0
811cc096-c9f3-4c3f-bfb3-265d6e2b9d0d,36.0,71277.0,6.0,0.0
bd3aa40f-2eb8-4a2b-a85e-39fb1ac42f70,45.0,117221.0,14.0,0.0
cf8bcb51-e422-4a99-9e9a-4eb3dad0a60f,54.0,68502.0,24.0,0.0
f2f64c69-a795-4c72-849c-6c19ab9141f8,43.0,45675.0,2.0,1.0
15a79bad-bbc6-4737-a8c0-9383358971ab,52.0,54365.0,29.0,1.0
7585b713-261e-4068-af24-1020c3bb55fc,51.0,117812.0,13.0,1.0
e4ab6605-ff05-4333-be40-d480311e6cf0,52.0,148384.0,3.0,1.0
52f3ae7c-1a81-4f02-9c3e-1457d747e86d,57.0,108229.0,35.0,1.0
2de37163-0ee3-4029-beb0-9d752473ebef,33.0,119049.0,2.0,1.0
f0950cce-47b6-4ecc-81e8-28f13c33a9b6,55.0,82148.0,4.0,0.0
4469e0d9-ed92-4c6a-96cb-0025bcd25988,30.0,119157.0,24.0,1.0
fb0baf2d-d43d-488a-aa2c-67574d646cc9,40.0,119247.0,30.0,1.0
47b256cf-a37a-42a5-90b3-55250dbc67a2,39.0,135711.0,10.0,1.0
0958707b-4f2b-4cf5-b9f5-ba529db6b2d7,33.0,140090.0,7.0,1.0
f8f3a644-a545-48eb-9f1d-1449ffa5856c,45.0,123321.0,25.0,0.0
a7d52617-be08-4a48-a581-001331f8f09d,52.0,98078.0,1.0,0.0
31df9841-c9b6-461e-84b9-9053a58eb9a2,25.0,112598.0,27.0,1.0
328dd8e6-226f-4892-936f-c6560a697b87,39.0,100902.0,9.0,0.0
b01e9368-6294-416d-ae8e-d6177b2c106d,38.0,56465.0,38.0,0.0
46a2d16e-a5f1-462d-aae7-d50130d38418,43.0,62286.0,36.0,0.0
97c02f6a-746e-4266-a102-7c6ffca90669,57.0,84795.0,38.0,0.0
86459e62-52e2-4dd8-ad24-3a7373f051f8,38.0,70178.0,20.0,1.0
0223a1be-6bdb-48d2-819c-be0b9bb8aa72,42.0,138139.0,27.0,1.0
2716ca1c-78ec-42e5-ab53-0c0e70cecfe7,58.0,109183.0,37.0,1.0
c70e8608-e789-479a-96c6-b1fb0a59771b,18.0,133845.0,32.0,1.0
cc1bbb38-753d-4ead-810e-2002f0a3800b,23.0,79986.0,10.0,1.0
a6aeaf0b-12af-4345-8398-3b4004145b75,40.0,73201.0,0.0,0.0
23ee9a13-0bca-4fe1-a353-a1ee3d3ac4f7,40.0,73315.0,32.0,1.0
b94158c6-1ee5-4d8f-abd9-49121f5e74df,40.0,105396.0,2.0,1.0
339f6d1c-0d87-42ae-979d-f8dc20c78d44,49.0,85178.0,25.0,0.0
92bf4033-0768-4cf7-8d20-74ba8493fa96,47.0,40745.0,14.0,0.0
94a0f44e-b7e5-460e-a6fd-771c41e0b71d,30.0,102354.0,13.0,1.0
2f1c397a-767c-484b-ba89-8c61d6a447f8,35.0,109637.0,22.0,0.0
2bdab035-9e64-41d1-b097-21a25c23bf18,40.0,35028.0,7.0,1.0
52bcd693-dc17-4ef9-a964-1c1868d8686c,32.0,128261.0,35.0,0.0
6c9ab48d-994a-40b0-9bb6-83c559aca832,50.0,78566.0,19.0,1.0
8e19c98d-c628-4571-8943-695c55646f90,38.0,73722.0,5.0,1.0
4f520133-e06d-44a1-8e66-1b69b5cf3c98,56.0,116623.0,32.0,1.0
80cb2b37-4fde-46c7-a0ae-93b97c843148,40.0,141074.0,27.0,1.0
e461a8c6-00a1-4ac8-af10-056ea758dab8,44.0,104974.0,37.0,0.0
9faacc48-90e3-4082-8243-a7575fe518b7,35.0,113692.0,29.0,1.0
57b1e312-f52d-4eca-b399-821fdfcc1c0a,41.0,114084.0,16.0,1.0
ca524477-7306-460a-87c7-b07d3d770d6b,57.0,69879.0,8.0,1.0
93548a13-9c28-47d6-bbcc-994fc23bba6b,59.0,54767.0,27.0,1.0
a9c3a736-7ee8-45f6-9f04-39bfd57cf231,24.0,147523.0,6.0,0.0
b7f18bca-23ba-4938-9f32-8aee178fb911,37.0,147353.0,27.0,0.0
1dab0448-22ef-4d7f-841b-4d8b11e0e65c,44.0,134417.0,16.0,1.0
b84b5c9c-4b09-4405-8d48-8b160d3cb2d6,23.0,98099.0,39.0,1.0
ba033213-274b-4b86-a631-44eee9e3beaf,44.0,78657.0,4.0,0.0
bcedc86e-ee3f-4ce7-b1a2-b718d827de8c,26.0,38498.0,4.0,1.0
70cfc333-da31-4848-8847-7b73d53a970b,48.0,103667.0,13.0,1.0
ae24fd81-bc42-46e6-9281-bad88cbd257c,38.0,55107.0,5.0,0.0
0e6bac82-3d90-476a-acc1-e57369c0f5f5,43.0,58793.0,6.0,0.0
d004ddaa-69d2-47ec-aa6f-55d48ed6f9f9,57.0,32696.0,16.0,0.0
9cc981c9-13bd-4683-b58b-216cba8ee971,30.0,83839.0,8.0,1.0
da16e9f7-8210-43fa-817e-8bdd746c0cf1,40.0,119241.0,30.0,1.0
aa3deea1-183e-471e-ae22-8c42068741fe,37.0,53397.0,21.0,1.0
cdfed80e-ca78-4b48-9dd4-f5e78e7736c1,54.0,37704.0,8.0,1.0
6ecb86a2-c1d6-4c78-bd84-8bf92871d720,45.0,46442.0,15.0,0.0
51ce484e-ede3-4c8c-a0bd-21ac0abf2732,34.0,93788.0,35.0,0.0
1c51113a-c26a-465d-8b53-6323adca14f1,45.0,39765.0,33.0,0.0
7c83bbd3-296b-4f1c-bf87-d427da309aed,58.0,145828.0,12.0,0.0
ac676557-29ef-4d5a-a4db-9a62eab9f804,19.0,40002.0,18.0,1.0
37fedc4e-7882-45bb-905f-a0da8bbbd7d8,42.0,41390.0,11.0,1.0
ada160f4-e72c-466f-ab93-77d0fa009ffb,58.0,74436.0,35.0,0.0
ebb51c5f-4724-4533-80b3-cb3ae62fe41c,23.0,114482.0,9.0,1.0
0758a08b-07d3-4e11-a891-5b0c2ac745cd,28.0,147540.0,15.0,0.0
66be40c4-7ddc-48b3-95bc-09c59ecbd181,55.0,144548.0,27.0,0.0
206337db-f1a4-4dc1-9284-2ff0336ddf35,23.0,36641.0,18.0,1.0
77ddba28-1077-40e8-b701-53013b1e3889,28.0,63709.0,39.0,1.0
040c29fd-0cec-4076-87d0-58e44727bd95,31.0,141119.0,5.0,1.0
9aeb336c-6b77-4f54-93d1-765535cbcabb,19.0,69309.0,3.0,1.0
6fb4d1b9-dfe7-4414-babf-d4c69349f528,57.0,45624.0,29.0,1.0
99fad84c-5770-443a-a12f-a9f83dbf27af,20.0,39966.0,38.0,1.0
30c799b1-4cdd-44ed-bff7-4b91ea7068a2,52.0,119350.0,30.0,1.0
39cec6fc-227d-406a-8425-12653cb6a205,50.0,64189.0,26.0,1.0
16244e04-64c3-4068-9a5d-2057f27be714,41.0,101301.0,20.0,0.0
8e9af1ac-cd70-4b53-a346-d1afe76f5b41,36.0,125758.0,36.0,0.0
37af3ace-2621-48e6-9e44-c1e3f8b831b0,35.0,145123.0,8.0,1.0
3af1e8ce-b042-4320-9f59-30221e61d01e,41.0,47223.0,34.0,1.0
051d6f3c-343f-4c0d-a323-e2a20c886425,52.0,132305.0,20.0,0.0
710746e7-7488-4025-88f5-62161edb79cb,18.0,108183.0,16.0,0.0
ea31013f-9c90-45fc-b376-56d02d3ded1d,53.0,133552.0,23.0,0.0
bdb3d6e1-33b2-4d8f-b986-dbfb69d93962,42.0,34959.0,30.0,0.0
bdfe88cc-46c1-4623-9b22-f9219c91f588,51.0,57257.0,5.0,1.0
fbfcde75-2b7d-418d-9cef-4e662df83c4b,42.0,127520.0,34.0,0.0
d3767389-c559-4f91-a4f7-22882fc65e71,33.0,80802.0,36.0,0.0
21da66ac-aa2a-417c-8ae3-7bc50cf2f58c,51.0,117748.0,12.0,0.0
fef2c854-b8a4-4fe4-9264-fe94d60a7b81,46.0,146949.0,24.0,0.0
1f8a32a5-f549-4c28-919e-650685bdcf3e,36.0,57215.0,31.0,1.0
f8623d3a-7d23-485f-a5b2-f51085bdf538,40.0,85046.0,0.0,0.0
8f687cf8-7d6a-45cf-b9a9-bd18f986b33a,36.0,132193.0,34.0,1.0
e999e104-e22e-401f-9009-558012b60d47,42.0,124593.0,18.0,1.0
2fc622eb-3c7b-40b1-a728-cfcaa5aa7ed5,33.0,64094.0,11.0,1.0
aa9dbb64-b46f-4dd4-8712-6105026e7f0f,26.0,68669.0,39.0,1.0
ceb1f3ce-3dcd-4021-86aa-b6b4349ecf93,18.0,66126.0,39.0,1.0
47569dbb-a4c4-4999-95f1-06b3eba5acc4,59.0,129889.0,19.0,0.0
856f07f2-8d75-45d9-bbe1-fcbd1c462857,36.0,109036.0,32.0,1.0
4b7d3cdd-424a-46b9-a544-068a6346e1cc,50.0,139864.0,28.0,0.0
282b557c-7119-49da-827f-f25a1a3a4562,51.0,46772.0,15.0,0.0
f6a4f1dd-39c9-409d-86e1-6a5b368e21ab,33.0,78586.0,13.0,1.0
f337cac5-853c-4f2a-a387-69d0249df06e,57.0,81943.0,6.0,1.0
bdda6117-fbc7-49b4-87a6-37514dcf1ed9,35.0,98868.0,5.0,0.0
88ba4ef3-2797-4c12-bdd9-556cf743f2f7,51.0,79855.0,20.0,1.0
e689f38f-da58-4344-b95c-2bb06fb1e02e,42.0,52218.0,35.0,1.0
cda82e13-dd0d-409b-885c-33a0e6dd191d,23.0,131124.0,21.0,1.0
7c15bdec-f2bd-4f22-92dc-ff30613e5793,38.0,111008.0,39.0,0.0
623509eb-ba90-4421-86b3-ba4f336b0514,23.0,87205.0,18.0,0.0
f462bee9-4fb9-4002-9eb6-ff36ea4b4f2c,49.0,34959.0,24.0,1.0
68503573-3f1d-488e-98f7-773d6ddb3bc6,58.0,112979.0,2.0,1.0
b066a65a-a1bf-45de-8815-f603c1d3428e,56.0,75134.0,35.0,1.0
6790bd1e-36f7-46c0-9ccd-a1c0a81f9c98,48.0,55874.0,33.0,0.0
fbd783d8-00e9-48e7-95c2-d3bf1489da07,59.0,31301.0,10.0,1.0
3d591b30-e004-41eb-815d-c0965d060e9e,27.0,88017.0,26.0,1.0
cd8188c3-fc01-47e1-afc3-3df94beb8a68,47.0,73319.0,1.0,1.0
cbed0958-63bb-4739-a717-209c5544588a,35.0,119616.0,5.0,1.0
6784fa5f-5f89-4410-83c4-c3e5f957ddf6,41.0,116219.0,1.0,0.0
caa0192c-6a39-4019-b96d-a46b21bcbd7e,26.0,125192.0,16.0,1.0
021c6b72-ad45-48d9-9491-01bdf3d77218,48.0,52455.0,39.0,1.0
5adfa669-d1f1-4691-81db-8676ebe1b813,32.0,34112.0,13.0,0.0
57ce8a18-2494-48e1-a365-66e5df0c384c,21.0,87033.0,9.0,1.0
2ccaa033-0e30-4057-be43-ae0cb3ae10bb,57.0,141067.0,32.0,1.0
8b7f86f9-57ea-423a-aa2b-1967d8f579ac,26.0,140078.0,11.0,0.0
f225e532-cf6c-4690-b1c6-37c097dc2f3e,26.0,88360.0,31.0,1.0
ba728d54-4f83-461a-9838-9b88107a58ee,43.0,112418.0,23.0,0.0
243f2116-f6a4-4d99-9534-2e37b0e5e255,21.0,62145.0,13.0,1.0
d44cf0cb-6d26-4499-b5bf-5d994f72cf6a,34.0,136924.0,4.0,1.0
8573fdf8-b8e8-46e2-9169-d1b8ca53b278,33.0,62735.0,4.0,1.0
04afe665-e764-4db9-bded-efd94b3afc45,32.0,102781.0,31.0,0.0
191be341-1978-425a-9943-8814237425d6,52.0,140135.0,32.0,1.0
341e15e2-d140-4347-9a82-cb69159510d6,22.0,97641.0,3.0,0.0
8c21b0ba-557d-4dbf-88c6-655f145be799,22.0,138049.0,29.0,0.0
fdf1c27c-4ade-4a6f-8878-4559f1493682,37.0,51711.0,16.0,0.0
0c99f423-4c9d-4514-b021-2ae748df0ad2,32.0,35630.0,2.0,0.0
d3da9bcd-4f95-407c-b848-a9dbc7422c04,35.0,95488.0,12.0,0.0
b1c51a5b-36d1-4079-828d-730d6d0a4c8a,19.0,33206.0,35.0,0.0
58217062-3cdc-4631-ad44-18ca6a348a7c,46.0,86289.0,17.0,1.0
1fb635b5-cd95-40f1-ab0f-1c6bdf6810d8,30.0,48953.0,22.0,1.0
41d5d984-cc79-445e-ab1c-73bcb26cc51c,21.0,130932.0,34.0,1.0
20a2ee9c-75b4-4ba4-88b8-650a74cb58be,59.0,40068.0,32.0,1.0
aac103e7-7a44-48cf-a044-599d50bb88c4,27.0,108930.0,35.0,0.0
40a14d54-3583-4fd4-89a0-b20238ad765d,48.0,85916.0,16.0,1.0
43bb4616-3646-4bf0-85ba-f57904c23c33,58.0,31067.0,38.0,1.0
0d09f298-bbc0-4663-9cde-6b12f8584f6a,25.0,80658.0,33.0,0.0
4efaa4cc-bc30-4ff4-905a-826b36658018,20.0,82165.0,11.0,1.0
216e1ec9-9038-48e3-ac6c-21f016bebf58,26.0,110781.0,4.0,0.0
c5b387dd-32e6-4135-9a91-0f127ecbd2ac,47.0,39859.0,39.0,1.0
5a065850-3eba-421b-a9a3-40440410d020,28.0,59164.0,26.0,1.0
20b4df97-bb79-4d86-8dee-d73eef20c363,52.0,134946.0,39.0,0.0
58927f2b-409f-4068-bd16-db948059fe0f,54.0,110913.0,12.0,1.0
172d1728-128d-4852-905a-e94142414569,59.0,132370.0,25.0,1.0
bd7a5f44-2d56-4cca-a96f-a09ad7df2c96,30.0,129251.0,13.0,1.0
f2db9a6a-9102-4362-b9ad-eff97de9b5c5,53.0,50773.0,31.0,1.0
5d9fca2e-45ba-407f-b98b-4e43ac911195,30.0,87295.0,10.0,0.0
9d55ebb3-58a1-4f6b-8c1a-9f639dbe2039,29.0,63939.0,37.0,1.0
94a6d6a8-673d-43dd-a515-5c1b1b792dfe,54.0,78599.0,15.0,0.0
6dd20900-b520-4e58-9703-9fb17993d2e9,27.0,36114.0,21.0,0.0
99a69df1-6994-4025-9624-04272b8f33de,26.0,128475.0,15.0,1.0
114a68e9-d1ba-473f-ae7e-56f9da242fc9,24.0,42818.0,12.0,0.0
6ad4da4c-7434-43b8-bf23-394fbbfb665c,19.0,39335.0,11.0,1.0
68b965ea-6874-4d79-9b07-08f304f4eefa,40.0,138355.0,17.0,0.0
761af41e-32ba-47db-8174-19bd77cc50c7,56.0,85008.0,28.0,0.0
1cd35d52-2a2d-490d-9014-c4f52f96890b,57.0,101745.0,17.0,0.0
4b1744c0-6fd8-4505-8df9-974a638547c0,56.0,73148.0,1.0,0.0
03ff1f04-1afd-45a6-8783-6e2dfd9f8474,38.0,33577.0,1.0,1.0
caf19632-dc1e-410d-bc07-1d61eddcb69b,40.0,103916.0,2.0,1.0
6bf8c541-e4ce-4754-b9c2-01805f1221ea,46.0,34076.0,28.0,1.0
50f83b36-3f23-4401-a809-7c589c9f5507,31.0,62925.0,7.0,1.0
860281c3-cfcb-4133-9ef2-9df41faf55e6,43.0,136081.0,10.0,0.0
f1138875-dd24-4299-9717-aa913e8b2518,22.0,81869.0,11.0,1.0
907f6e8a-0586-40b5-ac95-bb807bc7bd18,48.0,89314.0,31.0,1.0
0add8952-d5c9-4ec2-a046-06894f734134,42.0,71205.0,3.0,1.0
9fbb83a5-2403-4f48-a1f4-056b3c5ed894,48.0,41095.0,8.0,0.0
604b9cd4-1e23-4c11-b95a-f49affa107d2,37.0,143583.0,23.0,0.0
6d86138e-0233-4298-8f75-403126970c8a,34.0,114715.0,15.0,0.0
13e74e67-865a-4de6-8524-3e7265acc42a,19.0,135504.0,16.0,0.0
3d02c6da-4a0a-4e15-be1d-c824508d8b41,42.0,86680.0,21.0,0.0
f93f2b5e-2e9d-4f57-862e-1776ad46e428,30.0,58400.0,6.0,1.0
be9bc60a-d8a9-4581-abbd-751007d64f3c,56.0,114297.0,9.0,0.0
5947d1fc-eb45-4887-9e51-406a54e690a0,45.0,143151.0,28.0,1.0
675ba044-ad08-471f-a978-3ec9383d22e6,59.0,137345.0,35.0,0.0
8d9b21ca-2569-41e7-8b07-2040adbd8fd6,23.0,97346.0,23.0,0.0
e229899e-7ea2-456a-b69b-7dffc7c56a54,20.0,117110.0,13.0,0.0
3c15c9bf-8248-47b4-8784-095651593e1f,52.0,58562.0,13.0,0.0
e74a0456-419f-4abe-b052-808073ca944b,35.0,70663.0,24.0,0.0
9a1e914a-ed04-4d6f-a63e-7e0031307942,28.0,48510.0,21.0,0.0
083198db-0256-4edb-af50-cd85bcd69fbc,37.0,91608.0,22.0,1.0
e1148e1d-64aa-44a0-8354-c8686e15b4d7,22.0,102489.0,31.0,0.0
ecff8b71-261f-4934-9f24-6932db5a779c,36.0,82182.0,25.0,0.0
a786b349-e193-4702-b8dd-827d9329b17e,39.0,134627.0,26.0,1.0
d7ce7e83-37bc-408d-84c4-57aea7c9ddb5,36.0,117667.0,11.0,0.0
19a74bdf-d13e-41ad-802e-2c39d490959f,33.0,56883.0,18.0,0.0
893f1b57-3164-49f0-ba02-8afdbad7a8fd,41.0,133909.0,18.0,1.0
1bbdd2ea-ea0f-4ac3-8497-c3c3c5bfa03c,58.0,101427.0,33.0,1.0
0141add2-374c-4c27-8efb-2444fc42896e,21.0,65844.0,31.0,0.0
56c1803c-2c83-483c-95fa-b3518894283e,32.0,48728.0,28.0,0.0
3120622e-a4af-41bc-be68-56603931826e,42.0,128923.0,20.0,0.0
e3317e57-6f65-423c-89c7-83cfd15f5260,52.0,41094.0,34.0,0.0
defebe25-736f-4e7d-8fca-594e09c8cbd8,31.0,32407.0,4.0,0.0
184f86fb-13b7-40ca-b0e1-9b773a494b72,36.0,85412.0,11.0,0.0
95835d6b-d12e-4a05-8dfa-4b78c9d2834b,55.0,42644.0,6.0,1.0
37254151-11a3-4718-aeef-d18f9d9aad88,53.0,131308.0,1.0,1.0
4c6dd72a-5c3a-464d-94f1-2aa43ed0389f,24.0,115834.0,24.0,1.0
7fe02863-53f1-4f1d-9041-2fadddcc41c2,47.0,138982.0,9.0,1.0
ed9dee6e-e02d-4470-9906-ec67a7cf813f,36.0,90746.0,37.0,0.0
ffebd095-fe60-45d0-bcae-8ea8ff758ad9,42.0,82748.0,5.0,1.0
16e6b55c-9e0c-4269-bcde-db7ca5924071,33.0,89021.0,26.0,0.0
237af523-45a8-4371-9410-760c6835e488,57.0,92651.0,34.0,0.0
86f767c7-23a6-44b0-821f-187065c10e45,25.0,66807.0,9.0,1.0
eb7e7466-e0b8-4eba-8dcb-23dd0a917579,35.0,64072.0,8.0,0.0
1928c081-51a2-49d8-818d-32806f93d27d,45.0,68398.0,19.0,1.0
5edad41e-195e-4d98-8228-6c05dbdcc3a6,33.0,58669.0,36.0,1.0
8ad2a89d-ee27-4d2a-bcdd-c95d0b00f5fc,36.0,60161.0,34.0,1.0
607eec27-6d76-4866-adc0-e429800c0b38,59.0,37282.0,36.0,1.0
9b5c16a6-0d7b-4f3c-927a-f02a1b04c86d,34.0,56539.0,39.0,1.0
df54aa27-9476-4271-a301-2997cb90f05a,30.0,33307.0,7.0,0.0
3cbfd6d4-2a01-4552-9801-634c9a5192e2,24.0,47745.0,30.0,1.0
aca74265-c82a-4b5a-ab10-6545ac5b9779,44.0,69433.0,15.0,0.0
8ec537c5-f1bd-470e-96bb-d6afa459dffa,27.0,132598.0,27.0,0.0
20c17aa6-287c-42e4-a97b-af6b1353b30f,51.0,64555.0,5.0,0.0
0077c04f-7471-43b3-a7f1-a517084200f8,53.0,31073.0,31.0,0.0
cd01f5a1-766f-456b-abd3-299668ff30b6,42.0,62683.0,27.0,1.0
bf38f580-b7ca-412d-aa41-7d35d814b3e5,23.0,55741.0,10.0,0.0
746250c3-ad8d-4ab9-97ed-012e72d6fef6,41.0,52286.0,22.0,1.0
46d7d28a-e663-40a6-837d-f210bf79efcb,35.0,33599.0,29.0,0.0
b9e4f3c0-15a2-4801-bb9c-bfd44a1f3932,40.0,57293.0,8.0,1.0
8d7933eb-d7ad-45de-ab18-01aa5448dca8,23.0,45389.0,27.0,1.0
f6f3de1e-57d2-40f5-ae5e-1792923fc71c,46.0,139649.0,23.0,1.0
ff2d8311-5c34-4db2-862f-9989fdf537d5,42.0,42318.0,27.0,1.0
da8322b1-9c49-4882-832d-45c7437986e1,34.0,78875.0,23.0,1.0
ccebd460-5993-4250-b15d-110c925c4da4,41.0,33055.0,14.0,0.0
a98dff68-1ecd-4b3c-a614-bddf38473b84,28.0,112579.0,38.0,0.0
dfeef678-0f30-46fb-a95b-b8f4e90fd1e3,43.0,36320.0,32.0,0.0
adb0a655-1f3f-4515-ac24-a95d2b387614,51.0,134817.0,33.0,0.0
a9ad669d-9733-4f99-98e6-3e2ba61be33f,45.0,34642.0,21.0,1.0
d0f0f44c-7a84-40db-8267-6e9a94e7fb30,20.0,122694.0,28.0,0.0
b805240c-6a40-4b7f-867d-401969c848b3,28.0,39321.0,33.0,0.0
db38ce27-cd63-46b2-ad45-b98be0606ce6,55.0,109968.0,9.0,0.0
3d171370-f241-4862-a8d3-0fc0d4d0f7fc,31.0,118293.0,29.0,0.0
88ac0ed7-1577-4ff1-828e-90d12448e0d9,43.0,89618.0,10.0,0.0
edf5c8f1-7eaf-45bd-a1e3-15193eb9a6c2,38.0,132770.0,33.0,1.0
4495aa09-9e12-4c36-b342-47fe27337bb0,56.0,56044.0,20.0,1.0
bd30c05c-1beb-4514-8338-87da7d933f57,47.0,51971.0,12.0,0.0
10293bdd-8696-4dac-8936-a454fcaf85eb,25.0,139762.0,24.0,1.0
10b360a0-244e-4b0e-93b2-929748dd2f98,37.0,144183.0,20.0,0.0
77f38893-a4f4-46a5-9c31-0df5e65fc106,49.0,147159.0,0.0,1.0
bd06c475-f0fc-4dac-acb5-693894ce4f2f,39.0,55727.0,4.0,1.0
50038015-a322-4a85-83ac-e3e8ad36d1d9,24.0,52559.0,21.0,0.0
01be5ae7-2116-4150-ad0d-53b1ba44a0f6,26.0,103820.0,6.0,1.0
4e428d75-c279-464e-ae89-8baad1a8bfa3,18.0,139062.0,12.0,0.0
0d5323e3-dabc-4f08-89cb-963631187f5d,46.0,113201.0,22.0,0.0
c59e241d-4824-45d5-928a-e796da3f2dd8,25.0,57476.0,20.0,1.0
45dec757-7e14-4fd6-a794-565e92670dbc,21.0,92683.0,5.0,1.0
ae18a23b-901b-49d9-884d-ffece665e37f,52.0,40991.0,19.0,1.0
3e5be457-3727-4c93-b92f-5b0d675ded5e,20.0,115097.0,11.0,1.0
958ce5c6-670b-4baf-a39e-6ca07fc57615,57.0,100047.0,39.0,0.0
1d37d886-1c1f-4d3d-b4f0-54fb42110398,24.0,40796.0,8.0,0.0
3fe93895-fb22-4813-ba64-4585e2cb09f7,44.0,33881.0,27.0,0.0
bb7425f5-2fc3-4d0a-b1cf-709afd2be727,18.0,45668.0,10.0,0.0
1feb08f7-de61-4ca2-ab8b-40f8035c9fa7,44.0,130717.0,31.0,0.0
6c1a2376-99a9-4b08-aa4c-8b4dacd9c23f,33.0,64312.0,10.0,0.0
e2d60457-8bee-4657-a59f-f430711f7e71,55.0,58106.0,23.0,1.0
42974569-5f82-4489-9eb9-8eee012d05e4,24.0,122758.0,14.0,0.0
f37d5f10-a6f0-4b52-b77e-0fb3254c7e4f,40.0,45729.0,34.0,0.0
198ff4de-368f-4d7d-9f76-b855e8d58596,58.0,100320.0,16.0,1.0
56b55941-4162-4051-9943-9edd2eaf8117,28.0,84913.0,24.0,1.0
a6c36fa1-ffd6-4610-b46f-979ce9efeda1,59.0,87026.0,34.0,0.0
88a060ba-937b-4841-8c98-4b92d6fd7cde,50.0,89402.0,18.0,0.0
35e27011-c600-4838-9e10-887a5b17069a,53.0,133930.0,30.0,1.0
9fbb9b69-e15f-4fc8-adb5-6855d8f73d52,54.0,67282.0,16.0,0.0
5f2ac84e-a513-4666-9fe8-e3fcefa6633a,58.0,129449.0,22.0,1.0
88a0eee3-3f64-47c7-9c8e-3b9127db319a,34.0,104638.0,0.0,1.0
0187792f-e3d8-4066-a9da-d5dc3f8bf0fa,52.0,139802.0,9.0,1.0
0a3f90d4-b721-45d6-a19a-f3071d1ed5bf,22.0,68218.0,7.0,0.0
e46519d0-ff81-4e9c-a800-3ea3ac7ca2c2,49.0,47950.0,25.0,0.0
cc0cf73c-6cf7-4695-b589-e709feb2a02b,20.0,89739.0,33.0,1.0
2bb483e5-780d-426d-bb54-949d5febe166,52.0,147693.0,18.0,1.0
279c09bd-3ab7-464a-bf6a-e8902184aeb2,31.0,34507.0,13.0,0.0
b9af1e9a-0a44-43d4-8357-5f592b842bb2,48.0,76303.0,7.0,0.0
e1f92598-2485-4ebf-b0c5-b92a44362ca9,48.0,132552.0,0.0,0.0
914b841c-a496-4e63-97b1-0bd96104433c,34.0,109059.0,24.0,1.0
97088176-152d-4ed0-b1bb-e520897f653b,41.0,54667.0,23.0,1.0
0db7b721-162e-406d-a5d5-bcb50f7c4317,40.0,33992.0,19.0,1.0
394121fc-bbab-4611-8826-2846c78e1aac,35.0,136826.0,29.0,0.0
bf4a73e1-c108-4f63-a793-dc2d07b862d2,31.0,103563.0,4.0,1.0
70938e8b-a248-4cc2-9d1d-3b3d5d888646,32.0,117680.0,2.0,1.0
1e48941e-69a4-4d37-8240-13a0ec05e8c2,32.0,55530.0,31.0,1.0
220b6a8c-4011-447e-bab6-2bbb792628e3,23.0,140276.0,16.0,0.0
8e87432e-0133-4dbe-a323-077fb057bfed,44.0,45305.0,4.0,1.0
c1070351-417f-437e-851c-ace7ea34feaf,32.0,139097.0,10.0,1.0
e707faab-c8ad-47e8-9507-a2c7b9f2fc4e,53.0,82129.0,37.0,0.0
32de15f7-9c7d-429d-8df4-a90746edff34,25.0,117267.0,3.0,1.0
3602f0c5-bef4-4253-be50-4c502fc6998d,32.0,116209.0,38.0,0.0
edd290fc-8fb2-47c6-ab71-a792ca842bf6,20.0,128833.0,18.0,0.0
4918695e-7128-4353-95ef-544ebc86ab4f,30.0,82044.0,38.0,1.0
a547adc7-4f42-42e6-81c9-cf0f0d964bb6,58.0,121378.0,22.0,0.0
1db516d3-233c-4025-bf2e-5ede94b45a81,51.0,119363.0,16.0,1.0
9dca0c59-b0f6-400d-800b-aae4e0232b7d,41.0,88817.0,12.0,0.0
5c58b685-f048-4a28-b1f2-602555b96f82,57.0,133038.0,26.0,1.0
cf65303f-098a-4d38-a0e9-ee4989d05408,49.0,76666.0,0.0,0.0
321fbf16-2eca-4a4f-9431-228da41c0c5d,49.0,56173.0,1.0,0.0
a45f397c-8690-4f26-8814-8ddb99a223a3,47.0,48909.0,17.0,0.0
1ed60fb6-148b-462a-a273-a21e89f9f12e,30.0,93967.0,35.0,1.0
4d03d0e7-894c-45ef-b2d2-18a5f3e31fe5,18.0,61007.0,32.0,1.0
97ad2284-16bc-4faa-8342-6c5a3a92cca2,51.0,42985.0,35.0,1.0
ff07b826-26e4-4bc5-a70e-ee832cc4005e,32.0,148449.0,1.0,0.0
2c52aad1-7d6e-410b-8d65-a3c463d3e4c7,31.0,52525.0,3.0,0.0
324a7f7f-6d2b-4290-9351-b440494f2e6c,46.0,142293.0,15.0,1.0
5196955f-bb4a-4390-9752-56d0c0767a52,51.0,131046.0,3.0,1.0
55ffd292-bf25-4040-8091-02939f2b69d6,35.0,67403.0,8.0,0.0
fc9059e7-7ddb-4c74-9666-70fb146fefa5,24.0,67193.0,20.0,0.0
3772be6b-76f1-49e6-ab8a-f3e0c09287d0,46.0,136965.0,22.0,0.0
116b8b1e-dc97-4ccb-889c-1dac26cea846,48.0,33830.0,1.0,1.0
bb48ad28-b301-48bf-9111-63b38f38b771,42.0,86144.0,2.0,0.0
ccdaef2d-c5de-4e64-ab4d-926f31049df9,55.0,30533.0,22.0,1.0
97b42dc9-18ed-46a5-8cdf-4c7e913e729a,31.0,142554.0,25.0,0.0
a15c4296-57ff-42cb-bc73-a4648a92d978,25.0,50946.0,6.0,1.0
6982b36a-e63a-4a95-ae49-ef6d167ba26b,44.0,53504.0,35.0,0.0
ed08b8a2-3b95-4b51-b58f-7ffa72d1d4ce,19.0,140551.0,32.0,0.0
3bfb0778-6975-4cbf-af02-81274ef59779,34.0,85715.0,35.0,1.0
5503e8b5-199d-4eb6-8b61-56f60762ca91,54.0,58255.0,3.0,0.0
77cd7095-a8d5-4ddc-a619-18589c5f9045,31.0,86441.0,22.0,0.0
2176c720-9e24-46c9-95e0-46119375351b,42.0,66855.0,24.0,0.0
f91bf03a-5930-48e6-8d7f-90d599fd88d4,47.0,71721.0,25.0,1.0
7f42bc68-417f-40fb-a01e-8e09ff8a9e5d,46.0,141597.0,27.0,0.0
d280504b-8271-4a21-a16d-ef3434330205,37.0,71850.0,27.0,1.0
e62f516e-4b2f-4353-9be9-cd0b9c3ed596,38.0,130659.0,20.0,0.0
b84f1732-ad3f-4e40-81bc-6e010ada1a9e,39.0,64723.0,9.0,0.0
0c04d0f4-44df-4eca-9e57-69230e46bfc4,52.0,65739.0,26.0,1.0
727981b6-9b0d-45ee-a470-32abb16e0134,54.0,35539.0,14.0,1.0
f02aeaab-bf97-4bc4-abd6-ebc4009892e5,33.0,103029.0,16.0,1.0
d23e241b-99ea-4084-b75e-e26a0d38da1d,34.0,94509.0,38.0,1.0
1ad5f7bf-0125-4520-b2d3-15e68a606e01,33.0,146360.0,34.0,1.0
1df04de0-d3ab-41ec-b30c-8ec3d4a1c1e4,19.0,131140.0,4.0,1.0
c3bca525-ea7f-403a-b2ce-51090f815b11,21.0,51311.0,15.0,0.0
7db780e7-5ece-471d-87a5-53a1c1e67376,38.0,133243.0,22.0,0.0
8f3edc94-0560-4c01-a5a6-774b649caaa0,56.0,99180.0,38.0,0.0
72c1bc0c-3379-491e-8015-c326db27ebca,51.0,146985.0,8.0,0.0
7a5c2de9-fd10-4766-ab00-4c832c5e8b01,47.0,115981.0,32.0,1.0
11d3c332-e518-45ec-b145-5cc79645d807,23.0,65934.0,34.0,0.0
d9301e29-fb17-4ec9-a7ad-6d420421aaf5,34.0,39511.0,39.0,0.0
0ea81ef6-a61a-4261-945f-2d2c6c87ce89,56.0,30183.0,23.0,0.0
5074d281-2a65-4ee3-a6a9-c1db1a03962f,42.0,39475.0,23.0,1.0
6b11071b-8cf6-421c-9644-028ebed5c2d9,22.0,114766.0,23.0,1.0
df279ea8-cea2-4138-b872-323f108284a3,22.0,93130.0,18.0,0.0
6c365cd1-e8e1-4f79-9432-4f802a61d57c,37.0,89577.0,38.0,1.0
7bc56ea0-8f53-4558-823d-370ab8ad4d52,33.0,56008.0,24.0,0.0
03dcbe0c-12c6-4c73-9885-e2bf926b3656,58.0,106868.0,30.0,1.0
6d723513-e012-468c-b4f3-6fd493545062,54.0,77941.0,37.0,0.0
be57617a-e717-4542-81ea-011de541c8ec,57.0,72756.0,24.0,1.0
ce10dc36-eb48-4812-9b96-f0104adb5c43,26.0,100258.0,26.0,0.0
33142a9a-eecc-4f64-9a71-3dd6527a6642,22.0,110730.0,31.0,0.0
31ee2b61-0f4b-413c-83e8-1dfabe90a894,59.0,122167.0,10.0,1.0
3df32eb3-f9ac-4f51-a89e-94900fd5c086,19.0,57912.0,4.0,1.0
b9bb5350-0167-49f2-83c3-dd38dc2fde2a,26.0,112702.0,32.0,1.0
96740a82-250b-4a26-b3a3-fc63d56f259a,53.0,80659.0,18.0,1.0
90052fb1-ca7f-4088-bda8-72106c1f901a,39.0,76840.0,15.0,0.0
e2bc99eb-a217-4708-8221-8b982f6200c0,39.0,111512.0,34.0,0.0
35249de5-8387-4295-8774-08c93ec97ed0,39.0,68623.0,10.0,0.0
945ce69e-373a-4a6a-98ef-fa5bd6b36280,51.0,93303.0,10.0,0.0
ba031056-ba2e-4782-8f94-fe012cf68bc1,46.0,76062.0,9.0,0.0
0f58ae4e-e81a-44b7-9ea2-bad95dd463ba,55.0,86690.0,33.0,0.0
930381c3-2cbc-44f1-8c3c-a91c12a558b2,50.0,107582.0,4.0,0.0
fb70e92a-98f1-4920-99db-3b0151463cf1,35.0,128980.0,22.0,0.0
13f88d1e-399b-42f9-b77d-28573917ec8f,24.0,53634.0,24.0,1.0
216db0cd-0c85-4c9b-a05c-5aaf5ddcf9f8,18.0,34090.0,28.0,0.0
24ce2ed0-91e7-49ec-b006-b2e3b21d33e7,50.0,75266.0,39.0,1.0
f2c5518a-ddc7-444d-be1e-795fdcd7071c,18.0,60008.0,12.0,1.0
8d387e57-4d17-4f44-8c53-11c929c6f315,41.0,117643.0,31.0,1.0
6d5da089-4636-40e3-923a-70fdf0e8d1d8,21.0,88704.0,33.0,1.0
2e38894d-022c-45b9-b5e4-1e00d7765b2c,21.0,141081.0,11.0,0.0
fecf133c-03d7-4843-9a4b-2aab7789cfff,35.0,92866.0,23.0,1.0
ca29efc4-2c45-45af-8b56-3cc105b8658e,44.0,147374.0,39.0,0.0
c3049675-677c-4645-a7d1-9fdd4d936143,49.0,38382.0,20.0,0.0
ad269e90-3bc3-4a86-87f7-aebb3aeac396,50.0,77774.0,28.0,1.0
689a5588-1cce-4037-b450-da328b3f2a62,45.0,104570.0,22.0,0.0
b2942cc5-70ee-43d7-b4b0-95f9cfff03d9,59.0,104062.0,32.0,0.0
55bcad0f-87a9-4b44-8b5e-4ebba4b1d5d7,58.0,119609.0,7.0,1.0
fa70a32b-c3f8-4f29-a75c-bbe164199e12,53.0,76698.0,12.0,1.0
38f86897-ef33-4227-b79d-a5019982fe3e,23.0,31110.0,4.0,0.0
c47a0705-2c6d-450e-ab68-bb5414fdc1ee,33.0,145266.0,9.0,0.0
15f075a4-6ae8-47ab-9d51-250a71953069,51.0,111981.0,13.0,0.0
130ef580-2cb6-41c5-a3cf-4b07ab2e40dd,40.0,30386.0,23.0,0.0
a7ade253-ab57-4c4e-95a3-59a0dda73aeb,59.0,88513.0,10.0,1.0
091f4ba9-8445-445f-9175-e538f8a331c3,41.0,114120.0,2.0,1.0
54f45d20-c786-499b-9bb1-6266d675a251,30.0,141210.0,28.0,1.0
aab550a9-7365-432d-b639-64c314171204,35.0,129987.0,29.0,1.0
ef83ec55-674a-4ba0-bbe9-7c6471ca10d2,30.0,77801.0,36.0,0.0
51d7ab0a-256b-408b-9241-d19fce264eeb,54.0,144012.0,6.0,1.0
257d210f-83ff-4cbf-805b-a204022299e1,56.0,126085.0,16.0,0.0
3f6e3c76-4a9c-4f78-b6e7-94b3025d1533,59.0,101857.0,19.0,0.0
8a4614b5-228b-4678-adc4-36cba524ba14,34.0,119976.0,10.0,1.0
183c0242-874a-4dcc-b75a-13fa1ac1f57d,32.0,61566.0,24.0,0.0
acfd9740-0acf-45e6-91ef-2149e32f243b,35.0,136982.0,23.0,0.0
b6b055be-2f16-486d-b72e-a9478778b04c,40.0,62521.0,1.0,0.0
a32aec6a-8d83-4f4d-8e7a-b5456d59125e,47.0,140228.0,26.0,1.0
196c14b7-e3b9-4866-b5f0-4f25e4941f95,51.0,53798.0,18.0,0.0
b24dcaec-f73f-4fab-bbbf-10aa910215c3,21.0,43565.0,28.0,0.0
301993bc-6cae-459f-a118-0e41807a121d,20.0,53027.0,36.0,0.0
f3606235-8772-4413-88c1-37cf47dc5a46,24.0,137036.0,10.0,0.0
4ef9134e-80ed-4b59-b6f4-9ed607cd5819,35.0,127631.0,18.0,1.0
49add58a-1283-429b-a399-6e84d8e7f3b9,59.0,35631.0,27.0,1.0
c522135c-2062-46a4-ae9b-8d926e683ea5,24.0,119865.0,38.0,0.0
41857d17-5a95-447d-8c72-bf1e53d92c37,57.0,138556.0,20.0,0.0
5c2619b1-b59d-4324-a4d1-5027da968f65,23.0,86878.0,25.0,0.0
a14bef25-a435-4db3-862a-cdc189503021,39.0,75206.0,21.0,1.0
630021b8-940d-45cd-b3b0-1086608baf7e,18.0,133473.0,5.0,1.0
83005041-24cf-436d-b9a9-946772ca4a04,21.0,88582.0,10.0,0.0
a8177fdc-2ba6-4ffb-86a8-45f97213ea4d,46.0,88334.0,13.0,0.0
95a92f9e-0b13-45f4-bfbc-d6c11b4783c0,38.0,102323.0,35.0,1.0
d7aa2945-37f7-46b0-a95d-6ff4d994648f,43.0,83619.0,39.0,0.0
1a8181eb-cdec-439a-b63d-e61d3a67f908,31.0,133536.0,1.0,1.0
77ba0e5f-99ff-427f-affd-754d9c681d23,26.0,56875.0,19.0,0.0
cacb8d32-0b71-4080-9ab6-86a59221f1f6,29.0,54514.0,21.0,0.0
31bd4839-f3c1-4adf-a741-2952c52ac754,59.0,52580.0,38.0,0.0
a5807aab-d3cd-4e05-a18a-fb7f33d0071f,23.0,115827.0,3.0,0.0
b9b8a7cc-978b-4a1b-85e1-2e1a9eb3fb18,37.0,34288.0,28.0,1.0
db145b82-d089-448e-b8c6-4ebb3ba82a72,41.0,36734.0,23.0,1.0
2dabd62b-50fa-47b1-b449-71d33e288c73,44.0,113000.0,0.0,1.0
e42f66b8-6589-4c18-a324-de6a5cfa8bf8,55.0,69008.0,23.0,0.0
519e91aa-349c-47d2-a3f6-7377e557e77c,25.0,79349.0,29.0,0.0
4f7d22a0-1cda-4fa9-83a8-11561097de20,18.0,37814.0,11.0,1.0
27f2f511-efda-4ee2-8557-26e62da48815,41.0,73154.0,18.0,1.0
003ba17b-3ab6-4374-8258-3e025261fdb6,24.0,37851.0,36.0,0.0
e5645938-94c7-4e9d-b757-e98076e4c483,36.0,31600.0,39.0,1.0
d0db88ed-6892-4420-baa4-1d91a2520fae,39.0,86614.0,3.0,0.0
846559d0-85d0-4c2e-bd2a-d0d80991a08e,52.0,102402.0,14.0,1.0
432d8a8e-ebc6-46e1-8999-2e773c312f3e,47.0,33692.0,19.0,0.0
1923bcad-c6e0-4a7e-98a8-a0c9903eb859,46.0,88027.0,19.0,0.0
f4275294-30bb-4586-a97d-e4408920f814,39.0,147771.0,20.0,1.0
7e0fb884-8991-46e8-8dae-ba7503d0ae58,28.0,50373.0,9.0,1.0
2b5fde65-5785-4192-a963-f06eb97d2ae6,37.0,128636.0,29.0,0.0
ae091f03-4ac3-41b5-9eef-4a9805b38d9b,46.0,142013.0,23.0,0.0
50ac9ce3-9b02-4dee-8152-f8b7b6c70366,58.0,92805.0,39.0,1.0
283634f8-5789-428f-8d0f-b38608bc1eae,59.0,142413.0,39.0,0.0
84dec4f9-f098-41de-93ad-34aaf0ba817d,51.0,110383.0,37.0,1.0
bb093480-5a14-485a-bdff-8eff9917c1ac,18.0,44507.0,2.0,0.0
020526d6-87bf-4aed-ad73-66749665b4fa,48.0,92931.0,28.0,1.0
24425880-c3f6-4559-a931-36a288e59d49,47.0,105499.0,7.0,0.0
17d0a646-4e18-4475-a6b3-7733f652f335,35.0,101642.0,28.0,0.0
481c84a0-a78b-4b23-9d6e-e3b7774a5ab9,34.0,102869.0,9.0,0.0
922109e8-29b6-4713-8e89-83a253698c37,55.0,144362.0,4.0,0.0
de4f5cb5-0712-4fe5-aab4-2b61c5db76ab,31.0,127449.0,10.0,0.0
268142b6-4b2d-4c32-8e95-e93452556924,40.0,126819.0,3.0,0.0
4dec86fd-5b2a-40cc-b27d-913c84a446af,42.0,69423.0,34.0,0.0
323f25df-1665-4f1c-a003-f5d01f6288be,32.0,133612.0,39.0,1.0
686e0458-8f94-435a-8df4-9839e751a9a6,39.0,125351.0,11.0,1.0
920f191c-b257-4256-85a8-b7cbdb9a82cc,20.0,116120.0,20.0,0.0
25d9b7cc-1caa-4e56-ab98-c602f3e54ff6,36.0,147409.0,15.0,1.0
64e4cca0-109e-47d3-9561-1b376d004783,51.0,120918.0,13.0,1.0
611b421f-97a0-4c80-8746-120bcbdb3a34,52.0,96600.0,20.0,0.0
0e60f58c-ec61-4885-8905-765e450be001,18.0,71848.0,26.0,1.0
d33c799e-0065-405d-bf56-c76a61a1cdda,38.0,139419.0,35.0,0.0
72d1c190-f420-4ef1-8e7b-126f811e554a,46.0,36820.0,0.0,1.0
4f44073c-ec21-43a2-8a09-862e52c9f392,23.0,38512.0,0.0,1.0
2b1a791d-2a6e-43be-a84f-8da42c3658f2,54.0,66725.0,21.0,1.0
d358f987-cc0c-44be-9ba4-4efd31d8f99f,18.0,81534.0,14.0,0.0
684be05a-acc1-4b0e-b180-be178ff5b1f7,18.0,115151.0,19.0,1.0
a94aadfa-48d2-4ef9-aab2-7abd846ec6c7,44.0,69776.0,2.0,0.0
61e563d8-255c-4812-89ac-e5f719edde97,38.0,90945.0,13.0,0.0
9299e03d-3241-47fa-9655-45b9c4f10696,33.0,144348.0,8.0,1.0
97990a97-0787-4630-b59c-b62ff5afd521,57.0,113420.0,18.0,0.0
f3606afb-2bb2-468a-b03b-c65e491cb189,43.0,77455.0,39.0,0.0
7449ac6f-9f3e-4d2a-8f69-3a68de2e52f0,33.0,113488.0,33.0,1.0
3137404b-5f6d-44d2-b950-b5db254d3f2d,45.0,82433.0,3.0,0.0
e011cf0f-aa76-4441-87a1-97576493d049,18.0,39711.0,32.0,1.0
3870f200-dc8c-4f75-989d-ea2c7fed649b,53.0,89262.0,36.0,1.0
3a8496a7-d50c-45d2-8182-d28f1a3f9830,27.0,116009.0,1.0,0.0
9c017b4f-168d-4244-a6e2-67dd6673a58b,34.0,113785.0,26.0,1.0
4dadfab9-fe30-4d7c-ba13-4ee3c7dbd5f3,40.0,39597.0,16.0,1.0
9a652311-e047-4c86-9271-e4b2ed9fea24,24.0,90067.0,30.0,0.0
37e95b1a-7939-4767-b07c-1593523b4ab7,24.0,117520.0,5.0,0.0
a10825be-5069-4252-a49a-13b57ff93152,32.0,78022.0,30.0,0.0
ac09d7be-a6ff-4b6a-ab46-a06c778c8156,51.0,111924.0,2.0,0.0
4fc21697-d371-4af0-9e67-926418fb0e47,21.0,142673.0,39.0,1.0
5748d08b-dc3a-441b-b924-0a5889fac83e,31.0,136263.0,2.0,1.0
cc66455b-a133-4edc-8605-5d2ec9e97406,31.0,145856.0,32.0,1.0
b5b8c81d-350d-49a7-a4d6-3fc04a1e9509,33.0,48782.0,12.0,1.0
e828d2ea-b3d6-431c-99ab-0a63265f1fb1,24.0,81782.0,20.0,1.0
1ab33705-8e7d-4f65-852d-f3f1d421da4a,49.0,102144.0,36.0,0.0
e80ab80b-82bf-412f-9aa4-7faebcbaa9f5,36.0,128651.0,15.0,1.0
da23a150-0257-49c6-a0bd-01b22de407e1,19.0,85013.0,20.0,1.0
43eaa3ea-4d2e-44e0-8205-6ad21e415888,27.0,140716.0,12.0,1.0
90ac68f2-09f9-4733-8f6e-e0f5650b5f3d,34.0,138309.0,3.0,1.0
fe9374be-c6c2-4abe-a23b-4c923a672686,54.0,148030.0,30.0,0.0
617c324f-52ac-49c0-9cb4-8ea05e5e3fd0,29.0,102036.0,8.0,0.0
5eb92bdd-1a62-4462-a32d-212874081700,23.0,65342.0,32.0,0.0
dac4d80b-7b47-41e1-bd10-b68a90b08919,39.0,115745.0,36.0,1.0
8d6ba5d1-0a92-4b5b-b30e-bd1681b5ddfb,49.0,50977.0,36.0,1.0
fa5b8155-050e-45c2-be4c-b62ce56e67a9,58.0,133576.0,23.0,1.0
1de891dc-5288-4d57-a25e-9c133bf00d14,37.0,87396.0,24.0,0.0
10f12cda-4a4c-4131-a96f-2c802a78b189,18.0,144836.0,28.0,1.0
2e7b4b6f-6564-4edd-b661-16df97485e79,23.0,136998.0,39.0,0.0
a7df598a-098f-4007-8897-3aa9fe498f6b,36.0,80021.0,35.0,1.0
ab599dc3-3995-40fd-932c-6e3035408b00,35.0,99057.0,14.0,0.0
be73fa8c-af29-4bb3-87ff-4c6a967f77b2,23.0,148559.0,17.0,0.0
22fcb84a-645c-461a-81d8-b8e25a15ee06,50.0,96836.0,19.0,1.0
a93d8807-2cad-45da-87bc-5cdfd4f9db1d,40.0,57075.0,4.0,1.0
be5cab62-b567-46df-a360-c7a95694ed1d,40.0,119515.0,17.0,0.0
018dd8d1-69cb-4a7a-b82c-c6f99dd019fe,43.0,60802.0,39.0,0.0
64a2ee82-6951-42c1-8ed4-2cb3995d8674,30.0,107761.0,0.0,0.0
aafd0370-5468-452b-9a99-9c2e41b58b5f,24.0,107017.0,18.0,0.0
b2611b6d-23e6-4dc0-a1e6-c53e7ccea0ad,32.0,116753.0,22.0,0.0
bdd20bc2-9803-4be8-9ef2-ea21d6a15d7a,44.0,140349.0,25.0,1.0
5d53b403-da17-4218-afd4-03ee0133d256,43.0,85822.0,28.0,0.0
782daa1f-c2e5-48e0-a258-ba495c3fa20e,50.0,81603.0,33.0,1.0
d0eb9db6-f24f-42da-9caa-0de7b9597ff9,32.0,132689.0,18.0,1.0
4f4ccd2e-524f-4c8a-9eae-27a0bd865899,53.0,110291.0,17.0,1.0
c9777636-307b-4df7-bde2-5461d4fe1fa2,44.0,120450.0,1.0,1.0
a58f66d9-4e78-4692-a651-b1f006a3a8f3,22.0,65592.0,26.0,1.0
cf7f7fc3-b469-4342-8284-210decd67832,19.0,86006.0,5.0,0.0
d71f3208-1209-40b5-a63c-96d3f470fb54,50.0,56269.0,38.0,1.0
693ae9f5-66fd-462b-a505-eb686630ce32,33.0,134268.0,5.0,0.0
f6564371-7bd0-4885-92f3-1e32aaf775c8,40.0,80138.0,5.0,1.0
710fd66c-8d56-48c1-964f-34c4cb38cb12,55.0,92398.0,30.0,0.0
c9b5b5a3-2105-4645-a344-98be432e69ad,33.0,120091.0,39.0,1.0
cc2c9f8b-8bc5-4755-aac7-0cc00918ba7c,31.0,49874.0,29.0,0.0
e2270b6b-4c4f-43f6-b3c9-7ce220f76fe9,46.0,87228.0,20.0,0.0
680dd944-ae10-484c-aabd-c86805de2674,43.0,92670.0,17.0,0.0
dacd0f6c-d695-4b1a-9481-7f55793aa3cd,52.0,132071.0,22.0,1.0
4070e7bc-b9a6-4c08-8b42-3ef87be6b683,32.0,141880.0,37.0,0.0
1e043c76-7cc1-44b5-a6de-e2fe0b1941c8,20.0,140572.0,22.0,1.0
47ea3b60-e9bf-4289-8d9e-ebbfa281e89a,40.0,146694.0,27.0,1.0
bfdec3ac-1cac-48e5-aab9-cf3ca71eed30,46.0,37925.0,35.0,0.0
1339daf3-ed18-4dc1-9295-b96ff383c278,51.0,33107.0,24.0,1.0
db896d93-47e5-41ff-b1ac-709e0754a370,50.0,116388.0,6.0,1.0
e5e5430a-afc7-4312-a32f-b92b2b82e73f,58.0,125719.0,17.0,1.0
53758774-8d1b-4eea-b381-3922691521a0,58.0,148018.0,19.0,1.0
f37fc3c5-fabc-4aec-b991-14288a20b7bd,40.0,57617.0,4.0,0.0
c53efa91-583e-4c73-8936-23ca17bd9f22,24.0,104258.0,17.0,1.0
acd02a14-70d2-47af-a41b-90bdbf8138f4,20.0,80075.0,39.0,0.0
1bfd1c9e-5494-4958-97d7-2335b3ed7cef,49.0,52631.0,32.0,1.0
09d391d6-5599-4eb3-9a11-20de924923eb,48.0,92444.0,14.0,0.0
1c81118d-e728-4a25-a088-89158216c412,35.0,127158.0,34.0,0.0
3aae6e2e-080d-4ec6-aca5-8b9eea649fb1,24.0,146584.0,0.0,1.0
dd6bc318-97c5-4519-a002-1a8bceb1baf0,58.0,37883.0,20.0,1.0
5c94823d-6257-4c43-b8eb-8cf4367ebab7,18.0,49708.0,7.0,1.0
a9e3e499-701b-4983-9f3f-29a51d1465d1,31.0,76221.0,6.0,1.0
6bf3f113-cf1a-43f2-a518-44bb048602b0,49.0,47197.0,39.0,1.0
c93ffcbe-8929-4e54-83be-e89fbe177ad2,23.0,51134.0,39.0,0.0
e85d745d-5ab8-4cc8-828f-ca862dec8288,56.0,135922.0,29.0,0.0
f2162ee2-e5aa-423a-ad4b-9c3373a8d31b,27.0,63550.0,37.0,0.0
3c1f377d-47ba-4736-b6d3-a84490bbd479,24.0,44642.0,34.0,1.0
3eed8e1d-cc28-4b7e-af93-3f93a702c784,43.0,50439.0,1.0,1.0
b2b9e4a6-9e7c-492d-a7af-0285c3374b32,51.0,127779.0,7.0,1.0
9b087d81-e54a-4282-adba-cddadb94b7ce,47.0,136093.0,37.0,0.0
0bc0f5fe-f6b2-451c-8fa1-10482aa561dc,53.0,54583.0,3.0,1.0
a17247c2-f1bc-4de7-9cbe-36000caddeb5,38.0,123885.0,36.0,0.0
2b12448a-ecbc-471c-a1bc-669e65764c22,34.0,109538.0,20.0,0.0
187406f3-eeb3-478c-a698-f5b6671af9f0,50.0,92014.0,12.0,1.0
cfef1624-3b96-4a72-9b9e-cc6802830589,27.0,49523.0,8.0,0.0
5e18a554-735d-4eed-9727-dc605c9c92a9,59.0,140285.0,28.0,0.0
a078b70c-825c-4640-b3d5-7318ec2507b1,29.0,100543.0,23.0,0.0
98f08ddf-948e-4492-be68-9c8410a1cf7f,33.0,115971.0,15.0,1.0
9c27582c-d08b-46e3-adb2-f9214d712341,58.0,135879.0,11.0,0.0
51f063c9-1ad5-459d-88ee-15a2d5ca9161,49.0,120629.0,1.0,1.0
25f42ecd-20b2-46dc-b3ed-bd12f9866fd5,32.0,147878.0,18.0,1.0
bee6ad21-0bfa-43da-8dc5-18cd9870e684,44.0,144488.0,29.0,0.0
7f74c4bd-7695-4a54-a81c-8820461b51f5,45.0,106830.0,15.0,1.0
85e439e2-85ee-44af-aa96-60374833b208,34.0,133941.0,23.0,0.0
7e93c6d5-65ef-406c-a19c-63860311d0e1,19.0,75538.0,12.0,1.0
aef86458-bd25-4cb1-b6db-3c4ff9fa5171,53.0,77310.0,4.0,1.0
46dff623-a3c5-4d16-a902-8c690b8c22ce,24.0,40908.0,22.0,1.0
7d3cabc9-5c01-44c5-b2bd-2f3c396bc867,30.0,145266.0,37.0,1.0
e2f04319-0aed-4c65-b48d-0f7e2e0e5816,32.0,87290.0,30.0,1.0
9c297a5a-27ed-48f1-aa0e-affe531c26a6,42.0,83634.0,16.0,1.0
0c6262a1-62f1-4ec1-a35c-f45cf4574a50,40.0,42699.0,2.0,1.0
842e66b6-ebb6-44d9-b76a-c37ddac79583,39.0,130169.0,25.0,0.0
6812c91a-0eb5-475d-b3e2-39a55936d843,43.0,96912.0,12.0,0.0
8e45ada0-5f2e-4783-b261-300f55eee041,50.0,44255.0,37.0,0.0
b8d6bdae-cdb0-4c76-b722-d9b3a5aa6552,28.0,109183.0,21.0,1.0
cb08ac65-496c-4c67-bbbe-532115526a54,27.0,90282.0,20.0,0.0
a6fbc00a-e2d8-4053-ad24-0372b9208729,42.0,88249.0,28.0,1.0
151a942b-f1ca-4637-9e89-07811508dcbf,54.0,68176.0,38.0,1.0
77a8ec1b-dc43-4a8d-bb7b-40b62efea869,55.0,38163.0,4.0,1.0
7a9897f8-5666-4da1-887f-41c7f7b6268b,58.0,84210.0,13.0,1.0
9d91c318-199f-461f-b409-fbdee8a44893,41.0,134587.0,17.0,1.0
1b975a74-faf0-48ea-b76d-8e082f460943,57.0,130280.0,3.0,1.0
6506ce59-ca01-4e4b-a742-dbafc7c09725,50.0,101979.0,32.0,1.0
61bf5240-1ce3-4d7d-b66b-1d384321c833,34.0,108860.0,38.0,1.0
d6e256d2-59bc-4a6c-868c-d9cf2e0f3620,41.0,51143.0,19.0,0.0
57852136-89ca-4b61-9c91-61921f887547,54.0,135899.0,12.0,1.0
4b5b569a-cd8c-4595-bd07-c721adfa77dd,19.0,34920.0,35.0,0.0
8ad47278-6dec-4427-bbb9-b42566b9fb2e,49.0,146575.0,3.0,0.0
a51bdcc6-312b-402c-8836-7b45f9d8eded,41.0,112911.0,34.0,1.0
0d929af5-455a-4c1a-9a67-8c07e442dceb,26.0,67996.0,7.0,0.0
7c69ef09-5f21-44d7-85b6-51a0ad1310a9,21.0,41748.0,39.0,1.0
da4852d7-f8ae-4ff8-938e-5e1734a70569,34.0,124071.0,35.0,0.0
da9ab862-7c46-421e-b0ee-277a5d83a0e4,34.0,111251.0,5.0,1.0
68366d8d-1324-4a63-ba76-b1a3a3bb568f,47.0,77252.0,21.0,0.0
c53da835-7a57-49ec-af9f-a0d1dfa8a057,57.0,93179.0,5.0,1.0
62192243-3fc0-414f-8a27-068dc6345cda,28.0,36450.0,35.0,0.0
ccd008ae-0862-4c13-9d2c-20c748306de1,38.0,82756.0,8.0,1.0
675b5e6e-30a1-4c49-9b4e-4f1af1ac62f4,38.0,80235.0,15.0,1.0
1601d1c3-3f02-42db-96ca-c85e16a78647,35.0,120546.0,38.0,0.0
cba4e4fd-82b6-48ce-a1ab-b3876393eb67,46.0,30020.0,37.0,0.0
b1f57613-186e-4a4c-b2fb-28e567094581,41.0,110253.0,32.0,0.0
8d13ca8c-9164-48c2-b85c-7903ba93e07a,27.0,142884.0,17.0,0.0
37de7f88-2b86-44f4-9d7d-73c1aab7cd92,34.0,138421.0,11.0,1.0
87b06957-1959-43ea-8d1a-df3d69c894a8,35.0,39664.0,26.0,0.0
9da9184c-a45a-4bbe-9c65-1e1234dc02c6,59.0,96635.0,0.0,0.0
dd9085d4-c54a-438a-8eb1-270057279703,37.0,53225.0,14.0,1.0
19cd83dd-4e1e-4da4-8ce3-53dc018f18a6,54.0,98173.0,26.0,1.0
0b1671b4-36f6-46e1-b3fd-97ac6352537d,35.0,136885.0,15.0,1.0
5638b8d0-aa6e-4d98-8d28-d739f9cb5582,34.0,136048.0,20.0,0.0
60f28baf-3b12-499f-b54a-a814e2aa3ea6,26.0,115333.0,0.0,0.0
154d0ff5-7099-4d42-bf33-35c9d727dddb,31.0,70225.0,28.0,0.0
eef3cf77-51c3-4d6b-b50b-ca5f57e277fa,46.0,40807.0,2.0,0.0
47e26a1d-97d5-4e90-bec1-043582fc84ac,48.0,113274.0,11.0,1.0
cab396c0-00bb-48cb-a7ee-071c1c24a3e6,21.0,36402.0,27.0,0.0
5aeab3fe-dd6b-4527-a8b1-b6289979e782,35.0,34521.0,38.0,0.0
2539837d-d536-4760-a691-eca787efbec0,37.0,93165.0,36.0,1.0
7856d1a6-fb9d-4056-9603-45b080a39165,26.0,149813.0,30.0,1.0
627d7cc8-3b0d-4806-ba0c-9c8facb8783c,30.0,144693.0,30.0,1.0
e7d5c8f3-3b96-4d77-b052-cc919ebe8c80,32.0,38382.0,32.0,0.0
98b0b90b-1492-40e1-b107-7246cdd0362c,44.0,140996.0,32.0,0.0
311912d0-8857-4b22-83a8-9bd087ddb5b9,32.0,132657.0,39.0,1.0
ab7c2535-81c8-40d7-9948-90bf39c22661,45.0,45065.0,10.0,0.0
5961d382-9ade-44ac-87fc-68e4150f334d,54.0,115470.0,28.0,0.0
17eb6ac8-15ec-48ac-a103-3cfc4c889c8a,36.0,44425.0,24.0,1.0
2400ffaf-30f3-489b-ac2a-2bab12563960,43.0,43111.0,12.0,1.0
43454db7-086d-4797-a9ff-3625c67b15e2,43.0,70799.0,18.0,1.0
46fc2840-e3a2-4ec8-b6f6-b9ad477a09f8,42.0,83257.0,35.0,0.0
207d84a6-69a8-4461-b610-b2f7d90aa1fd,43.0,91177.0,27.0,0.0
27e9e569-5e2f-4c02-9c3b-8f99e069cf5e,43.0,111046.0,3.0,0.0
de277c88-2273-4d7c-a86b-6218cc05d580,45.0,67851.0,2.0,1.0
68644240-cd9d-4854-a5bf-ba43055b3aed,35.0,38816.0,37.0,0.0
bc3b7b88-7252-4030-aa4a-fb8727a33469,49.0,107853.0,36.0,0.0
2829e836-ea1b-4675-92b5-8a65d817b2a1,20.0,32175.0,24.0,1.0
19059223-7743-439d-af15-9917b765b140,19.0,41341.0,34.0,0.0
7b5bfe07-a8a1-47b2-a811-7a0080ce331d,50.0,93908.0,28.0,0.0
9a8689b3-99b0-4816-817f-95537705df7f,59.0,55654.0,28.0,1.0
4cd8ea5c-f1ed-488a-bb29-ff8e78eeb0a8,36.0,90895.0,11.0,1.0
22e67d0e-aed5-4d39-b13f-b64f2995edf2,34.0,89696.0,34.0,1.0
40d4d661-fc33-4341-8f8b-e4ff391d19a7,50.0,87889.0,19.0,1.0
b052c432-d29d-4ca3-8636-08c3966ac645,29.0,117144.0,16.0,1.0
f9687d6c-51b5-4e2d-a627-1997ff61f39b,20.0,113115.0,11.0,0.0
44f71845-9788-496a-9c36-a2f848f09a29,43.0,60194.0,35.0,1.0
afb414fc-6b59-4809-96c0-a384ed9c6ac3,52.0,64837.0,9.0,1.0
3a4b5555-0738-4a00-812b-2398282c70d1,25.0,98894.0,17.0,1.0
eddc6d4c-1976-4ed3-bc4d-20fc64a057ee,53.0,114358.0,29.0,0.0
4b93d3a5-faa5-41d5-b96b-001f503d8b1f,24.0,71576.0,7.0,0.0
d6d57647-99b0-400c-b33f-a1504f29c366,53.0,132548.0,12.0,1.0
0bd658ad-2e82-4020-84e2-db6530ee8317,33.0,49727.0,30.0,0.0
2d615cb1-f736-4d98-9233-d20753a4e5d5,41.0,64579.0,5.0,0.0
1f5a99d0-a24a-47a5-8552-fbf99f14efbf,18.0,126554.0,6.0,0.0
6ded5b3d-9f7e-4160-848a-2c7bf4ce3740,42.0,46555.0,20.0,1.0
5d7793be-57d7-41c4-9a7d-07b00cf56f26,27.0,83294.0,37.0,0.0
bb095723-78b4-4716-a476-7c106a146092,33.0,79777.0,27.0,0.0
09cce4c8-e8ee-4d0a-8b19-16d463374071,33.0,35906.0,20.0,1.0
8f878aa8-08c6-4130-a33c-6cefb6bb560a,25.0,70751.0,20.0,1.0
7983e418-6082-48d5-8759-8301259cbe08,46.0,99599.0,23.0,0.0
4724776e-4043-4ae2-83f0-85c01ad4e938,56.0,138750.0,26.0,1.0
27d060ff-543a-42a1-9a9a-0ab973d4375d,45.0,104180.0,26.0,1.0
40c4c798-6e23-4a56-8aa1-35e51cd27422,23.0,137914.0,12.0,1.0
2f49f779-22be-4a32-ab3b-09da2eb03878,33.0,103678.0,28.0,1.0
121d3d88-7f31-4fcb-b147-cdd9d1595fd9,37.0,61644.0,38.0,0.0
67cce29d-3417-4c8e-80de-ef2b7b071a04,33.0,63521.0,27.0,1.0
6e5b4ae7-281a-4695-8ae1-9092b8862697,24.0,41564.0,36.0,1.0
1e890b4a-ef0d-44b3-a45d-cb183acf7a44,58.0,135155.0,28.0,0.0
331541a0-e125-4e55-8faf-72f3f48119be,31.0,100640.0,21.0,1.0
aa45c81b-13e9-4d51-bad0-f13f1a0e8301,43.0,57299.0,35.0,0.0
ff9b1543-2c58-4f8c-ab8b-55db211eeccf,43.0,77958.0,29.0,1.0
ffcc1676-d118-49d3-a88b-7f80572c94ec,31.0,86078.0,27.0,0.0
ad3c25d5-5997-4443-8c81-08a8fd0e3b1a,24.0,43421.0,22.0,1.0
6c8acb7b-3bec-4c37-b72a-c6d50f83e452,50.0,118747.0,32.0,1.0
f0ae08e6-5c0f-49c3-9bce-0024cb91c0f2,43.0,41202.0,3.0,0.0
1a72f0a2-7e06-4e38-b170-acfe721f08bf,37.0,139407.0,2.0,0.0
25acd0b6-8d5f-43a1-85e3-edadcd05bd39,20.0,72185.0,31.0,0.0
e5033977-537a-48b7-b186-6c403107e800,21.0,136663.0,3.0,0.0
804ef534-0d7c-47b2-9e6f-9f4c29035031,43.0,33685.0,0.0,0.0
c42ef432-3acc-464e-9d16-ab4671df4b8b,28.0,120197.0,11.0,1.0
21966a10-909e-4940-9a2d-5822be3a7456,19.0,72637.0,12.0,0.0
6ea58d34-dea0-4cf4-a71f-4ceb769b8f5e,31.0,48366.0,33.0,1.0
50f1d731-1243-4080-b96e-68efa9e4e3cd,47.0,133248.0,28.0,0.0
75f225af-b293-455b-9ef0-244b42bfd028,29.0,54276.0,8.0,0.0
ce44188d-9d65-4e86-a896-5b2650e412d6,43.0,110946.0,30.0,1.0
c11eb9ad-e47c-446f-bd1a-af3cf4b7baa3,50.0,78239.0,6.0,1.0
fd49cb86-9d91-49e1-9052-73eb7ab06e97,30.0,105214.0,12.0,1.0
9bd6a917-e8ee-40a1-b219-32577aa34055,31.0,54575.0,1.0,1.0
f4786def-68d9-42ae-a5e5-0b678ed356eb,41.0,71401.0,32.0,0.0
c46460f9-47e5-4f79-97ab-63e8d897e2cb,51.0,71230.0,6.0,1.0
28d884ff-2638-4112-b8c2-69a9e07c73a9,43.0,109424.0,17.0,0.0
5aa960a9-7751-42ff-afd1-9fbcf0d05c9e,38.0,112263.0,7.0,0.0
d47e0889-0512-4797-84fe-d11058d028b8,45.0,144507.0,11.0,0.0
99606f18-8fa1-4a34-8366-5d5b77850bb3,53.0,98617.0,29.0,1.0
a1f186a8-35e4-415c-b7da-ec3c1e8e761b,57.0,53021.0,8.0,1.0
6847bf74-fbe5-4b8b-bd48-043a05064a92,19.0,39449.0,27.0,1.0
3c02dfc9-9206-4972-ba65-f4b4b422cd92,59.0,45657.0,3.0,1.0
818ade30-d920-4e56-ad0c-a8f8861b295e,26.0,65059.0,38.0,1.0
27cea1f1-462f-4efc-8e7e-82340e19b29b,40.0,31532.0,16.0,1.0
d2805ea8-9c07-4b92-9045-1cb646a6f0c3,32.0,132666.0,10.0,0.0
7d254f8d-928c-4bb0-b123-ce01f8629648,30.0,80805.0,1.0,1.0
57e0ac24-42aa-4f11-8722-61d172e54be9,40.0,111551.0,22.0,0.0
80ba1365-438d-445e-bcc8-8e75e5164a1e,34.0,67756.0,21.0,0.0
6b46879d-b4a6-41eb-9a13-db1098dafdc2,19.0,101880.0,25.0,1.0
ec2a2f86-c1f6-489a-873c-d6803c0d4782,37.0,136734.0,11.0,1.0
f862a329-8b48-481f-9807-d9861bd5d80b,37.0,143997.0,31.0,1.0
94f5ce81-059c-478f-ad76-ef7f5a2274fd,20.0,104642.0,8.0,1.0
76963ad9-c586-4268-9a67-fbfde176c871,29.0,64206.0,4.0,0.0
18fae753-3999-4ef0-b0e1-10b107714f0a,57.0,82168.0,25.0,1.0
d93fb1a3-7f69-4c97-bdb5-85654bc88489,19.0,143123.0,6.0,1.0
ffe5b922-a55c-43ad-aed1-4a87310d533a,53.0,105188.0,28.0,0.0
dc12c8c2-e78f-47f6-bea9-a501cabaf33c,31.0,54550.0,32.0,0.0
77b1e115-095d-4194-8106-0f5e4cd0c7d7,33.0,36389.0,23.0,1.0
10494a15-d2e6-4353-810a-76c06b092e0b,36.0,117897.0,24.0,0.0
940a4922-e02b-428c-99d4-7cc03af9d44a,51.0,65847.0,30.0,1.0
7b9cb70e-659e-4c1e-b5d8-d275fd3deb3e,23.0,134599.0,28.0,1.0
beee6d5f-3ab7-4d25-93be-2a73a61c3534,30.0,109239.0,4.0,0.0
09a75b87-26b1-45df-84a0-4222ad62047a,53.0,48642.0,37.0,0.0
d1bdb306-3424-4271-b82b-7411ced5fa80,39.0,136862.0,10.0,1.0
73a49643-1050-41ec-b8a5-8472f6a9b372,35.0,147679.0,31.0,1.0
12fe24a7-858e-407a-8327-439720b9525a,29.0,66509.0,7.0,1.0
fa1dd8e8-65c7-42e4-80ea-ce95e4fc7293,47.0,109417.0,19.0,0.0
3c45221e-aa4e-4c10-95f4-e8e1ea554d9a,57.0,79237.0,33.0,0.0
bab1514d-5622-46fb-a6d9-5a7eadfde15c,24.0,45414.0,7.0,1.0
4a55b42c-2a0d-4a5e-8b2b-8df10c9fde20,49.0,93176.0,1.0,1.0
a2ddd0a8-7490-4e12-97c8-976a737239a8,36.0,109865.0,20.0,0.0
ca6cc8e1-8dba-4116-9b33-cd86eee45c81,23.0,147181.0,14.0,1.0
5e95a882-59bd-4896-83d5-0cfc34ee5d18,37.0,92059.0,5.0,0.0
dcfdc98c-9ac5-4a22-8b62-d18b4691e338,44.0,79150.0,4.0,1.0
9bf50d43-ff36-40d9-9b0a-b6c8de827ccc,54.0,118367.0,2.0,0.0
5190dfec-73fd-4c8d-8d21-10ba2cf0a889,24.0,71091.0,15.0,1.0
49b6b9b6-5384-43fd-b2c4-499a88b3ce44,22.0,103124.0,34.0,1.0
31cc9269-a438-4940-8899-1e9ad5f2b192,28.0,30903.0,8.0,1.0
d3e3398c-f052-418f-95b9-3fd3ad73b648,32.0,139952.0,34.0,0.0
2b5a6ec4-1f45-4a3d-88c0-1eb47a334fe2,20.0,84235.0,18.0,1.0
7c873ab9-5702-4d91-86bd-e79ceba21108,22.0,88565.0,33.0,1.0
5a94e93a-2004-4894-8614-595be39af87b,40.0,85342.0,38.0,1.0
9a7edb41-fa1a-47b4-a05e-42bac1842cde,54.0,72723.0,9.0,1.0
d7338f49-1885-4575-8a0c-2ca191632d94,26.0,65572.0,9.0,1.0
17f6b27e-b145-4823-8ce3-c66b5504826a,32.0,47610.0,19.0,1.0
343dd47f-383f-4fda-abab-74dd48b3df5f,20.0,64052.0,0.0,0.0
310c06c2-c79d-4dcc-81fd-8a0bda643287,46.0,128993.0,5.0,0.0
618db123-5139-4675-a354-870947ab3230,23.0,117063.0,1.0,1.0
26d05e2f-4bc6-4eca-bc1f-60d55f2a9140,34.0,67550.0,37.0,1.0
2cd7c2ed-684d-4f2f-8b5d-1e4c7daf0a51,43.0,84033.0,32.0,0.0
1c00c412-0667-474a-b33e-e17ad610db3b,38.0,59011.0,2.0,0.0
b668ead5-2826-447e-89b0-c69c2bfbb4f2,25.0,132811.0,35.0,1.0
a0102462-deda-4fb8-9a55-bf7d841da58a,38.0,64764.0,12.0,0.0
c5ace610-76b6-49dd-bb46-9df647ed5c6c,28.0,127540.0,34.0,1.0
8069896f-9ddf-4ff1-ac12-0bfa31d93a6e,55.0,83533.0,14.0,1.0
a46f6de2-4a3a-413e-982d-c2766664871c,25.0,54064.0,21.0,0.0
8bfd3c94-bc1b-443e-9384-4109232b9b8a,59.0,79581.0,3.0,1.0
3f0f30d1-1c81-4eec-a7df-721948b4d96b,41.0,58702.0,16.0,1.0
1e49ec80-9a48-4223-8fe6-8a58983933eb,52.0,115701.0,4.0,1.0
8dc42513-a136-4c62-a766-4e33507fb5c9,31.0,38631.0,20.0,1.0
79fce7c6-0db8-4ee5-91db-6a3fd1a561e0,31.0,117388.0,23.0,0.0
6d3c737a-a04c-4b8a-bbc9-6cbf5ab5b100,27.0,100043.0,30.0,0.0
efc2d574-bbea-4b66-b9a8-a9a14a308990,29.0,96063.0,39.0,0.0
c50febd3-ce88-42db-a4f8-246ab70fc870,55.0,58981.0,29.0,1.0
b0a0a2bc-b946-418d-841a-3d2b973ccd6a,51.0,65764.0,6.0,0.0
1ef20060-1330-4b57-8779-190d58f3b3f7,58.0,131771.0,6.0,0.0
aceae1b8-270c-4a60-96c4-d6fa486e520c,27.0,80513.0,26.0,0.0
0cc2c2f2-66f3-490a-85f6-c86d8ea77bb2,34.0,143076.0,23.0,1.0
49231079-fc58-496b-a8f7-0a1a99462f72,34.0,129007.0,18.0,1.0
7a40a5af-d2ac-4df7-90a1-d85263d004fb,20.0,96198.0,33.0,1.0
2582d18d-7667-45d2-9ac4-19239176df57,48.0,54940.0,21.0,1.0
7039bf2f-e334-4cd9-9137-4e01084f81c9,18.0,137418.0,26.0,1.0
45386f7f-0995-4b22-8972-6e32372e2b01,29.0,101792.0,5.0,0.0
61521c0a-4aff-42e6-9803-67f7a9b6085b,56.0,58432.0,9.0,0.0
f3786aa1-6ed4-45ed-abf5-a6628d7c43de,21.0,38367.0,30.0,0.0
7b33d550-bb08-49d4-86ee-325e16ef5db1,59.0,141764.0,24.0,1.0
9f16cc3d-b39a-44a5-8693-4000ad05b8de,30.0,133601.0,1.0,0.0
f0c6fa56-2ecf-4a36-abee-493920c267c6,51.0,55511.0,9.0,0.0
70479957-6f6a-400f-845b-b9e5fe5572db,59.0,38573.0,9.0,1.0
f8de5969-4448-4fbf-98f9-cf9bb1f94701,38.0,45582.0,25.0,1.0
3dd5b3cd-97e5-4e01-bc73-a2aa92ce105d,39.0,35378.0,4.0,1.0
9e5eea90-8aa1-4886-b571-927a8d51d87a,21.0,95296.0,21.0,1.0
6d467d9f-2dbd-427f-9af4-b074deba2a6c,35.0,43500.0,3.0,0.0
0e86fad1-9a91-4708-9e81-aa71f131efe2,22.0,95841.0,33.0,1.0
1a7ddcac-f073-4092-800a-2edd0956fd5a,36.0,51881.0,6.0,1.0
c587500e-1225-4869-8e19-c8aa49cb92bb,19.0,100233.0,16.0,1.0
dd26674d-a85a-4b51-85a9-f4f2c36e9c0e,29.0,81542.0,10.0,0.0
dc6dd766-94d5-45ab-a0b5-0c935cef74aa,34.0,95285.0,7.0,0.0
9b6ed2ab-a35a-4e9d-acc0-c080a93f5943,27.0,89547.0,27.0,0.0
1b4dee29-9298-482c-915c-756690e59f2a,51.0,92151.0,32.0,0.0
d3b492b0-ae16-423b-9a95-e9a5c8335fc8,23.0,37222.0,24.0,0.0
a6ce309c-74f4-49d9-b207-f3d668f4881c,25.0,37933.0,20.0,1.0
6b9b7663-cd49-4a77-a715-845321ad1c80,28.0,113385.0,11.0,1.0
04a70ce5-9922-423e-8ec9-5651edb9a126,29.0,119772.0,25.0,1.0
eb5e88e0-f4ff-465d-a5be-c4f4762fe37b,26.0,139767.0,28.0,0.0
3d405b0f-8341-4220-a8d8-fec23a82c0e1,19.0,128706.0,37.0,1.0
ee4a2396-6d1b-4e17-87cf-1cfcd3a1d021,25.0,108437.0,34.0,0.0
c75571ca-80fc-412d-aca3-ca6fc1341e62,28.0,36940.0,36.0,0.0
c46263db-0143-4191-a062-ed5576d3b025,53.0,144326.0,28.0,1.0
bb14676c-3fec-4651-8add-2ad5940edf73,27.0,114590.0,23.0,1.0
194eae34-8914-430a-a378-53c2426605d9,38.0,136399.0,14.0,1.0
d115fd86-9b34-4c07-a5a9-e4371ccffbd4,37.0,89145.0,5.0,1.0
34930840-2dd3-4982-8370-1387e006fc45,25.0,73610.0,31.0,0.0
b24ab363-3944-4321-8a08-fa6998aad6cd,53.0,87520.0,33.0,0.0
68714146-6fbe-44b0-9d90-a7b5f0d20317,46.0,34544.0,35.0,0.0
7da130c0-0922-4f7f-84b0-8ced75561d55,59.0,120854.0,19.0,1.0
d13abdb2-28cb-4581-a971-ba8a4fd9ef1d,29.0,84812.0,11.0,0.0
96cadbfb-ad53-4588-acc8-9a142f4ad37e,31.0,101610.0,34.0,1.0
ebc36321-d60d-449d-9975-4fef20e1127a,38.0,81500.0,37.0,0.0
3dfd2092-ae66-4fb9-9b1b-e039c85ba49e,39.0,69618.0,16.0,1.0
4bbc8f90-6065-4a07-a3cb-476fe75abd30,38.0,149090.0,26.0,0.0
3482123f-5136-4447-a2fc-43508f29d801,47.0,129054.0,16.0,1.0
940f5ff0-bcb0-447a-9463-abd98bcb5770,56.0,55444.0,10.0,1.0
30dfb9aa-b0a5-4e28-8d0e-ca08ec894160,37.0,115982.0,38.0,0.0
1f9a6a53-d5f5-4bc3-85ce-86c1a5f16ab6,41.0,124079.0,1.0,1.0
116cb94d-4e0c-422a-9cde-145c6ac8f0ca,40.0,86586.0,1.0,0.0
5a6f3cbd-7f08-46a1-8a71-6a5ce539c94a,24.0,54789.0,28.0,1.0
bafcd1f3-48d9-4cba-8733-ee7b336adf02,26.0,31617.0,23.0,0.0
0d527de3-2436-487f-9526-5761d76e85c2,18.0,130834.0,23.0,1.0
eceff04d-afe8-47a0-a69f-e97e45e9471c,43.0,33333.0,15.0,0.0
57e61314-1bf8-496e-8daf-6d653c9490fe,55.0,70002.0,30.0,0.0
a5b3d2d3-5c6c-4bfd-b6e2-e0400e67f98e,55.0,93620.0,8.0,0.0
3bddaa33-081e-445b-9218-96151fdb9792,39.0,117688.0,26.0,0.0
10eb0c4c-2493-4c8e-b543-e26849da0074,27.0,119627.0,13.0,1.0
1ae04a75-8ad3-4b0e-8004-3903bd541ef9,23.0,30511.0,24.0,1.0
96f8d53e-cd45-4d60-a339-1337170a2ee3,34.0,142850.0,21.0,0.0
de8f95ce-f11a-4d13-a6fe-4e3ca1aa153f,55.0,67850.0,34.0,0.0
ad629935-cc0e-4cba-b02e-6224d080552d,41.0,112172.0,32.0,1.0
3201a508-6d2a-461d-95c7-bae45edbf4cc,27.0,116053.0,26.0,0.0
540bdd5c-1167-4f3b-8e5b-593187953355,25.0,61786.0,39.0,0.0
d9df9426-f066-4b16-8570-cc0e980eeffa,38.0,104356.0,25.0,0.0
fa285580-b1f0-4840-a37c-f96703e39d78,23.0,66244.0,18.0,1.0
c5ec0fcc-f7bc-4bd5-a1f2-c23b5c69d3cd,38.0,104714.0,38.0,0.0
8bd93fa8-c7ad-4591-9918-522f2964c9a0,56.0,97261.0,25.0,1.0
cd3b798b-3973-4bb6-9911-dc38f39377bf,41.0,48477.0,5.0,1.0
ccd7f6c7-52b2-450f-bf21-201bd47532dd,50.0,76533.0,2.0,1.0
be387e6c-d464-4127-83f5-7b9bdd77a0f7,35.0,64469.0,5.0,0.0
bf1a7c5d-e63d-4668-8657-58de85bee673,45.0,38496.0,27.0,0.0
f3b80499-8a72-40ec-ac4b-c727a1f7fc6b,49.0,42270.0,2.0,0.0
055935ea-4121-4a14-881a-2f91602daae6,29.0,106008.0,12.0,1.0
69ba467e-43ef-43b8-9b08-36ef3a237ea7,59.0,50724.0,12.0,0.0
c563e75b-19c0-456d-b039-ea2310b0286f,44.0,60416.0,12.0,0.0
6b0e1a04-f93f-4c06-b538-21f5d99935a1,27.0,65575.0,0.0,1.0
1a0b6aa9-e446-45ff-b87c-e08260c18977,59.0,111190.0,39.0,1.0
12119861-eb38-4228-b4ab-86b943e87c21,49.0,106614.0,36.0,1.0
e1556d18-22fa-462c-9a47-f2a26a840217,59.0,123566.0,30.0,0.0
71d748d3-e41e-4d2a-8c7c-2c63136d9b0a,43.0,103108.0,16.0,0.0
52acb74a-6314-4281-8f59-cd04b067ddb2,42.0,47408.0,8.0,0.0
6c541ba3-d205-480e-a38f-e7dda7fe3f0b,28.0,49359.0,12.0,1.0
dbc86012-d18a-4180-8208-babbcd1baf3b,40.0,38698.0,36.0,0.0
63f47cbe-8bc2-48f1-be79-1d541380a795,51.0,100392.0,13.0,1.0
dee2cb07-ff74-4624-84b5-7c6bc6d16d5c,57.0,123063.0,10.0,0.0
9d157c37-7bf5-4176-8092-37e7fd509eb4,40.0,69492.0,24.0,0.0
115e2381-24fc-4d54-ad6c-bd2b252cb64a,46.0,104781.0,30.0,0.0
56aa1f02-028e-4483-b2ff-1412c198d5d8,48.0,73634.0,13.0,0.0
a562dc33-9342-47bb-b8d3-ed8e4f6eecff,24.0,147255.0,6.0,0.0
673be3a6-a991-4439-af62-5b8b992956bd,57.0,72864.0,23.0,1.0
fb8799fc-8a07-4685-b993-1d767c20428b,50.0,124482.0,35.0,1.0
e3f0a3e7-7c02-440c-8314-eb84555338da,38.0,67355.0,2.0,0.0
2e47bfbd-2798-49fd-bd31-2bc234b103c1,19.0,67690.0,25.0,0.0
c1fdd86d-7859-4715-813b-154161431bb6,35.0,67814.0,25.0,1.0
bd296339-8637-4566-be9e-590b4f92cbad,50.0,61645.0,0.0,0.0
5c22d456-ace0-4054-a87d-5b6fd48afb7a,54.0,114814.0,14.0,1.0
0130fbb9-2fbd-448f-a28c-c04e47fdc12e,51.0,102739.0,10.0,0.0
60f710c0-d233-4e31-a842-368cd29d11eb,37.0,86630.0,36.0,0.0
fafc7a5f-e86a-4792-9a68-9bee2682938d,52.0,78171.0,6.0,1.0
6145ee5e-aa85-45d4-ae8f-019fe8d041ee,35.0,51658.0,11.0,1.0
b3d44a88-7294-4f22-9242-a2f36d55b613,41.0,138132.0,37.0,0.0
c82d87d9-5ac7-4342-a6be-ca53b0065d27,25.0,45797.0,2.0,1.0
e0b39b9a-2589-44b2-a94f-a4fc8895adf1,47.0,88799.0,25.0,1.0
3a2ecd2e-375d-4334-b2cf-1b8801de4380,27.0,148301.0,29.0,0.0
c28a6945-7004-4ef2-b9f3-75b6b43e580f,40.0,128342.0,31.0,0.0
4dc26aed-60c7-4b8f-a0cc-c0b7440381e4,28.0,126494.0,35.0,0.0
1c156eb9-ca6a-412b-a603-166184b2796f,19.0,82236.0,36.0,0.0
fb0bb403-6fb4-4971-907e-2dffb236e3e3,43.0,36265.0,17.0,1.0
13c7e4da-4459-4d2a-9f9a-a7cce0949821,53.0,102134.0,0.0,0.0
ee483e87-3525-4ada-a9d9-84324dc1a878,50.0,130719.0,20.0,0.0
d7a9f09b-614a-49f4-aad7-3cfda3f24fb3,30.0,112678.0,27.0,1.0
df473bde-612b-4b26-9d27-4003d4514a1b,57.0,83494.0,15.0,1.0
8f1784d8-6dd2-411b-a749-9c649b84f86d,42.0,82268.0,27.0,0.0
aafca065-0dd6-40f5-a216-e2970fad5157,21.0,145452.0,21.0,0.0
a002ad3c-6612-4b0c-be1a-52f8be5dbeb5,59.0,56998.0,18.0,1.0
cbbe7434-eef3-4f1d-84c0-41c6004d1cf8,36.0,121426.0,0.0,0.0
8e44abf3-e1ed-45d0-bfe1-cea154f41777,35.0,124414.0,30.0,1.0
463d384d-9e00-4b5e-a7a9-5053e5c7eba1,54.0,91339.0,33.0,1.0
74011ec5-d80a-44c5-8b0c-ed8db678feb9,47.0,44306.0,39.0,1.0
724ad10b-1b7c-45d4-a792-17e63f198013,36.0,94006.0,5.0,0.0
5f18deb4-3efc-478b-a35b-89a610cda818,40.0,148717.0,27.0,0.0
aa33b07b-7ffe-47ea-abde-0518a1408d98,33.0,77345.0,2.0,1.0
7e85fb1a-24a4-48df-aa47-3824eb6a166a,18.0,41885.0,30.0,0.0
7509f5ac-672a-4f3b-9216-b6f1d8f2b53e,29.0,139681.0,15.0,1.0
65b50b7a-4416-4e40-b677-fbefebdab579,41.0,73826.0,16.0,0.0
32af6ffc-09ea-43c9-9f8c-530eea4a8357,51.0,85597.0,26.0,0.0
79f5c300-4aab-4288-8598-4d7276b85f8d,25.0,37443.0,23.0,1.0
d85b727f-961c-4284-bfc5-9058370cabb6,35.0,127375.0,19.0,0.0
60c12a9c-855a-43af-bf4f-af484bae39c0,22.0,146005.0,31.0,0.0
0efbd773-55c3-4008-8422-5c8f151d26b4,43.0,47084.0,34.0,0.0
20bdac6c-277c-46fb-9004-4d42b17300dc,47.0,119447.0,12.0,1.0
8698f918-ce61-4567-a7db-fdb51e1cbf05,30.0,34383.0,19.0,0.0
f88bcf7a-df4e-4c2b-a824-e7720e397dec,36.0,122313.0,1.0,1.0
6a98dcc5-bedf-4e8b-b94b-8b3609ff6670,46.0,64361.0,3.0,0.0
7fbe0dfd-edaa-435e-bc9a-880380655e0a,20.0,110294.0,26.0,0.0
4ed5f0c9-622a-4d62-aab7-e414647ab32d,43.0,91331.0,24.0,0.0
40652635-1e05-49fc-8cda-b4499ddc2491,57.0,125057.0,3.0,1.0
dcc016a6-20ff-43ed-b784-3660e794d8fb,29.0,50529.0,31.0,1.0
13356a03-4478-4611-a655-1ddf0fcbf931,19.0,88574.0,16.0,1.0
c467c11a-f5d0-4e49-8bff-95568965b9b6,28.0,118627.0,0.0,0.0
95d3c4f2-452f-4204-819b-cf45070fc175,45.0,135330.0,32.0,0.0
dcca8260-6c78-4563-95c5-32e49308f38e,35.0,126917.0,29.0,0.0
e096d58e-d49f-45fb-af39-cd2a5dc39e70,30.0,130916.0,4.0,1.0
8152823f-e82a-46e5-a6e5-cfbd8340422f,54.0,60932.0,11.0,0.0
5cbb5e95-626e-4c00-b049-771e5a1c4b53,39.0,139633.0,37.0,0.0
b54ea565-82fc-4640-854d-7c40aaa0f2aa,29.0,31908.0,31.0,1.0
516dcd64-6ed5-4614-8f1d-b05887de4186,19.0,135258.0,37.0,0.0
1eec6175-08ba-4910-92ac-7bce295bb396,54.0,143489.0,16.0,1.0
a95f83e5-8680-4b3e-a280-1a521f6b4f83,24.0,60358.0,39.0,0.0
bff855c5-987f-4a18-928b-65816e9f0596,43.0,60412.0,31.0,0.0
9019a882-711b-48b0-80a8-2ef6ddcc508e,43.0,113710.0,23.0,0.0
08c0ff74-63cb-43bd-acd6-1ecbc30681ae,41.0,111032.0,11.0,0.0
e84cbaff-5a08-4611-ab2c-acd2bd2a46df,29.0,32928.0,30.0,0.0
1f31196e-fa6f-4329-842c-fa065846aeb8,33.0,95158.0,18.0,1.0
a9e09ec1-44ea-478e-9520-c64de7106ed6,40.0,60632.0,28.0,0.0
d88c0837-0f8c-4f70-a883-199147e8bbf5,57.0,62309.0,20.0,0.0
8939a880-4453-4432-9c9c-d60763f2e9e3,26.0,39280.0,25.0,1.0
67bb4242-b011-4580-a440-c4d241159547,49.0,70449.0,27.0,1.0
c4c28183-627c-41c9-894c-ee35d05e0901,32.0,117171.0,16.0,1.0
6fc80f66-8609-4b1c-978f-313931f43fc5,54.0,56957.0,8.0,0.0
7f567263-38a8-4a92-94d0-c3724f7e4417,30.0,66895.0,20.0,1.0
cf2ba5c0-f1ca-4add-bb6d-3cf57603c086,22.0,100499.0,33.0,1.0
36bedbeb-c3c5-4d5b-9207-203c46543b11,28.0,123057.0,10.0,1.0
dec77929-ad97-4adb-98da-8a869cbc2470,27.0,128151.0,19.0,1.0
44e70278-66da-46bc-9b6a-643b823a15b1,30.0,140065.0,38.0,0.0
1060c531-fb2d-403b-ab83-c9339f3840fb,58.0,141858.0,15.0,1.0
3e979ea7-7fe0-4fe8-86ba-a0ad4c405e4b,32.0,51695.0,28.0,1.0
a8606cd1-f9ca-4a8c-bb99-3797c6d182a6,59.0,104893.0,0.0,0.0
f8489a02-d4f0-4e6c-9dd0-e6daa7d4d3dc,24.0,93123.0,17.0,0.0
cd1f451e-6931-457c-bc9c-260b5ad0b42c,57.0,55176.0,21.0,1.0
81553538-7c6a-43c8-8c0c-0c2bb07b8a1b,45.0,48409.0,7.0,0.0
498b8c04-3bad-4b18-a14d-9570b0b4ffe9,49.0,86967.0,6.0,1.0
faa74b4b-5a83-42a0-9692-eaef31f68695,52.0,30987.0,24.0,0.0
1d4eb450-a696-4c28-b871-4171cfde41fd,32.0,84462.0,29.0,0.0
49f20b3e-4435-4ab4-9357-695053c3f45d,53.0,97501.0,33.0,1.0
1095e6e8-312b-49aa-abd9-b1c80885894b,38.0,135620.0,10.0,0.0
8a24cec9-b009-4f87-ab9f-c61924c4f256,23.0,126854.0,14.0,0.0
a0eea77e-e1b1-4a73-b11b-1004fa35da39,18.0,56015.0,34.0,1.0
daa7dd3f-637c-4a17-9b8f-29097425dec4,21.0,124727.0,22.0,1.0
b2ae7e9f-7ca0-432d-a3e6-148d359a721d,28.0,142350.0,20.0,0.0
17b52bf4-8823-4630-84fe-4a91f4a13dc8,43.0,96404.0,27.0,0.0
8f6a560c-cfa3-4b98-80b6-b9a0da338355,54.0,146751.0,12.0,1.0
84ae39d1-d0e2-4a3e-95e5-4e8df365d17c,40.0,80281.0,33.0,0.0
bf48d5b7-c2f1-4664-b518-20cfabef359a,46.0,67146.0,37.0,1.0
041066af-6cbb-4890-8539-d389150d3855,38.0,78231.0,5.0,0.0
dee340ab-432e-4d65-943a-8a1f87ebd7ef,44.0,59032.0,3.0,0.0
2f80a60b-68cf-4528-bcbc-83da66b5ea6c,56.0,58305.0,4.0,1.0
5ac93199-7e14-4b40-8081-950cfbdfa3cc,57.0,84306.0,39.0,1.0
0f66efe2-57a4-409c-8606-b5764014f793,30.0,118176.0,5.0,0.0
45bbc6c5-f7bd-476b-9505-d04a7a1a2bde,40.0,48318.0,20.0,0.0
7eac9fa2-51b4-42a5-9dff-2fbb1a0f34ae,33.0,43246.0,27.0,0.0
b735224b-dc8a-4033-9aa0-3c14fe25d1e5,47.0,63844.0,2.0,0.0
bbec5ceb-751f-4f86-94c8-3c946fdd8f02,21.0,62602.0,22.0,1.0
64d95aad-c229-448f-bed1-8f023f0edfec,57.0,51584.0,7.0,0.0
a0756237-9140-4f3b-b3ea-c3d2430c52d0,33.0,146327.0,18.0,0.0
cec68736-48a3-40f5-9ddb-806cbc17cd49,48.0,45169.0,10.0,1.0
32169f3c-c425-4ce7-9895-62e35fc5bf55,59.0,55968.0,9.0,1.0
f38b31ff-98c0-4250-8e5d-542ceb0a2f35,42.0,36385.0,27.0,1.0
85ab1198-e93b-4cb1-99d1-602889703bd3,29.0,103758.0,19.0,0.0
1e0e9765-f6c4-47f1-b160-68f0f3ab1506,43.0,145391.0,27.0,1.0
a22b0092-f7b6-4ae5-bfbc-a17b8a44cba7,54.0,55444.0,28.0,1.0
e24d8136-f5dd-4f7a-8ac4-5c55e972df7c,50.0,133784.0,7.0,0.0
3b990f3f-d970-467a-a2cb-158946379526,45.0,136081.0,18.0,1.0
a071bed8-6d7c-420b-bb71-4cfc81eadd52,26.0,92497.0,20.0,1.0
79c14507-13b8-48d5-bdfe-4f31800033fb,29.0,35362.0,17.0,0.0
508b4a76-c1c3-4627-a695-8a2ec27f4525,22.0,129254.0,8.0,1.0
10b6031f-2fba-402f-abfc-c8da7fa2be73,45.0,38250.0,3.0,0.0
7d70528e-a5f6-447e-82af-4ce0951f9d19,52.0,98354.0,24.0,1.0
1f344a5a-64c9-43c6-ade6-1556b3cc9228,22.0,66368.0,33.0,1.0
953f6fcf-416d-46d4-98a6-b63fd432e167,51.0,74109.0,8.0,1.0
2b1dc4e5-61cc-4bc9-9f4a-4cf1e1891dde,51.0,110589.0,8.0,0.0
87060b28-720a-484c-8040-73f110700fb4,30.0,87645.0,17.0,1.0
b9768166-f962-4f62-a56c-1b942bde0b17,56.0,86997.0,10.0,1.0
f7870b99-a959-48d3-86a0-236d9c5aaef0,59.0,57426.0,12.0,1.0
8cce436c-814d-4c51-95fe-7a9b54ba46b1,31.0,147632.0,37.0,1.0
71676b9b-1d1c-4fb6-9c9d-67907a53e4a1,28.0,142637.0,8.0,0.0
6f85d633-ddb5-4fd8-a938-6768013e04c5,59.0,69023.0,15.0,1.0
603f4998-6667-4c15-bec0-4bfcc0c90496,55.0,89267.0,3.0,1.0
1c08aed6-41c4-4ed9-ad31-3b14304eac56,21.0,54892.0,33.0,1.0
a91c5d82-16e3-4df8-b806-291b7b0c73ee,50.0,89232.0,6.0,1.0
c5b836ee-33b4-49f1-9e9f-86bf16a9cc04,24.0,149952.0,14.0,0.0
02fa92dc-222b-461f-b1ee-411d6405851e,58.0,139211.0,37.0,0.0
e99eadb8-b7bd-42b7-bd33-68584b73dc32,25.0,124897.0,10.0,0.0
e4afee1a-2dbd-4acf-8ff8-80c536de3cb6,54.0,89225.0,31.0,1.0
f791d77e-fa1d-495e-84fa-c041f1bb8058,27.0,46007.0,26.0,0.0
7710d90f-3399-4428-afe8-2db10618eb92,32.0,109777.0,29.0,0.0
d9dc8a9d-e491-4578-85d2-44a8f8dc4f2a,55.0,74858.0,16.0,0.0
5a07b8a1-f5af-4476-86c1-70a3c0a1c075,32.0,75073.0,35.0,1.0
511f034f-fe8e-4b65-a78a-a09f974ee253,22.0,119438.0,18.0,1.0
9f3c421f-c599-499f-a291-0d4e9927c1b4,46.0,120042.0,6.0,0.0
2912c0a1-80da-4631-bae8-de7feafa48f8,36.0,113098.0,20.0,1.0
2baf6b23-f47b-4ad1-b4c6-872d6286c816,27.0,50239.0,27.0,1.0
8a0e25c0-011d-4b3b-8987-c719a327fe90,29.0,92969.0,2.0,1.0
c9eaa9c6-50d0-464e-82ea-e4c23e534213,21.0,43065.0,13.0,0.0
d8032741-8107-4d2a-9bde-c5bebbbabf46,48.0,140951.0,1.0,1.0
d21846f6-574c-4750-9523-831174a11834,35.0,71291.0,28.0,1.0
146a3902-9a84-4afb-b55e-8f4590463821,33.0,68805.0,17.0,0.0
efe9ad97-908c-4098-a4b4-2e1a9a1ea2bb,57.0,128831.0,36.0,1.0
96a8332f-cc05-4474-8568-9a61713c4d58,53.0,48443.0,23.0,1.0
ab1492d2-0ecd-4750-ac3f-01cd3affa3a1,42.0,39290.0,11.0,0.0
b59af7de-ecb6-4c55-aca5-cc080c9f99f5,40.0,30211.0,31.0,0.0
69bf7f8c-8250-4b52-9563-9442476b237d,29.0,113634.0,17.0,1.0
37048191-a13b-4375-8824-3d0daa8e22eb,51.0,49072.0,12.0,1.0
f8da43c5-9d68-4565-8c95-239c1b83aa46,53.0,73290.0,3.0,1.0
6e7352d5-f049-4915-b4e5-e4b294b9af0e,54.0,115186.0,22.0,0.0
cbf1628a-17fc-4db4-9511-3b07ef24d118,20.0,45115.0,9.0,0.0
42d4b15a-1b6c-4296-b1f3-64730247a377,26.0,35149.0,4.0,1.0
75229ebe-f36a-42d7-8fbf-5b5fadaf80e9,35.0,71992.0,39.0,1.0
b71e4953-5b07-46c3-8bf7-b3870510c81c,52.0,47716.0,13.0,1.0
c8c647c5-23a4-4e47-8865-67fd2094ba31,51.0,127724.0,33.0,1.0
4a963757-2c7f-46f3-a71a-43a69e3863cd,58.0,43621.0,27.0,0.0
e6edcd7d-d8ec-4436-9e98-269c8d147a91,31.0,36820.0,7.0,1.0
fa29b56f-1777-40a7-96b1-55e29556dc95,21.0,143065.0,15.0,0.0
f883c602-10f4-494b-9cf1-cf443dc63a83,46.0,72800.0,30.0,0.0
41fee6a2-de3a-4f6d-b223-7abb890e600f,58.0,85043.0,6.0,0.0
825bfd34-8c63-4822-b9bc-05f264aa342e,32.0,60399.0,2.0,1.0
b59256f1-ca5e-443f-871e-136c6be14852,45.0,149374.0,28.0,0.0
a6524417-8b77-40a2-a4a8-7236660e5421,59.0,44002.0,35.0,0.0
741738a5-f02c-4c7c-ac44-bb74c917f68d,33.0,73098.0,38.0,1.0
8ef208f2-9bb6-49be-8bf7-63b7a7f33923,29.0,75511.0,3.0,1.0
b85f6efa-d4ec-46a5-9dd9-278efbeeb772,22.0,83243.0,8.0,0.0
7a9e39a1-a91c-4dbb-b558-9fefd286353c,51.0,145131.0,16.0,1.0
62855160-6247-432a-8270-f9523d63ddb9,59.0,58750.0,19.0,0.0
a887ab7a-8288-4899-9f91-04cc3946ea26,18.0,121610.0,13.0,1.0
f2e25c40-bc19-4615-9f3e-7a7b9191d20e,56.0,47310.0,28.0,0.0
46dd0227-12ae-4b69-aa40-be6d271aa6bf,49.0,85398.0,12.0,0.0
25a467d5-6712-4b1b-9aaf-8a9b9c34cc2a,43.0,112542.0,35.0,1.0
6f7d0319-e641-44ce-a713-c0a118852e47,34.0,105207.0,16.0,1.0
d99b8942-ca15-4b8a-bf89-b7a7064040ec,44.0,147725.0,3.0,1.0
0e502d20-29fb-410d-8296-7867fb1f35c4,41.0,74345.0,19.0,0.0
1c5d110b-79a4-4fac-b79b-2d6751e324a6,52.0,123430.0,10.0,0.0
3dd68884-10ca-41a8-bc2c-d138e252c660,59.0,144921.0,21.0,1.0
24427bab-2e2c-4c86-a0ad-fa69dd217b71,56.0,121729.0,7.0,0.0
84ab891e-5b9a-4040-9d14-a2789f7a1e10,43.0,81843.0,27.0,1.0
005f0618-2cc9-4f08-9a91-c502c72f1e33,55.0,40222.0,29.0,0.0
21842c41-85a2-4052-b868-d456c3ae025a,40.0,119322.0,32.0,0.0
2d159641-7928-44e4-8d1e-8794671ef4d1,39.0,61509.0,32.0,1.0
62557e54-11f3-450b-9a78-a4fb9a9487d7,21.0,30386.0,35.0,1.0
8aa71f11-095d-473d-844c-2292859c426b,26.0,94334.0,26.0,0.0
20a95ccb-2662-4b6c-893d-2ee114a0c699,21.0,97170.0,19.0,0.0
68354292-3d59-4786-bcdc-24bdb18dbdd5,24.0,70878.0,32.0,0.0
75eff090-9c50-412a-917d-71ff9cce9dd4,40.0,99669.0,24.0,0.0
e93b6859-b24b-47dc-aa77-92a6bf04b879,19.0,137680.0,18.0,1.0
5a7d2ebf-02b3-4476-a5b4-46bfd39f2447,41.0,68349.0,20.0,1.0
18f92095-1624-4319-a4e7-4e64dfc89375,57.0,130271.0,32.0,1.0
6523f7fa-fe36-4db2-8703-a1ecbc7ac29e,48.0,51952.0,2.0,0.0
d9068ed1-149a-4c01-bfbc-d59c507f7ab3,48.0,120352.0,13.0,0.0
7daaa62b-6820-4f46-8d3c-a207df9a5bb0,57.0,51529.0,14.0,0.0
098b778c-16ca-401d-96ad-fd9e23934f48,51.0,101303.0,32.0,0.0
a705945b-6960-4a46-a1d8-468eca37d6b6,41.0,71521.0,21.0,1.0
7596c30a-390f-4c6f-800e-b7945c6232d5,43.0,48383.0,0.0,1.0
d689423f-da55-49f5-bab1-cc592ccd6411,33.0,34901.0,30.0,1.0
70d4e029-498c-43dc-b25f-3fa8b078a3eb,30.0,72889.0,34.0,0.0
39ea4b2c-d258-468c-ac64-6d0ef55de6db,32.0,44633.0,19.0,1.0
f0cca8c2-06ca-4c64-b1e6-57f2354cfbd2,44.0,92244.0,31.0,1.0
f01c4ed6-b417-4338-a2fe-7707551f9f2b,21.0,49163.0,11.0,1.0
303fea5a-7c33-4a7e-89b3-924fd328533e,33.0,89019.0,15.0,1.0
8a254f05-0858-45df-ba7b-3d961dd0e17a,47.0,40707.0,7.0,0.0
1eb15f3f-f7ce-485b-bb17-84bf7becde51,47.0,118112.0,13.0,0.0
00331c54-075c-43d8-9e10-bb1e60737acd,53.0,113597.0,17.0,1.0
233d7857-b384-4dc5-a952-73316306ebea,20.0,75101.0,29.0,1.0
c0698e64-bb3c-4f58-be49-5effb7f9ad01,39.0,74706.0,32.0,1.0
20762e07-b618-4859-964a-e7509411ce2a,39.0,107084.0,33.0,1.0
35012214-7d81-4fbc-9cd4-bf277f704b15,29.0,45115.0,33.0,1.0
de999dd7-0971-41a5-8160-d16fd941cf24,38.0,105379.0,6.0,0.0
35f55409-9b39-479a-b368-952b10a7b782,21.0,132481.0,5.0,1.0
71cd49a6-514a-4b10-87ff-0e1f5c5f1b7f,48.0,69979.0,5.0,1.0
e33d797c-bd7a-4bbe-b4c6-2ea0439c7043,48.0,70641.0,21.0,1.0
ed54c3b1-5b3e-4c79-955b-a2ca1c6cde19,40.0,99377.0,7.0,0.0
a34bf711-86b0-4551-977f-412935a47cc0,37.0,36416.0,36.0,0.0
98ac337d-4c7f-4648-81d5-58fda0acca52,32.0,40633.0,14.0,0.0
b92bd224-00f1-4f1c-9cba-4de056bc91f7,40.0,133189.0,25.0,0.0
7528ce89-1921-4f98-9576-0a1a4ba7983a,45.0,30594.0,38.0,0.0
d55d34c1-09ea-4230-b3a8-98c434a1439b,33.0,44393.0,2.0,1.0
4c75b925-0aa0-43f2-aca8-861d88645b92,54.0,65380.0,9.0,1.0
83696699-075f-4a73-9989-fe998bd2d904,38.0,75056.0,2.0,0.0
b3e3a30e-0fdf-4e95-9825-8c08a43d786c,32.0,118279.0,29.0,0.0
2e09b15b-1218-49df-9d86-cbdf8bbd7af9,34.0,127507.0,21.0,0.0
99b27c76-e216-4a73-a256-334268627057,54.0,146184.0,2.0,1.0
12adb0f5-7e76-4c4e-a870-2280959e0e7c,30.0,148243.0,0.0,0.0
0dc3ebdb-540f-44c7-85fd-ae62393d6884,36.0,34861.0,32.0,0.0
a7c51ae2-4b9f-4bab-a83f-ab11b346c051,47.0,133070.0,18.0,0.0
faf3d274-9474-4ccf-a3ed-57aafc793142,35.0,66126.0,35.0,1.0
58936cf2-94d9-459b-9711-2886bc92988d,31.0,110382.0,33.0,0.0
4773ce11-90aa-4b6c-8522-43acfae65af0,53.0,121713.0,30.0,1.0
250717ab-d158-40ec-b329-9c8ea7afeb12,53.0,63682.0,23.0,1.0
66152bb6-44cd-4521-811f-766659d57c43,37.0,48228.0,11.0,1.0
36ec54d5-cfb9-4fe3-9dd9-54d34d249a34,36.0,130299.0,12.0,1.0
f2314fef-88a4-4450-a7a2-a55a27a85a81,24.0,54009.0,15.0,1.0
81bc6b93-257d-47cd-8d40-dfb9e8851f4b,21.0,30094.0,15.0,0.0
19d08c32-4ffc-43c0-9c89-a4854701fa95,51.0,136988.0,19.0,1.0
bf2fbd80-6a78-4c75-80ee-17e4a82dca98,19.0,110636.0,26.0,1.0
74acbc4d-5e14-4d67-9f62-5dad851f1f89,22.0,82221.0,38.0,1.0
d31c0ef3-1149-40ed-a201-47bf59d7cd40,27.0,128453.0,12.0,0.0
8ca26b2e-aab1-4577-9666-d2deb6fbebd0,49.0,47430.0,3.0,1.0
de6a7261-80b4-4e5a-a163-2335889cc81c,59.0,65571.0,31.0,1.0
88d60aaa-d9f9-4162-9391-387153196042,58.0,84486.0,39.0,1.0
fdf38250-4684-4fcb-b873-dad54c7638e8,30.0,120510.0,33.0,0.0
bcf8665f-83cc-4b91-b8cc-d1aa97b77f98,56.0,126665.0,38.0,1.0
9fc420ca-12f0-4eb1-85e2-179a02288270,22.0,142770.0,16.0,1.0
28525b2d-8115-4319-84bb-d156edfc6b2e,27.0,92294.0,23.0,1.0
b5426c64-4f52-4b35-9bfb-5101daddd16e,27.0,50860.0,28.0,1.0
aeb4574f-6559-4b7a-986e-c6359e1e65a4,55.0,102812.0,27.0,1.0
5f6f7c65-96a8-4f2c-9842-a80ddea5f5d2,44.0,96087.0,21.0,1.0
ba97f896-1809-45d4-9797-ab49c680d6aa,38.0,143784.0,27.0,1.0
d5952a8f-94bf-4ace-878b-f01355d424f0,25.0,38486.0,24.0,0.0
e138cb69-f878-4eed-a937-deb10c9e1e50,18.0,113063.0,2.0,0.0
801766d5-b4ed-4826-a40e-e62310356d27,45.0,79607.0,12.0,0.0
4bc2122a-4983-4e5f-8d78-79a9314621af,56.0,39745.0,30.0,1.0
f8016c02-b56c-4c94-9939-ff7db357c7cc,31.0,136664.0,12.0,0.0
34ed120e-d8f2-4d80-a8f5-1207ed2f696c,38.0,108533.0,17.0,1.0
d91a6ed6-254a-4a08-b704-afb1a8887709,47.0,48330.0,36.0,0.0
580698c5-15b7-42ae-a71a-856d1179d316,38.0,70078.0,33.0,0.0
f0611f6a-f73e-4a16-9a1e-edef577de6a8,26.0,85332.0,16.0,1.0
efe9abe2-ec02-4931-87bd-df1ceeb5ff9e,34.0,134121.0,20.0,1.0
b2cb8c95-7c28-402e-807d-a9974ea1478c,22.0,84532.0,35.0,1.0
8fbb68c8-5b09-4e18-ac62-e25d7e962c6c,48.0,120365.0,39.0,1.0
5bab457b-a2a1-4177-a67a-f3094762cedf,57.0,73336.0,18.0,1.0
00c60a9c-db78-494b-b135-c577596cb2da,55.0,38070.0,11.0,0.0
52a729c6-0c9b-4ac7-b486-d9b4bb3d32f1,36.0,31320.0,27.0,1.0
9226a02f-5d49-4b96-8efc-cab087c23c78,53.0,119043.0,10.0,0.0
4c4ce6bc-b57a-4cf7-aa5e-7238b6bd5863,50.0,68921.0,36.0,0.0
8e4c8d95-92a6-480d-abd8-380f03e896e4,30.0,36589.0,27.0,1.0
3c46670e-de79-4225-bb6d-8f001c703160,31.0,94409.0,34.0,0.0
52fad922-5760-4ddd-a5c4-e44d23c571c9,50.0,122995.0,14.0,0.0
a36cf644-04f1-4e4d-a91e-6ffe29b64c7e,46.0,45589.0,15.0,1.0
ad242636-df3d-4a38-8034-0754fe6f49d9,53.0,66375.0,6.0,1.0
11df533b-2724-41d4-a696-0d1db68927f2,27.0,73085.0,2.0,0.0
e0071ded-48e0-48ba-a826-ef01801809d8,48.0,90840.0,30.0,0.0
0ec11b4f-66d0-4184-a6fe-8ce421ccd3c9,23.0,73200.0,11.0,0.0
c581775c-471c-4eb6-af02-5236711b2d4a,18.0,128704.0,7.0,1.0
fdae01e4-98bb-4691-99ea-f1702d413d35,24.0,56732.0,24.0,1.0
96e6385e-b404-4f9e-a619-0867bc7a54eb,44.0,127047.0,34.0,1.0
b8091113-072e-4581-ac45-190041fcce1c,38.0,52426.0,11.0,0.0
778b3347-20ea-4653-8381-512f5f2fbf3a,45.0,60982.0,20.0,1.0
7ebe77d4-c97b-4cf4-868c-805d0e0f6cff,33.0,89720.0,25.0,1.0
9584a01a-d13d-4825-bcee-bcc84e6b1c71,40.0,46746.0,1.0,0.0
bf2f82c1-111b-4fb5-bb65-b8a18043cfc5,37.0,58514.0,13.0,0.0
1abd1ebd-29d2-4ea1-b4c3-f12d7f716c1e,55.0,94889.0,3.0,0.0
50db7aad-d55c-477b-9680-6c0d7e548bb3,42.0,33851.0,16.0,1.0
b8510efd-f39d-4b93-b523-c28b7260e246,45.0,49796.0,4.0,1.0
2a618841-8585-43bc-a2f5-bc5b775f6a32,22.0,106034.0,23.0,1.0
fe7e48b2-f627-49e9-a14a-d631e955b758,38.0,92798.0,6.0,1.0
e4fdb407-db27-4dd6-9039-0375ba55d34d,35.0,128388.0,22.0,1.0
0ffad6e4-3a87-467e-8080-78b66abc03b4,23.0,92985.0,16.0,1.0
a80f60b6-93ec-46c7-95c1-89eeab9a65de,46.0,64592.0,11.0,1.0
9f5c825b-267d-47ee-99d1-47c2b51c9a9a,36.0,74845.0,10.0,0.0
9354eb0e-8b3f-4fa9-8c2a-e0a5dbfc6442,50.0,45930.0,10.0,1.0
5d481e81-1e4e-478a-860d-5074a9cf7262,18.0,140853.0,33.0,1.0
02b2fe2f-c55c-4f0d-a3e8-1b9945a38ee3,20.0,138417.0,36.0,0.0
bf1709b0-5c2e-4313-a1a0-319723806129,59.0,143436.0,28.0,0.0
e73b3426-499a-4f5b-a17e-78b764971bc7,38.0,137126.0,35.0,0.0
ae1c72a5-979d-4091-be9b-3331f91e32b3,52.0,51159.0,26.0,0.0
e97ec0ca-588c-4bbb-af89-8b40cc4ed333,58.0,125072.0,21.0,1.0
e957c3b9-0547-493b-9207-d19d8847aa2b,57.0,119788.0,1.0,1.0
1b428d23-ab81-43bb-acdb-12d6bfe4551f,20.0,54003.0,35.0,0.0
45a1f16f-523c-4f97-84bd-51ad01f654e7,42.0,135722.0,29.0,0.0
33b9f81e-d8d3-4c07-9be5-02613c6ee805,55.0,65139.0,6.0,1.0
b26e2604-0cad-4854-a96a-9bd31c43f408,37.0,135372.0,11.0,0.0
e9447ef8-73ef-4008-b9d1-f3e4dcab21f3,51.0,82452.0,2.0,0.0
6c49421a-2dd3-431a-8e67-2ee9e8395e7d,38.0,52205.0,16.0,1.0
e381619e-a800-4171-a899-bad25f23d940,40.0,126059.0,31.0,0.0
0bd7124f-9ef2-4259-920e-abb1695ff4c6,23.0,86955.0,7.0,1.0
4c91e473-7140-4d0b-adf0-ae6cd92d8afc,30.0,140163.0,22.0,0.0
1202f3ff-5033-4c65-9f85-5bab55198311,40.0,37464.0,37.0,1.0
3ac58f6c-78b3-4e12-94b6-934ee20dbb30,26.0,112646.0,29.0,0.0
d8bcef49-0666-4e0f-9552-230b70601945,34.0,141852.0,14.0,1.0
317bdf40-c60b-47ed-9953-9870dd12c237,19.0,102657.0,9.0,1.0
1b3e8ee6-218c-4c86-8ea2-9e53f67c8085,36.0,39840.0,37.0,0.0
927d891b-c9d6-41d4-8ff2-7ca2d0e041c8,36.0,132616.0,14.0,0.0
602ebc72-5072-4b47-973e-3469a1ed15c6,24.0,70768.0,29.0,0.0
b94916f8-47ce-462c-8090-37ab74488c06,59.0,39461.0,25.0,0.0
68572f5c-0a34-453e-9181-f9ae9fc0ff05,59.0,50927.0,13.0,0.0
9745e335-1fb0-4241-a8fd-bd63b82d875d,37.0,119934.0,2.0,1.0
22172894-e482-4c4c-b6cd-c16845bf25e5,26.0,128622.0,35.0,1.0
c6b40f19-dcac-4e55-9333-cc71e56192e1,34.0,45329.0,25.0,1.0
54bacee7-8460-4cde-9ebd-33e3b330ca2f,44.0,45791.0,13.0,1.0
b5096f6f-0940-4f02-afef-ce9d1a1021a1,19.0,82627.0,30.0,0.0
d9fcd5ca-ffcf-4dce-8ec7-8f045b7b41d1,53.0,44372.0,13.0,1.0
6d961eb7-3815-4199-bc49-b414e768209b,36.0,144239.0,39.0,1.0
16f302c2-3da3-459f-8213-4b1b580aaaca,34.0,122890.0,9.0,1.0
9fb83087-a985-41cd-bcbe-6dfe78221004,22.0,78469.0,8.0,0.0
e16249c4-bf42-455d-a561-ea7aaebef29e,56.0,139554.0,39.0,0.0
7fa25496-3cb5-4991-8718-a9ad6887c129,35.0,117073.0,17.0,1.0
2963e403-cbd9-49e8-a8b8-0f6b61b3f533,24.0,148822.0,35.0,0.0
198d0cb4-1bff-4986-8ff2-8309ce6bd717,34.0,64370.0,35.0,1.0
3b8ca2e3-9410-4209-b05a-8a6c3b4a0b84,56.0,81408.0,11.0,0.0
38fbe271-60ca-4f7e-86ad-6e1334bf73a8,53.0,120941.0,39.0,0.0
d735d1e7-8c5e-42cf-ae5e-f32dbd6aa5a6,57.0,137351.0,2.0,0.0
811b1e65-4128-44aa-9c02-37040b034048,21.0,53703.0,17.0,1.0
3441a84f-f539-4d56-bf79-acc2f7b95cc9,55.0,45234.0,6.0,0.0
5d88706f-ff10-475c-91f3-2d2307c789b5,42.0,37532.0,30.0,1.0
6c4ebb64-9617-4166-aebf-6eda00a3b85b,22.0,135670.0,0.0,0.0
0ee3a164-db87-45a9-b2fa-ca59b03c5ddf,47.0,65416.0,30.0,1.0
4964baab-4231-456b-abca-736cca7f4b27,29.0,102439.0,12.0,1.0
e632246b-ea40-42a1-9d29-49b178112c59,21.0,48242.0,28.0,1.0
2f81b277-f82d-43cb-89d1-deb493fb3074,41.0,80254.0,2.0,1.0
9b64a9c2-15d4-46d8-8468-0b7dd6e17f6c,46.0,109324.0,28.0,1.0
2bc0e8c5-1205-4083-9b77-5f4b3e19eb2b,26.0,65249.0,34.0,1.0
b9896ee4-c756-43c5-92f8-e82dc6ed8c60,21.0,130124.0,14.0,0.0
711cdefc-4bf2-477a-9489-de8ee7747698,41.0,125049.0,20.0,1.0
df41921a-731f-407f-83fc-92ce51be4108,31.0,138575.0,18.0,0.0
16c6a064-6df3-480d-b11f-9c300999f1e4,22.0,115078.0,27.0,1.0
a661748b-27ee-450f-88a7-0477f4577921,35.0,62294.0,3.0,1.0
60009f04-ef2a-4962-85d0-dc5c07ceec48,59.0,89784.0,12.0,0.0
ed0fc9dd-a852-43ef-b32f-652e97a4ce71,36.0,33684.0,14.0,1.0
afafa355-eb16-4b0d-8661-d736feefca87,29.0,53795.0,38.0,0.0
76e1ec15-3a14-4763-9860-d9df6b40ba50,35.0,90301.0,31.0,1.0
803cf5e8-7eee-4721-9504-26a2f1a1ef95,34.0,99187.0,2.0,0.0
c78b8664-588a-4cec-bf5e-19a8374ad952,47.0,40431.0,29.0,0.0
96676c4b-9571-4985-83d5-537fc03fb1e8,41.0,105667.0,19.0,1.0
bf1db96e-2c52-4d7d-bc70-984b554366a5,28.0,119627.0,1.0,0.0
d32cedb0-6fdb-4e51-b8d1-179b28e59964,52.0,120381.0,24.0,0.0
d2e3875d-0e2e-493f-b76c-4a89d1706927,40.0,120027.0,10.0,1.0
14843252-f149-4cfe-acfe-9e380e61c33d,34.0,85372.0,0.0,1.0
d1a0b6c5-9303-4089-b648-b55148e4b266,18.0,100366.0,9.0,1.0
c418c61e-0e2b-47d1-af60-81ef3adf8aee,32.0,124176.0,16.0,0.0
eb2382c6-841b-4f28-a805-dedefd72fb8b,49.0,149667.0,29.0,0.0
29853320-35b3-4b1d-b394-7bf42e3ce9ea,26.0,102870.0,34.0,0.0
6615a543-1469-4e98-b3ab-db49bba2ad2b,32.0,77387.0,18.0,1.0
6d3119b7-9e67-4cd3-98ba-a961fa89e9d9,45.0,82927.0,33.0,1.0
d8839563-1763-4ed8-b7fe-b2804801ca7f,41.0,39304.0,31.0,0.0
89f11d25-5e4c-4abf-a920-d4a8fbb6b21f,52.0,143183.0,11.0,1.0
024457ac-6c36-486a-ba1e-d2aa71200a35,39.0,47032.0,16.0,1.0
3b6b9583-d9bb-46f0-9da9-22d79cb28624,44.0,121291.0,5.0,1.0
51eb891c-2381-4053-9126-1aed21a31367,36.0,142889.0,12.0,1.0
aab35e9f-50ae-488a-b663-0173fd475fc4,29.0,89486.0,38.0,1.0
fea24ada-549a-487b-b60c-d4cecc99bf86,37.0,95552.0,21.0,0.0
569f5528-2d8c-4013-b857-3e376bea9494,18.0,103844.0,10.0,0.0
3b81b93f-5e7e-44d3-9e1d-4652e7677d06,38.0,59654.0,6.0,1.0
085b5d02-4826-423d-80ce-bdd7e671b4c6,18.0,69244.0,20.0,1.0
c1d10844-08f4-4979-a84a-3b2163813d04,27.0,35942.0,0.0,0.0
c5a6d92c-0350-4112-9fa0-00fbbdc1b889,49.0,80697.0,29.0,0.0
8ee8a851-5999-41dc-8b76-3d441af3ed6e,56.0,32693.0,18.0,0.0
aaece2a7-5687-4a41-b0bb-15ae834fe111,39.0,86751.0,28.0,0.0
810894af-1957-4593-80e2-16ac49723ce2,35.0,111098.0,34.0,0.0
933ec80c-8837-4b9b-b5fd-c671acd7446a,49.0,148777.0,19.0,1.0
2b9cd0b0-80c2-47da-af47-df1c383a99e3,44.0,36259.0,35.0,0.0
1a2827fa-6c50-4bb7-b563-8cd36688111f,45.0,149746.0,38.0,0.0
c742ca42-7b42-490e-9ce0-5065b518cc9c,35.0,143883.0,0.0,0.0
9d89466b-2b5e-42c0-9300-1a4248a5f72f,56.0,137772.0,22.0,0.0
1f6cfbb0-8230-4722-b004-f50ac1411264,46.0,147928.0,30.0,1.0
80d9fc04-ccd8-4d3d-acee-20aaac80c6ca,35.0,34942.0,34.0,1.0
4c15ac34-fbcf-49da-b28b-42b7dd3d0209,25.0,77419.0,21.0,0.0
2ad5e6d4-c53a-408b-9229-0ef3c0e3d8a1,48.0,132092.0,6.0,0.0
5036f8e8-9cb7-4fc4-8ab4-505adb1c43e2,51.0,86105.0,32.0,1.0
62486972-6847-4e07-be1b-1cecc080e077,24.0,95907.0,35.0,0.0
f91e4356-ccac-4490-b6b5-da2b1ceb5429,53.0,57383.0,6.0,0.0
91488b71-7c53-4cc9-a011-7382ffc3a204,35.0,53404.0,26.0,1.0
2788aeaa-1b35-4878-bad5-e129208222c4,55.0,102656.0,1.0,1.0
096d9eb0-e6ef-4fcb-a8de-734aab7aa2aa,26.0,35702.0,16.0,0.0
761338c9-6e09-4e86-bbde-499a9145a1f1,26.0,103883.0,0.0,0.0
43a51c39-915d-495c-81fe-0760e831a3bc,25.0,130965.0,29.0,1.0
1d902e54-d23d-4db3-ab29-f9cce7723f94,52.0,86332.0,21.0,1.0
a68b5d20-78f7-4746-a119-f9821b3f72c9,35.0,69419.0,27.0,1.0
def4a6f0-cf20-49f4-9fe6-77b5c547771d,22.0,120576.0,32.0,0.0
9f2a6e9c-234e-44f1-8952-a0d6808b4c8e,31.0,133182.0,25.0,0.0
6385cedd-d680-4eda-807b-f5c3bb074ba5,45.0,141395.0,34.0,0.0
086058c6-0bfe-44ba-83e6-1d77839576cd,47.0,132619.0,10.0,1.0
2656e6ab-ec5c-4354-8168-4d6ec10fcd72,21.0,118078.0,6.0,0.0
e1b68576-1c00-4c29-83f1-0d4be06a4a8c,56.0,138269.0,27.0,1.0
f4ecacaf-a123-49e4-967e-9c23f632906e,37.0,103844.0,24.0,0.0
bba2ce59-ce44-4b9a-836b-86b8b472a1fd,42.0,69242.0,30.0,1.0
395a7825-b659-4358-8506-552127ef15d9,45.0,64142.0,2.0,0.0
e8d1ecfb-b910-4c63-9dc0-bbb97dc60c19,29.0,139699.0,32.0,1.0
c050a0df-a0d0-49f9-8927-5ad67b411adb,19.0,126226.0,33.0,1.0
b19b7f07-57cb-41cf-bfc1-04e0cbd550e2,31.0,37393.0,20.0,1.0
841b42c8-aed3-43f7-990d-a4fcca0b681a,39.0,99939.0,36.0,1.0
2309478c-609a-4f39-9269-6f4ccf69404b,48.0,99082.0,18.0,0.0
75380a22-2d47-45a6-966e-2de254c0dc0f,40.0,132281.0,36.0,1.0
946f6e6c-7b8d-4dcc-b66c-808e4a597427,37.0,58893.0,20.0,0.0
542c7efc-5b19-4632-9bc2-3366f1bf729a,55.0,39388.0,13.0,0.0
9cb6bd2d-18d3-4da1-ac4b-521142a8033f,21.0,148099.0,9.0,1.0
23952d93-3224-461b-aba6-399c53f98423,32.0,137292.0,6.0,1.0
094789d2-81ac-41d2-9a93-cb59686daf40,41.0,92969.0,28.0,0.0
ee248500-f77f-4b69-9f1c-d6a26bb271bc,42.0,66660.0,39.0,0.0
3da6ceab-9653-4f7d-b881-d5d807f0ed79,18.0,119244.0,7.0,0.0
908b66ec-a140-48be-8c67-c9e3bd1390c1,24.0,54726.0,38.0,0.0
bd94b4a7-5a3b-48cf-89d5-eb8b4ca93563,48.0,109544.0,12.0,0.0
d722a727-ec3e-44dd-887d-69f3a0443147,29.0,131553.0,18.0,0.0
2a92f23f-f9f4-41f7-8c88-3f199d238853,59.0,92996.0,10.0,0.0
90fc907c-fe99-4514-bdd2-ef862f98d7b4,22.0,30111.0,1.0,1.0
b63ffbe8-fb0f-4276-a3bc-5bd67bfc0f0f,59.0,145370.0,5.0,0.0
090901a3-6764-446b-8be4-4f3ed1608d69,55.0,47545.0,28.0,0.0
d18e4d90-65b9-49fd-9624-0aaffd985729,29.0,70168.0,4.0,1.0
c909b9a1-1754-4989-9de0-515fd90d72cc,56.0,32379.0,29.0,0.0
2c464ec9-b811-4dfc-bb69-5d24f0febc00,35.0,125773.0,38.0,0.0
3579069a-b533-4403-8137-b00ad8e81dcc,19.0,141484.0,35.0,1.0
577a40bc-d397-4306-aeba-f2dadbf0ab06,27.0,117346.0,26.0,0.0
66460815-64b9-4b2a-ae2b-28112a693689,32.0,71120.0,17.0,0.0
088d4ef2-f17b-46fd-a43c-4982a00e45fe,47.0,47809.0,35.0,1.0
8793cb1c-aa70-4d0c-aec1-e3f5e76a6aba,34.0,82813.0,15.0,1.0
71a5d841-a446-40bc-8dfa-649574aac5a4,21.0,104005.0,4.0,0.0
5dc3da5f-08ab-446f-b1a8-e080b7a6e4a8,24.0,57967.0,8.0,1.0
21df4511-dd6f-445b-9e43-053e4b978165,58.0,39748.0,33.0,1.0
53150b54-f0c2-475d-a865-258a20f4b265,48.0,53424.0,33.0,0.0
ec00d459-53d2-4be9-8342-6fafc405e76d,56.0,116512.0,35.0,1.0
a6298269-9990-4f5c-8ff4-7d9a19bcd4c5,51.0,53914.0,30.0,1.0
55cceab5-2637-42e4-8ffc-5ae5105150a3,23.0,125603.0,19.0,0.0
d269d243-269a-4f54-b429-b035e82594fb,55.0,138411.0,16.0,0.0
6efaa93f-c509-427f-914e-7284ad2538b9,51.0,108478.0,19.0,1.0
b449db54-2f50-4f9d-ada0-1c08b0ac97dd,32.0,49491.0,27.0,1.0
d8f87d7b-b205-4eed-a4e2-8b45e6fc8acb,31.0,79454.0,20.0,0.0
eef013b4-3950-414d-9075-5aaf227089bf,23.0,100069.0,18.0,0.0
a56ca204-0d4f-4f90-8cca-baeff7b4f7e9,54.0,81925.0,2.0,1.0
ac08a3c6-7144-4694-ac0e-718b4851a94b,49.0,119119.0,29.0,0.0
7ef5a90e-a579-4b89-bbe1-8a869207f5f5,20.0,67049.0,4.0,0.0
14b93c2a-1cda-4139-9581-cc924b7d290f,20.0,57821.0,5.0,1.0
5e0f255a-cd6c-459c-8ba8-a399e953741f,39.0,125797.0,2.0,1.0
e5da7550-fa23-4a3d-abf2-88f5cd7e5a61,39.0,133072.0,23.0,0.0
ee40e9d8-02d3-444c-9404-00bf5188c6d1,27.0,59945.0,0.0,0.0
a58eec21-8fde-4214-bb86-01a6b169d5b2,20.0,47384.0,35.0,1.0
91d3ea9a-9ee7-4db7-9c48-ef1b90e8c30d,29.0,58410.0,14.0,0.0
be154028-8995-4a2b-adbe-8c48378d5f5d,46.0,107734.0,37.0,1.0
af09c800-eb9c-48b0-830d-30abe9f1f7fd,34.0,93766.0,17.0,0.0
67eaf7d6-05e0-4814-afbc-ecbbcd6e7ea5,24.0,124890.0,22.0,0.0
4242ddee-0b71-4121-91a3-24f140cb33ed,30.0,146406.0,28.0,0.0
c9654928-8dd1-4862-b3fb-9666a01647ff,19.0,37169.0,21.0,1.0
325a6406-f842-49f5-b5d8-ce9f43398639,21.0,70129.0,23.0,1.0
7a4be114-71b5-4dbe-aeff-c550e494c257,27.0,127445.0,12.0,0.0
cdb07474-7aeb-468e-8026-b860848a58be,56.0,33830.0,32.0,0.0
9c50eb04-13b9-4a10-a3db-cc329ac2fba1,41.0,86306.0,21.0,1.0
d6eebcf2-4d60-466b-8062-a970c17372a0,34.0,116940.0,34.0,1.0
62ff0f7d-2bce-4ee2-8a8c-4ba1a93dd612,23.0,95267.0,16.0,0.0
6138e2e8-4a5e-4a91-a788-47e8e0fc541a,36.0,57757.0,21.0,1.0
9d85117e-15b9-4124-b3ec-388222207b25,22.0,93867.0,4.0,1.0
4f5c5fb2-3a87-416f-8421-bcc095a7bf05,49.0,65650.0,24.0,0.0
ab2b3fd3-86fd-4fa0-a534-fb2479fcd14d,27.0,63766.0,5.0,0.0
7b740177-8ee9-476b-b4bd-6203635aad57,26.0,111478.0,16.0,1.0
9c10c5a9-0a80-4eef-8492-6bfb05539afa,44.0,62419.0,30.0,1.0
f819f02e-b754-40c2-ae78-f919a33e89ee,30.0,46668.0,16.0,0.0
88c41009-6c6e-48a7-89be-727a67716215,36.0,46246.0,32.0,1.0
b5ff830f-0dfd-4a1e-8f5d-b1130385f10f,38.0,54996.0,38.0,0.0
dfece314-de17-43f6-bc45-bc5f603f1edc,41.0,81312.0,36.0,0.0
5c8e061f-2867-4707-9e5f-fadd708717f7,55.0,33065.0,3.0,1.0
8605b5c8-8331-4519-8890-c53cee318462,21.0,40467.0,13.0,0.0
f374eb16-116a-4c30-95f0-0ae445c0232f,41.0,80646.0,12.0,0.0
1aafbdaa-7872-4415-bd22-34fc3c4fdf61,52.0,140380.0,26.0,0.0
4722fd1c-284e-4f4e-891c-bba2b6cffcdc,20.0,51007.0,23.0,0.0
e348eae2-c012-4d87-b580-3983c6bff65e,21.0,98079.0,26.0,0.0
1150658d-876c-40f4-8ddb-57920c4119f6,54.0,58702.0,7.0,1.0
d2b645d1-53c6-425a-8d40-f628da194d4a,57.0,124369.0,38.0,0.0
420c3e91-55d1-4430-9b3a-e3d8cf166c5b,52.0,105569.0,20.0,0.0
496a1808-c114-4cad-84d4-c42cdc467d83,48.0,83952.0,10.0,0.0
b83380ed-22c9-4941-a350-8a004db5533d,42.0,88065.0,30.0,1.0
f984da9f-da99-451e-8db2-fad9e789fe0f,57.0,64169.0,26.0,0.0
71ed5aa8-12f4-4dfe-b8c5-9841fb43a842,30.0,46829.0,26.0,0.0
3381d312-fa20-451c-8903-f9b6c39d1164,21.0,90135.0,7.0,0.0
2603cd85-f04e-419b-a2e8-967da838e441,31.0,34522.0,32.0,0.0
5d52b50f-d746-43e0-b536-896f8ffab027,30.0,115687.0,11.0,1.0
7fec2b7d-d6d4-4bb6-90b1-04a7ce9d2443,44.0,65319.0,34.0,1.0
1d8480c2-7794-4bab-aa34-adedaa136f61,23.0,56543.0,33.0,0.0
b27207b6-62dc-4ec3-a475-f1e606798dc2,34.0,148576.0,15.0,1.0
a03ac670-9ddd-49f2-9274-9e50b474c936,53.0,133120.0,35.0,1.0
3e083b9a-f822-4f3a-9fc5-7ba544daafe9,57.0,147419.0,1.0,1.0
e264a8bf-74d8-400c-94b4-29b8a4ec9e0c,52.0,60473.0,11.0,0.0
58ceec18-6b16-40de-8170-4d215ae26d2e,34.0,37699.0,26.0,0.0
0d84e284-8d0c-466b-b99c-c79734aef398,58.0,98165.0,16.0,0.0
3314a8b1-a419-4028-80f1-ad0301110ae5,19.0,70455.0,19.0,0.0
7413168e-64c0-4766-ad7d-a1e2d068ddff,30.0,105692.0,20.0,0.0
de8f37c8-c5fd-40fd-a93b-a946321c1cd8,19.0,47441.0,29.0,0.0
59533787-f89e-4856-9788-f88ee5b43b2b,45.0,60716.0,19.0,1.0
e17b0d02-bfc5-40ca-91a7-d77dc8e9139b,43.0,92175.0,7.0,1.0
3779a25c-d25c-4935-86fc-cfc64ac33e65,39.0,36834.0,17.0,1.0
e922d74d-7304-4002-8f8f-d9bea0b3e69b,20.0,48179.0,17.0,1.0
6d26b962-6883-4601-8bc2-f90c38a7d0db,52.0,56219.0,17.0,1.0
7fb113ba-9a3b-4799-a67e-4226c3cf0c46,29.0,133153.0,1.0,0.0
0f71e6ee-9654-4ec9-a2e3-33e95851065e,41.0,45782.0,11.0,0.0
d2d878c1-9526-43ea-8670-b29291b86fad,22.0,111363.0,31.0,1.0
c6bf768a-dc46-4016-8ea5-fab62f6d28fb,37.0,104967.0,7.0,0.0
bab87695-0c20-45ef-bb42-3f1e72bcce7a,56.0,132454.0,9.0,0.0
ce322a13-f3d1-4b85-9aa4-bbe732b26228,56.0,139593.0,10.0,0.0
4f0f8e81-ca4b-4baf-a034-0d74055a3973,30.0,39496.0,13.0,0.0
b605f7d8-56f0-4c01-8623-0548bfc257d1,58.0,118867.0,25.0,0.0
89a89292-7a50-4f2e-97f6-afd83c7d033d,29.0,69238.0,29.0,1.0
01e5e05d-a9a2-4cfc-9b07-f39ebe0f2c4c,30.0,76025.0,3.0,1.0
d621589a-cccc-4b92-b423-febced866bee,27.0,89886.0,38.0,1.0
d63b24c8-13c1-4691-93b1-c99d305f5c77,50.0,53563.0,10.0,0.0
640bad8a-dc3a-4ba7-ba45-4d9a99b91395,57.0,33712.0,23.0,0.0
dc1b58a7-9dcb-4a98-b9f4-c98c287ddf2c,33.0,124067.0,21.0,0.0
503e6ce1-c711-47b9-a3b0-dc5c8c755c33,52.0,75489.0,2.0,0.0
6fd47b6e-560f-4c2a-b270-52269ca23ad5,20.0,62664.0,36.0,1.0
2febc4bd-8735-4e14-8861-c60f07ced5dd,22.0,140799.0,1.0,0.0
6a84ecd0-aa30-4d22-83c1-b5ee3ab5fe7f,43.0,42420.0,11.0,1.0
d49e5697-0e93-4ee7-a00b-51d77e3ed7d2,28.0,84610.0,20.0,1.0
5961c225-f59f-4e60-85dc-0b7b6b53618f,24.0,35315.0,4.0,1.0
03510d8a-1fc8-4cee-a40d-eb68a4f21fb0,27.0,100917.0,6.0,1.0
e391ce28-595c-446e-a130-a2c172bd35a3,59.0,105033.0,3.0,0.0
02bec4fa-8320-426a-a9a6-396334401168,51.0,124576.0,35.0,0.0
2e2b1161-931f-431e-8e0a-ed1b547fe18e,20.0,147862.0,21.0,1.0
1c02f824-c09c-4056-a234-a52f10beb5e9,25.0,127911.0,28.0,0.0
65aed628-0ff0-49b2-b444-c3f7098ebf83,48.0,109030.0,8.0,0.0
ba610dd6-0df9-4815-8e75-b35c3c478bd7,28.0,93910.0,25.0,0.0
92e9df59-d3db-404e-a0d3-8c625651b738,24.0,127288.0,11.0,1.0
b5a7bc2e-afb2-4742-8910-473666feb4fe,19.0,90972.0,0.0,1.0
d51dfa7e-1651-4575-96c2-43ddb93bfc60,23.0,120893.0,7.0,1.0
8e306248-93ec-45f3-a631-c021a9180111,58.0,85919.0,32.0,1.0
bfee2969-5ef8-4f5f-bbd8-5ea1b6af4aac,49.0,112486.0,3.0,1.0
e925c433-d912-438d-9e28-b5442a76d9bd,37.0,111288.0,13.0,1.0
7518533f-75f6-4363-9c4b-8c826c2eeef1,51.0,132926.0,28.0,1.0
160aca9a-507b-4fcb-ad1e-1d6325aa62a1,33.0,34132.0,13.0,0.0
63f8378a-dda6-4d9d-b885-4e3f21a4b55c,42.0,71598.0,8.0,1.0
6190f517-e268-4e2b-9f38-e54a6e21c799,29.0,123812.0,8.0,0.0
a0c568a4-0895-4138-82cf-d7a9492e95ba,24.0,135299.0,25.0,1.0
1c213749-73aa-4824-849a-8efbfb53f013,56.0,50551.0,16.0,0.0
b1001bfd-d61b-4728-a1cb-e90bb265eb80,34.0,122511.0,3.0,0.0
4974c288-8869-4aef-9e40-ebf03857a0db,28.0,98206.0,2.0,0.0
2c6b6372-eeab-4c40-9307-b27ede678fc9,23.0,104900.0,28.0,0.0
7b2f4c82-c7da-4ae9-9339-6c1e036d11b2,40.0,56296.0,24.0,1.0
f0c30779-62f2-43bf-bbaf-3228c956b00d,44.0,120216.0,20.0,1.0
8b750b94-5284-4be8-ab33-913ecbcdd5f1,23.0,48066.0,11.0,1.0
da54f2de-f46a-4033-b506-ffe81bff67bc,55.0,58892.0,0.0,1.0
d6177474-0d1b-4594-9a4d-02e4b504ae51,19.0,105577.0,0.0,1.0
9e168fed-3c78-4f4f-bc10-df2a766c8e60,39.0,104590.0,6.0,1.0
cae567f0-49db-4e6b-8765-029b51a2bb9b,37.0,107173.0,9.0,1.0
6727298a-db73-4134-bd97-ca1d15aab9d1,42.0,106293.0,14.0,1.0
0e1cbd5e-a83c-481a-a27e-9afc6dcd06d2,32.0,94771.0,39.0,1.0
b602b8e2-334d-43a4-82d9-d2b153c9efea,46.0,136794.0,10.0,1.0
de947c92-844e-485a-92c9-08bdf097ccb2,25.0,57484.0,22.0,1.0
e51bf5f3-58d0-4550-abe4-e416f44d0497,54.0,107865.0,12.0,0.0
3fbf6828-ff28-4f6a-99e5-7fb5f349dad1,50.0,129074.0,26.0,0.0
b23a6f33-19f6-41f4-8869-6bdba138ed50,39.0,57115.0,16.0,0.0
04f1f9ba-3e65-428e-ae95-6e194e835e3a,22.0,56038.0,12.0,0.0
ce972bc3-2902-450f-811b-858333825358,56.0,66622.0,11.0,0.0
68bcf773-4ed9-40f7-8ab4-face8d764fe1,35.0,65886.0,28.0,1.0
64187176-25b4-4b0e-8873-2c98d41bd6a9,55.0,81284.0,20.0,1.0
f34f1f78-90e1-4f80-914f-f3386f464770,54.0,39901.0,19.0,0.0
fcd03f7c-f0f6-4d7d-9139-725c42c26452,47.0,86377.0,19.0,1.0
de2224eb-6a7b-4f66-b041-0ad56ec52840,48.0,112910.0,30.0,0.0
0b7b07dc-7315-43e1-966f-6cf5e2a773a0,27.0,79862.0,7.0,1.0
5d33a928-1771-47f9-9eda-74c1979679c4,32.0,148992.0,23.0,1.0
e75c84b4-437c-4f0b-9037-6fbdb73edae8,59.0,141826.0,10.0,0.0
47d145b6-9840-4c70-a2e7-4f5780dab2d7,35.0,62806.0,38.0,0.0
912b6a3f-0217-44d3-89ae-004cb1944b67,40.0,47659.0,32.0,0.0
fc9da31c-8db6-4e00-9884-4315c0616827,50.0,144306.0,14.0,1.0
cdc518c2-d92e-4cee-ad29-200b0456e2b7,33.0,53453.0,3.0,0.0
b3fd5417-8bc9-4ccb-b735-7e3cf5452813,55.0,60498.0,0.0,1.0
3b5cc952-70c9-42a8-9b43-aa5d2640d833,52.0,100393.0,31.0,1.0
3c2d2215-ddb1-42cc-b7cd-61111668f367,51.0,46312.0,10.0,1.0
658f41e5-2349-4caf-a71e-fb31fe58065f,45.0,31436.0,29.0,1.0
22021371-ca86-4165-9439-42de9ad3b3bb,19.0,57569.0,36.0,0.0
fda47aca-fe3e-4c00-a5fd-12d4d3cd11b5,47.0,88813.0,18.0,0.0
664aab5d-c8c1-4948-b879-6f486ae63b29,30.0,146787.0,35.0,0.0
2dc2de97-1ca2-4eb6-8301-38fcc24c7d13,58.0,120485.0,33.0,0.0
7a44ad31-35e6-474d-b261-d281e6cc9019,33.0,103229.0,6.0,1.0
1cbc6d8f-09aa-413f-b5c0-293a72e96e80,22.0,75986.0,19.0,0.0
83583785-9b93-4764-9ffe-d072ad1b6c8d,45.0,132555.0,11.0,0.0
e7b7c734-5314-432a-b027-88cc74f95c9e,56.0,83177.0,31.0,0.0
8912a350-8c89-49c9-b518-3172e619ba9d,37.0,39305.0,1.0,0.0
f345c1c6-b65d-49fb-983b-e74127846ac7,41.0,62646.0,21.0,1.0
d3bfb3e1-d144-45a2-b81f-0708ed1d57d4,44.0,122838.0,39.0,1.0
fe801549-28cb-43cb-934a-5548a0537cb2,47.0,106126.0,23.0,1.0
0e5f8b7b-c1d0-4902-a79f-c471e1f79940,44.0,147922.0,30.0,1.0
fda0e6d8-ee6e-41f7-ad3d-a93b9c8ce07f,43.0,70430.0,3.0,0.0
bcfb8e81-0bea-4cd4-a293-e8bdabe7f118,24.0,98659.0,23.0,1.0
8c27f8df-f2d4-4159-87b7-8d41dd5fbe29,59.0,145341.0,16.0,0.0
b687e9fc-5d54-43a6-a645-edb9e07b085c,55.0,34158.0,39.0,0.0
6d47bbb2-44c8-48e7-ab9a-1ba53f9bca77,22.0,104236.0,18.0,0.0
e952bbfa-17ad-4dcc-89e6-070df4358062,40.0,106067.0,39.0,0.0
b90eb2e7-fb21-4770-87bc-589bc7ee1715,45.0,57738.0,37.0,1.0
ff4b5e41-4908-48e7-a358-2d5c988993e2,51.0,39879.0,33.0,1.0
25a08703-d947-4882-813a-eae969d58d2c,32.0,35543.0,32.0,0.0
52c3b0e4-b629-4105-8cb8-3f83154e18bc,49.0,142284.0,5.0,1.0
da47b907-ff6f-4adf-964d-546a44b3ea09,43.0,77924.0,35.0,1.0
1fbb58df-a891-4b82-97a0-141181d41ed8,48.0,72348.0,12.0,0.0
b09877b3-813f-4fd2-bd46-c3c283eeee5b,36.0,114117.0,8.0,0.0
04b11428-806a-44ef-9809-2ce5133dbae4,26.0,66679.0,34.0,1.0
c25ec39b-6b2e-4326-b8e2-b65196c4aae2,46.0,109118.0,33.0,0.0
18b06a42-30ba-4f25-8178-29729b90a835,56.0,73888.0,15.0,1.0
b6466981-e706-4202-a57a-d3332dd09d0c,21.0,60276.0,17.0,0.0
4946a8cc-c66b-417c-9579-6f7f63adfa48,20.0,133539.0,17.0,0.0
ce32b1fc-fff8-4dba-921e-66930774877e,46.0,34799.0,37.0,0.0
fb9d5340-b085-48a6-822c-6e05b608a2db,28.0,120627.0,31.0,0.0
b6511b49-9c9a-467d-ac4f-672776d00e8f,50.0,123770.0,6.0,1.0
f7c08253-2ce7-4732-9daf-d2936ec6a004,55.0,142529.0,22.0,1.0
0ae81ac2-2bde-48ef-b35a-3a0df6823b87,28.0,120141.0,22.0,1.0
fe9a18e4-9f9d-4628-b5f9-2d7effc839bb,44.0,90558.0,17.0,1.0
4cbd3828-93c3-4a0f-8f2e-e42f583800e9,50.0,145013.0,6.0,0.0
b22202e7-b5ed-485f-a22b-a7b1088baca1,38.0,66534.0,39.0,0.0
0e9630c2-a051-4baf-9e97-2acb2d749b0f,56.0,61668.0,23.0,1.0
310da712-616e-4738-977b-d9ca8814447a,48.0,34111.0,13.0,1.0
013498a6-508d-4133-b0f5-246a7b6a0f2a,55.0,54686.0,4.0,1.0
33cfb917-f341-4ddc-ab4d-a16fedc696f6,19.0,102551.0,21.0,1.0
f14c0455-4e86-4f30-8497-3806c46d84be,44.0,102392.0,21.0,1.0
a19a7d44-5d82-4de3-84e1-36e7a54d4763,53.0,46490.0,9.0,0.0
14256a5c-1eea-40f9-86de-5ea79c01b731,28.0,65194.0,25.0,1.0
37b13113-9561-4b36-a852-7139725d8bf8,35.0,44497.0,14.0,1.0
8c67a266-f244-434b-89b6-b88335c3313f,18.0,149066.0,37.0,0.0
659c6d91-ba2b-4815-b87a-6c2363308b18,52.0,83516.0,0.0,0.0
f8a29676-a86d-4675-91c6-b7066fbcc432,52.0,147219.0,13.0,1.0
efc8c8c0-c8e5-48f9-b399-aba2e4ac38dd,48.0,118730.0,35.0,1.0
2909d323-0af2-4d32-9bc6-7eb80f11e671,45.0,74104.0,30.0,1.0
792de7d8-e7c2-404d-ac5d-79adda2a4bd3,56.0,35316.0,27.0,0.0
29c00571-e064-40af-8fca-b13739f2dbc0,18.0,68130.0,33.0,1.0
047efe92-252e-4855-a644-ad150d0eb763,42.0,100229.0,34.0,1.0
1139bf77-4295-4d56-8f54-ba1afa8cf2a0,55.0,137294.0,38.0,0.0
6e999515-4419-4ab4-9df2-7fd19801b5df,37.0,59954.0,22.0,0.0
1e260bee-f17e-4d02-9d00-22a1b7bd312a,20.0,143437.0,18.0,0.0
b225213e-752b-4fbd-b4e3-8cd59cba9a6e,19.0,51652.0,17.0,0.0
410bb344-3df9-4e82-a522-fd9e5f148294,35.0,44178.0,14.0,1.0
9b71996b-5504-4cd0-9688-4925d44a5d73,27.0,138933.0,0.0,0.0
05750f55-5f46-4267-9e2b-91623733db24,22.0,81163.0,24.0,0.0
f57c7205-17b2-4458-aa4f-f193eb0fe840,26.0,44751.0,25.0,0.0
3558669a-a209-4383-9411-100669416ae4,19.0,95961.0,34.0,1.0
311366ef-537c-4388-8b48-e56f8e3fa9d8,51.0,33044.0,14.0,0.0
7d9eb722-5ce4-4f2a-afce-685484e654e2,55.0,93165.0,3.0,1.0
f1cccc2c-40a8-416e-9f1b-4fe336725b69,48.0,41480.0,14.0,0.0
83133a8a-a9ce-41f9-b5ca-3ab8435c3beb,27.0,95439.0,37.0,1.0
f52db5e5-1444-40e2-96c5-66b0627c996c,29.0,73874.0,38.0,1.0
fe604d63-3cfc-4a04-8410-2a59e336aad4,53.0,134533.0,0.0,1.0
0607bc99-b9a0-42ae-a533-5c163b565e0c,38.0,96775.0,21.0,0.0
2ab1adcc-8adf-44bb-8fb6-487bdfa358ac,23.0,36566.0,10.0,1.0
aa4aee2a-0c9c-4c58-879d-c0a5e3828719,20.0,115311.0,37.0,0.0
b21fbf17-2e75-4cc6-a20c-7f860692af68,27.0,132517.0,36.0,0.0
34fd5a5c-e1f2-4f9f-b7cb-b402f525ac74,22.0,83149.0,25.0,1.0
860ef1c8-5b9c-4864-8699-7cfd96aa8bd0,43.0,33006.0,26.0,0.0
85b7d840-51f0-4f1f-b705-3f9c00985464,38.0,102561.0,12.0,1.0
9074c3c7-b581-416b-80db-345c30c9eb7c,43.0,49423.0,6.0,0.0
e5e694dd-e92e-449c-9fa8-2f146e18fab6,55.0,134862.0,7.0,1.0
b96cd000-c897-401f-9884-fdbcc8050072,43.0,120710.0,22.0,0.0
b0b4f389-fe58-4cd1-8b01-db85f4243bb7,25.0,122199.0,25.0,1.0
6e2a521f-6eee-4158-a366-7ddf9fe4db7d,22.0,63952.0,26.0,0.0
209d177f-bbbd-4703-b41a-6a304c6cb0a7,32.0,57326.0,8.0,0.0
28d675ae-4c70-4ba1-b83b-4e6d6e8050bc,33.0,147272.0,37.0,1.0
b7f88ec5-bc7b-4719-83cc-5d9b2d7fc987,18.0,61139.0,12.0,0.0
6a55c23a-2d5f-4ac1-b7e2-7e3b72ca516d,33.0,92103.0,6.0,0.0
7897ed36-518e-41b4-b1a6-cebe9fda4cdc,54.0,142734.0,10.0,1.0
09901f98-665f-4721-95c3-bae785e0b142,20.0,90857.0,9.0,1.0
301c5096-84dc-4da9-9946-73280d37b67e,48.0,103638.0,32.0,1.0
71ac7a94-78f3-4206-bd8e-90ed55b92ea7,30.0,142173.0,38.0,1.0
b2809669-0e4e-4a7f-a9e2-2c810ea102b0,33.0,102652.0,2.0,1.0
28f6a175-eb04-4fe7-9a33-9ea095601161,38.0,42937.0,28.0,0.0
c6e046ad-59f3-4b36-b82d-7591ea2c6ddd,19.0,60161.0,36.0,1.0
4e462374-9eb0-467c-a5de-83647016cd7c,44.0,34383.0,15.0,0.0
27cdbf9c-a8b5-4a09-9d7d-39bdcbb66461,55.0,115856.0,15.0,0.0
7531c881-10d6-4bd7-85b6-30059f389486,43.0,146387.0,6.0,0.0
0a9ace3d-052a-4a65-ad60-18c4c24f70b0,55.0,100043.0,14.0,0.0
99c7e0de-ffa0-4578-b55c-03b0f28090cb,42.0,44735.0,37.0,0.0
95acdc1f-04b6-4ae2-9f0c-f3b1457be7c7,28.0,89919.0,5.0,1.0
bdf7077c-ed09-4344-af1b-5bd27142c65c,25.0,125249.0,17.0,1.0
f89e2e02-6ee4-4dfb-8a36-30d0361fa06e,25.0,112055.0,18.0,1.0
db392938-93e6-4d31-b6ad-9c6181b6ec20,50.0,97561.0,1.0,1.0
b200fc98-2691-4f3c-914c-57d8801c3f27,24.0,115455.0,2.0,1.0
ea2594bf-fb14-436d-8857-48a6f5ed7c2b,55.0,67622.0,24.0,1.0
d73c5ec1-588a-49f0-a989-b840819daec9,38.0,68135.0,35.0,0.0
cb30db59-cb3c-431c-b166-87922bfdf31e,25.0,65658.0,27.0,1.0
9a3eaeba-3eeb-4052-afac-d879f9f84e33,38.0,114677.0,37.0,1.0
73bd9ae3-ea64-4d75-b7af-f566ae6b2b94,37.0,59696.0,27.0,1.0
81fd99d8-b88a-4741-a240-a1daf0c3ecf6,25.0,33773.0,31.0,1.0
927089dd-c9ff-4876-a1a5-6756eead1557,48.0,54956.0,35.0,1.0
928ca218-2fbc-479f-bfd9-cd5a7d0423cd,46.0,45819.0,38.0,0.0
2d6d8198-e9e3-477f-9026-b6e57cd37c68,26.0,31528.0,35.0,0.0
99c17733-5cc8-4d72-90ca-84aa3237ade1,32.0,116491.0,22.0,0.0
794a1ed1-1612-4c62-bc9b-4aa6bc65c363,47.0,74588.0,1.0,1.0
a082b1bf-233f-4aec-b906-e7680e62fb8d,43.0,100585.0,9.0,1.0
4246ade7-a674-4aab-81ca-d573f43b3297,27.0,129152.0,5.0,1.0
430ff2e3-7d46-4076-a98c-7f67aa0c7a25,46.0,50511.0,7.0,0.0
7efb38b3-22ac-40a5-8c6e-08ae69c86f68,33.0,40119.0,14.0,0.0
497b1c9a-b2c3-4fdc-a926-c1d57ec0579b,53.0,105893.0,28.0,1.0
6b3c4217-fbac-4142-aaa8-e237dcbdc654,37.0,46167.0,27.0,1.0
48fb7120-a0fc-4972-b5aa-377d1aec1314,54.0,86503.0,21.0,0.0
f75fe3cd-160f-4d71-ba74-e797dbb15aaa,39.0,140782.0,33.0,0.0
25308e0c-8f8d-43dd-a785-78757acc2672,24.0,117789.0,19.0,0.0
f1ebfa4a-389c-40ba-9660-054993a6cba3,40.0,64889.0,32.0,1.0
6349b7f8-56f5-434e-b6bc-60d2e2a047e9,58.0,75678.0,14.0,0.0
e1b0695a-966b-4ee7-8fbd-0f30a651e06a,57.0,125334.0,6.0,1.0
951c171c-3398-490d-8811-e55efec6c8fe,46.0,90262.0,23.0,1.0
7525a110-d1dc-4122-b593-8fe384099fe5,33.0,34681.0,25.0,1.0
6a07b1cb-f9ed-4f4e-9d4f-35577231c585,55.0,110291.0,9.0,0.0
ded44657-0e25-4788-8d49-706f6caa18ea,45.0,96008.0,14.0,0.0
570e90ec-dbea-42ca-96c7-7273ec51a9d2,55.0,146475.0,36.0,0.0
9a150ebd-6b8f-43d8-aa72-9bd99934f7b7,48.0,128417.0,23.0,0.0
9454d2fe-4cc7-435e-93c1-1ed5cd636845,31.0,43690.0,10.0,1.0
243009d0-8300-4792-b4c1-06c0dfa2d7ea,50.0,55912.0,39.0,1.0
8c0e10fd-b0c1-4c7c-9992-780b6f71928c,26.0,36473.0,20.0,1.0
2a107337-d3ff-4522-96dd-f357aff1a944,44.0,71298.0,39.0,1.0
b015038c-bba0-4bcc-a506-15a29f4090b4,41.0,48669.0,37.0,0.0
936457c8-9e5d-4d48-a2da-19af52107492,30.0,129500.0,14.0,1.0
1c1ee032-62f6-4aea-a0d2-b1e922026461,43.0,111998.0,14.0,0.0
39024655-680f-4ba4-a0d6-20ef52d5d256,46.0,50943.0,36.0,1.0
d4cd17c2-fb8e-4b27-904e-67ae52f01366,45.0,68785.0,13.0,0.0
15a48642-9475-41f2-a3fe-704b2ec85e4e,45.0,130956.0,20.0,1.0
069611e4-e38c-42d7-8e9d-6b16380cdd58,25.0,93427.0,19.0,1.0
d438a8cd-8e3f-4a97-9614-cf35761e2d90,40.0,92001.0,32.0,0.0
4d9e1e71-b900-4105-b74b-0b4c939d1cfb,46.0,91724.0,2.0,1.0
5343c0f5-a407-4fe2-b21e-b96b9fcc088d,22.0,149006.0,39.0,0.0
06a5fd60-bf8b-497f-a026-7860b5553206,59.0,40832.0,22.0,1.0
3f16abfa-f0c1-4850-b3e2-d9bf33e079fc,24.0,35385.0,22.0,0.0
de65240d-b9c9-4b14-ba1d-1860fd7f23b5,59.0,125898.0,26.0,0.0
6aeac123-edce-4a54-8202-d53ff955cd12,53.0,44708.0,34.0,0.0
eb9992d6-569f-4c84-8fb2-63e1f4976443,58.0,88600.0,24.0,0.0
0c08d60d-1a4c-483f-be6a-72d8bc81662a,44.0,53438.0,31.0,1.0
2de78d66-7b35-4337-8298-22b910ac3a26,19.0,112747.0,21.0,0.0
96fdeebe-0834-4427-9c26-0fad17d5cbcf,42.0,110107.0,7.0,0.0
9372ed8d-fabe-4ce0-afa0-1f5b45ef0815,26.0,90062.0,37.0,0.0
f2cbfdea-80a6-4c18-9851-5e69c40e0454,44.0,95428.0,17.0,0.0
5ba3e6f4-f9d3-4720-92c7-a228ccea3a82,18.0,116843.0,27.0,1.0
1b05eec6-093d-4857-b460-987b247dc812,40.0,41002.0,27.0,0.0
62fc8887-b8ac-4a1c-85d1-128237576b6b,27.0,66153.0,10.0,1.0
1c8f839a-424f-475f-baed-020545384848,59.0,52440.0,11.0,1.0
d775abfe-71c4-40dc-a5e8-b941f9a8f693,42.0,97501.0,1.0,0.0
f6691212-790b-435e-abde-2b2a22736947,20.0,62556.0,36.0,0.0
821b9e39-03ec-4e42-891a-bcf26100c3bc,23.0,97963.0,3.0,0.0
7b318c60-50f8-4377-9e2d-5187fc28c033,23.0,131145.0,33.0,0.0
6a2360cc-81df-4f84-90c4-5bf942cc1a39,19.0,120725.0,22.0,1.0
4cbefe98-6875-4dc0-946c-e0c1475d54f6,35.0,120674.0,12.0,1.0
dd972506-c090-4f4b-9b5c-91281ff4427a,40.0,36563.0,6.0,0.0
aaefd850-bcfe-40e9-9b6f-b7fda8f0167b,19.0,109923.0,31.0,0.0
85eaa814-1bc1-4052-8f49-40bdd6b86658,29.0,35840.0,22.0,1.0
a5b800cf-b807-4ee4-9832-e192e883aa36,39.0,45154.0,7.0,1.0
84ea9417-a5bb-4192-8280-6be437c73cfb,54.0,54194.0,36.0,0.0
9af9195a-dc40-4312-b2a3-c68edb33b24f,37.0,95020.0,33.0,0.0
b356077d-ed02-4e3a-88b1-b4964edb4241,56.0,76861.0,28.0,0.0
2d418e55-adb3-40c0-b8d9-4b21174c6c36,41.0,52448.0,36.0,0.0
4c7536b0-d206-453f-a5df-a0b152a74d6d,37.0,126460.0,22.0,0.0
7fc1cc4d-8993-4564-b3b3-a2981f2ae933,18.0,53528.0,37.0,0.0
58be1387-50fb-4360-9a48-9b34b77967fc,18.0,59402.0,28.0,1.0
e2c7f5bf-bc2b-4275-abc0-7dc129b531ee,34.0,34352.0,4.0,1.0
e2e56209-c2b6-45a2-97e7-f8d163f9e2ce,18.0,30184.0,39.0,1.0
852f7a88-63c9-4c6f-89cf-58ca003b4f53,47.0,40384.0,10.0,1.0
587cedcc-202a-4761-adcf-2020d42ce823,58.0,44319.0,13.0,0.0
044cf3d8-5c17-4776-a1c9-4c02d2fd3c8d,20.0,50449.0,1.0,0.0
f6efaee0-0696-436a-92c3-ff9f161d7020,28.0,86333.0,34.0,1.0
dfb3fd30-6f28-45c4-9a5b-9ad715be1f3e,41.0,71205.0,34.0,0.0
b21b3dea-07da-44ef-a088-1a84d14cdfa5,39.0,40426.0,27.0,0.0
9ae1fb3e-50f7-4849-93f2-d56ae0e01376,43.0,37504.0,7.0,0.0
e0716402-e1de-40ac-8197-8858c2e7da8e,30.0,86578.0,31.0,1.0
cbfbf55b-9c56-466a-90d8-00e75fc7081f,18.0,88209.0,3.0,1.0
2a3967a2-0b8b-4ee7-a714-10b7cd1aa4c1,41.0,146775.0,6.0,1.0
1a26f1dc-9087-4c70-acca-487fa69254a0,27.0,63368.0,38.0,1.0
e7f8af22-5cb7-47a9-8e54-71928d60fc49,52.0,136108.0,26.0,1.0
d5f05730-34b2-49c7-8728-3376dd4ec9ea,41.0,141553.0,36.0,1.0
c1747ec0-5ee6-4009-967a-49f62f0667d5,45.0,133841.0,16.0,1.0
1c14a784-a5c1-4de4-a1d7-a4207c32d72d,53.0,82185.0,9.0,0.0
72c08963-b065-464d-842d-6c14847cffd8,33.0,127630.0,3.0,1.0
19fc476b-8e33-4011-9add-4ae99f8048c2,57.0,146744.0,22.0,0.0
f744df2f-ef13-4cfb-805d-616b1662ac2e,33.0,110221.0,13.0,0.0
dd7a1b6e-411c-4de2-9c71-08d369f646ef,34.0,38724.0,4.0,1.0
a47278c8-79f6-41fb-bc83-83dd70800c33,32.0,35084.0,1.0,0.0
759001e0-2010-4c67-af43-cb60cc41ead6,33.0,64810.0,23.0,0.0
4e37eaa5-9b4f-4154-981f-89bfb046dbd7,32.0,112277.0,17.0,1.0
f8145cf2-47f9-4ccc-9405-74a3f318d20f,51.0,112297.0,26.0,0.0
c65d7342-5362-41b0-a6f7-c59e18583c7f,28.0,108872.0,23.0,1.0
8e80ac4b-1d7c-419a-815f-d09c79030589,18.0,50872.0,28.0,0.0
8f97e119-014d-4252-aacf-323ddb886c71,32.0,108950.0,10.0,0.0
39cbce27-1c9f-4623-b43a-802a141de4b2,43.0,100333.0,17.0,0.0
23ecf44b-8528-46ce-8ee3-aad6cf65906c,21.0,98843.0,3.0,0.0
9fd73363-9ac0-4640-b173-d6c1e146348a,22.0,142025.0,32.0,1.0
e972c221-d4aa-4b9b-b9ba-065ca103afc6,52.0,128104.0,13.0,1.0
46024697-1f9c-48c2-9314-ea1a961881d0,30.0,32596.0,31.0,1.0
d2ac8d63-e616-471c-9495-85338feb63c7,27.0,47167.0,3.0,0.0
8d8afe02-0491-457d-9242-9fb1e42cfd7f,28.0,117844.0,19.0,0.0
cb8651c0-7b5b-4f18-8008-76eed11bb044,35.0,147067.0,20.0,0.0
0d07e5db-8af2-41b0-a233-0a8254197f11,51.0,119751.0,2.0,0.0
0509f5ba-f008-414e-acb5-244b262c8dca,56.0,107331.0,24.0,1.0
4430c629-9eca-4123-af75-3181b1178baf,58.0,110520.0,3.0,0.0
39984750-8f33-4a27-9c26-ca8cd2ec2093,59.0,88326.0,10.0,1.0
96785f66-b4c1-45f4-bffd-50efd0db1212,40.0,107670.0,15.0,0.0
63183005-6b45-45f8-aa3c-8fb56beb8b81,24.0,40782.0,35.0,0.0
36052203-6422-49c2-a6eb-00c24c3ea281,56.0,72002.0,5.0,1.0
bf0c6c4d-5346-46d3-bc93-36497cfb8466,20.0,117187.0,30.0,1.0
e0e083e8-2e73-4349-b700-a59756fc3c7e,29.0,54022.0,39.0,1.0
6e5c6a53-e5aa-4e12-9e65-2ef031c0ae78,24.0,114458.0,12.0,1.0
2f491d7a-3354-4cc5-b850-7a8a45b8add6,43.0,44618.0,22.0,0.0
b0c31160-7990-438f-84bc-83eeb85706c4,50.0,47245.0,3.0,1.0
7f74f2a2-54b1-4071-9586-224c3ca949bf,54.0,113796.0,36.0,1.0
b5337edd-228a-4b05-b603-2b87f4786f38,32.0,40027.0,36.0,0.0
c1e3b7a1-460f-41bb-a2a9-878c49478901,19.0,43986.0,32.0,0.0
b77ce2eb-b346-4fde-abd6-21e44b367dfa,58.0,140704.0,28.0,0.0
180f7728-f2b5-45cd-b95f-3bd1a52831ba,24.0,33526.0,36.0,0.0
5e8c7fb8-56e4-478d-a62f-63475ba62fc8,49.0,121797.0,18.0,1.0
0ca68f5b-e02e-4083-a307-13a34950735a,21.0,74361.0,19.0,1.0
cff3df04-249e-4c2c-a9e5-ec30081c4d14,37.0,97158.0,31.0,0.0
b3ccb5dd-d4eb-4d39-9a6e-65bcd8af374f,53.0,68286.0,15.0,1.0
2c32b2ad-187f-4153-898c-31ed58e22897,49.0,59533.0,4.0,1.0
cda51d17-73c2-4c28-8473-01d630232a63,45.0,130961.0,11.0,0.0
5f911f61-f108-4dda-832b-99251bd7f97e,30.0,48316.0,20.0,1.0
4779fbee-aecf-4556-8b41-da68ecf5dd68,18.0,38699.0,13.0,1.0
306b06eb-539c-4836-a811-eb990266d2d8,52.0,109491.0,36.0,0.0
60480c28-8a81-4177-9cdb-571b15d108c7,47.0,127079.0,21.0,1.0
09094885-a153-490a-acec-59195d35e68e,53.0,148166.0,29.0,1.0
6e304f14-8f25-418a-80c6-17af4e806327,42.0,130960.0,22.0,0.0
28594f39-0f41-4223-a9d9-63a5c9777fb9,33.0,88465.0,4.0,1.0
fe675a6f-3fe2-413a-9260-3ddcba005d84,36.0,46673.0,28.0,0.0
7ac3f209-e20e-4159-9271-78741b385c97,18.0,53395.0,29.0,0.0
e6cec23a-6bed-47fb-8066-5f344fedb2dd,22.0,134162.0,17.0,0.0
3ffba383-776d-4ec5-94dc-3ff2672252d2,39.0,53707.0,0.0,0.0
1acc0e51-3e75-48b9-a466-dbf8f47d6226,41.0,114749.0,38.0,0.0
60d47a4e-2509-44d2-beff-f3a250bf2005,54.0,105937.0,16.0,0.0
4bfaae88-1b95-4626-8385-4cea666e662d,53.0,116732.0,2.0,1.0
3c281ae2-06ad-4c2e-b1bf-718bd02b6942,53.0,86416.0,6.0,0.0
d5646c1d-6809-4442-aba0-16d4e22d279e,21.0,121512.0,26.0,1.0
8d517579-8329-40c2-9018-527ccd3e7275,53.0,38758.0,27.0,0.0
3a08fe86-0740-4711-8d97-b5e2e2f89999,35.0,97009.0,30.0,0.0
c8260a80-03dd-435b-902e-b1de48dda211,33.0,43281.0,14.0,0.0
eb3ca93d-7168-4080-a8d5-d8a0354d146e,58.0,144268.0,7.0,1.0
9a502a28-7fd2-4e40-9604-e99f6a1521c9,35.0,62548.0,5.0,1.0
fee404e4-b717-41c8-aea2-d4e2f4a42cd3,39.0,48371.0,27.0,0.0
b3b1b18f-d0cb-44e7-a3de-f7446004d3c9,19.0,123899.0,3.0,1.0
2543bad7-6764-4015-8890-f861bce529e3,38.0,107593.0,29.0,0.0
e077e4cd-1dd3-4155-8b8b-2e1949a17092,53.0,135977.0,16.0,0.0
9f6cc044-93a7-4264-a630-78263ce1a4a2,56.0,49644.0,33.0,1.0
faba2499-4ffa-487b-802d-912fe288fff2,56.0,123659.0,5.0,0.0
c0ed6ea5-e7ec-45af-939a-c785fba00ee6,46.0,53874.0,35.0,0.0
538d1e0c-ba6b-4c3f-a4f3-e39f2dddea89,43.0,118659.0,34.0,1.0
e32d363f-d4db-40d7-8825-c88e79004e9c,38.0,44281.0,38.0,0.0
dc333299-af06-430e-842b-36f820f06ecb,34.0,98787.0,38.0,0.0
2e3c5912-1c32-4f9d-9772-59912c9fcac8,33.0,52289.0,15.0,1.0
5dd158fa-c30f-48b9-bdbd-5d79b4877991,48.0,149988.0,1.0,1.0
49f45c3d-b830-445d-a906-91c5628554f2,26.0,35054.0,7.0,0.0
c3ad13c8-8755-4d8f-b4f6-164acfd51dc9,48.0,130020.0,14.0,0.0
1ab6a9d4-24a3-4fca-9af7-9163b04a074a,31.0,137508.0,26.0,1.0
83153977-676d-424c-bf85-0ed7e30d4e52,54.0,142410.0,15.0,1.0
1ec5028d-51dc-4f1b-8314-974ff940ec9c,19.0,96846.0,0.0,0.0
47d53529-0c0b-426b-8084-55090bc320bc,31.0,124682.0,9.0,1.0
00242601-f100-4328-b224-76056f7438ca,50.0,79769.0,6.0,1.0
eafa459d-a6f4-483f-9c5c-0d5ccab78754,52.0,59312.0,9.0,1.0
9a42e1e6-a0ae-4af6-bf36-2d04093bec16,56.0,126517.0,11.0,0.0
a03a178d-7ebe-47f9-95d7-dae9f5cc0414,37.0,144186.0,16.0,0.0
bbafa0da-1e0a-461c-a889-b8728b507d38,19.0,34257.0,11.0,0.0
b7d312af-af33-404a-8529-1065315b5bcc,58.0,45846.0,14.0,0.0
63ef38be-8605-468a-bbae-f2923fd2ede0,36.0,52483.0,31.0,0.0
50d89220-63cb-489c-b00e-7f3bf1e66df5,54.0,56558.0,31.0,1.0
22a8cec4-2502-4715-bf2f-a6ce23253559,35.0,73188.0,25.0,1.0
46cdee0d-a669-4570-b781-654f9e1b35dd,33.0,43012.0,13.0,1.0
352d1fcd-fe06-48ff-bcc9-5d8bba548629,21.0,63236.0,25.0,0.0
8a509412-6481-45c7-bbf6-a3f8396c06ea,29.0,134209.0,4.0,0.0
b62c61a5-09b6-4413-9264-dbab7e938970,46.0,75076.0,37.0,1.0
bc63fdbd-2ccf-4544-9ae4-ae91746c41e7,24.0,78402.0,3.0,1.0
10ab3640-0f50-4c33-b2d3-ec7ecf2f39ec,31.0,124467.0,27.0,1.0
bd356e77-ab6d-4b2c-b91c-8911a17d9bea,29.0,62076.0,0.0,1.0
56c1ffd2-aa62-4914-af2b-1493a6589d87,52.0,110337.0,12.0,0.0
30c00ef0-cd4e-4f59-a981-089e1a7f2e25,22.0,145827.0,2.0,0.0
38e3eadf-8109-4a97-b3f6-dfd7cf8c6c9e,34.0,105164.0,24.0,1.0
8a15de2a-e0ba-46a4-9f85-e45a67f177a5,59.0,104264.0,15.0,0.0
60826822-a461-4d5d-bc2b-6693038a2367,49.0,47335.0,20.0,0.0
3ccce1f3-9f8f-4f9f-84f1-e8e6c3cb03d2,27.0,73773.0,12.0,0.0
0d118fd8-6726-437a-92d5-7fd0c034b7b5,34.0,82158.0,35.0,0.0
930fe54c-401f-4a8d-8b36-0b10baa0a996,22.0,58570.0,7.0,1.0
6e631b61-5fe0-4de9-88b0-8920630ce25b,59.0,117995.0,18.0,1.0
31eca064-7c9f-487b-88ba-006e8edee319,26.0,70658.0,15.0,0.0
2745a452-52c2-4f6d-be15-c0554d9fe171,50.0,89184.0,11.0,1.0
d16217a4-2214-4613-9a51-04ff37fb80e9,53.0,102613.0,19.0,0.0
5757cd4f-5452-48b2-bcec-93a509a6c9a0,53.0,88194.0,17.0,1.0
c7ec092d-b21a-4cff-9245-79e550d48e10,35.0,97507.0,11.0,1.0
65aff3b2-36f7-48b2-b424-0e9528d1a38e,26.0,141872.0,24.0,1.0
679ca91f-2c09-4b0d-81bf-1a4ce43e34b5,46.0,63959.0,10.0,1.0
2132397c-bd86-47a7-8312-85cb53de0077,31.0,83072.0,21.0,1.0
0c6f1450-59d9-455d-8ef6-3038e384f93f,42.0,75588.0,33.0,1.0
c241357e-1849-40e5-9d31-91a43e8ec28a,32.0,70533.0,12.0,1.0
358cac43-4d5d-4d20-8d18-def21cb4499f,23.0,138558.0,37.0,0.0
92b7d053-045c-4a13-8468-18a173d0a8f6,59.0,98582.0,11.0,1.0
9fabe10f-04a6-4d8a-95e4-66ebf2485ab9,46.0,91743.0,38.0,0.0
f58ef94a-f34d-4c82-ae97-68d9b7db2b1a,32.0,74518.0,35.0,1.0
50c64508-980f-424f-ae4a-c36719e0aab7,46.0,42703.0,27.0,1.0
65a586f4-cc86-42d7-b5d0-8d89dbf1bfcf,21.0,79456.0,26.0,1.0
00d958e2-f396-4935-91a4-df2f219fe406,35.0,85491.0,38.0,0.0
0f8fa458-5847-485b-9f41-f7191606cdc4,56.0,38043.0,12.0,0.0
126f5398-1f9f-4034-b2df-146cba8231a5,33.0,133212.0,39.0,0.0
5a4f2925-8859-4e76-a130-e0199e73fe7e,28.0,138931.0,26.0,0.0
a1569c17-1409-4bd0-a409-132bb0d41e38,31.0,98340.0,30.0,0.0
9d31fabd-e6f0-451b-96f5-eceb84bc9917,20.0,40176.0,1.0,1.0
cffb25c0-bd8e-4e0b-9775-aa46e01c549d,59.0,33936.0,17.0,0.0
a879780a-51ed-4d85-b19d-b962dbe88cb5,55.0,61174.0,25.0,0.0
8db9e0d5-5e5b-4d53-a240-c9ad3493e59e,59.0,112632.0,30.0,0.0
da00038b-7974-4751-9c14-b895751e85d2,35.0,118768.0,37.0,1.0
1c6b5c3d-ff64-4e90-9242-64ab2105ce59,37.0,138177.0,21.0,1.0
2fd7c97e-3b55-4fcb-bab1-fa32224fd6d3,42.0,55909.0,35.0,1.0
8c73ac45-4a66-4363-a2d1-ee663e39a016,55.0,74158.0,18.0,0.0
ecb2a521-50c3-4be8-a53c-bdc97425de4c,30.0,38366.0,13.0,1.0
e02cdd5e-2c13-43e6-bd46-a7248bfc0622,21.0,115125.0,13.0,0.0
3cdc6af7-675d-4df8-8758-c647206b2686,31.0,84337.0,28.0,1.0
50b8c085-6f98-4862-a3f0-9e0575540941,50.0,89331.0,16.0,1.0
81ffd9b7-e0b2-4a3a-8eca-a62565f84582,45.0,142918.0,36.0,1.0
08d9bb69-a589-469c-aee1-184264e9f43f,54.0,92197.0,8.0,1.0
29fc48c6-db31-43b6-a2cd-6550084433ad,25.0,102042.0,0.0,1.0
a5c94629-1277-424a-9862-e0bda8386248,51.0,80924.0,3.0,0.0
d5533a32-035a-42e4-976c-9b08a194c4b5,22.0,58842.0,6.0,0.0
eb9b72c8-cfe1-4870-8aeb-08106c5081b3,22.0,47458.0,10.0,1.0
caef05b1-6433-4a8b-973a-06893dcad2ec,48.0,117367.0,13.0,0.0
00df1c71-5cb1-4561-b799-78c1d1cd3803,26.0,95382.0,18.0,1.0
bf48e67e-e7ee-4499-a53b-0f69a179dc71,59.0,104319.0,39.0,1.0
0ae40285-d09c-4e03-a900-6940c32dd546,49.0,41170.0,2.0,1.0
27e1d524-d0e8-4833-9900-dcae0ce40a5a,50.0,149952.0,7.0,1.0
424e0617-a6fe-4198-9acc-aafcbfbdfd5b,20.0,110145.0,28.0,1.0
ade5fa74-2c38-4aaa-857f-f425cfa5e1bd,47.0,135626.0,36.0,1.0
8ca86e4c-df5c-44b0-ae72-1a9edcd15431,29.0,74942.0,8.0,1.0
86298234-7c9e-4eab-bf43-7ee9fb76d07d,46.0,118571.0,18.0,0.0
9c750929-9c5e-41e5-809a-7318c2179c94,20.0,46208.0,11.0,0.0
e91af8b1-3710-441f-80f3-995601db493e,43.0,65178.0,26.0,1.0
2443c9d5-658c-408c-bdb9-fbe368a91809,47.0,109172.0,36.0,0.0
089024a1-5812-4a42-8fde-fa468bf1c22a,26.0,39039.0,24.0,1.0
a7e79c86-7b89-4bc2-9edc-e72b10fe2a5a,43.0,44990.0,37.0,0.0
4b399bc7-6a04-46d6-8b04-9254fb57b0b3,19.0,36441.0,16.0,0.0
a6f09b60-958f-4ebe-9a9f-b4e525063483,20.0,104221.0,32.0,1.0
bc9e1acd-235f-41c6-8ac5-ef04876c790b,21.0,109314.0,38.0,1.0
7e2a6747-e157-45e8-9a71-ff2d9b8e5d0e,42.0,75959.0,13.0,0.0
3ca0797e-2be9-4d01-bb04-f447e8c61e76,30.0,56862.0,27.0,1.0
cf948d48-1082-4844-9fc4-ea5661d5cde6,56.0,57273.0,17.0,0.0
591c90c1-6740-4a72-a0c2-b882b125ee00,52.0,123949.0,32.0,1.0
7ec75e9d-d352-4345-876c-b519823a6561,40.0,72500.0,14.0,0.0
a0eb2f24-6f9e-4b11-8336-2e073fa417a6,26.0,33956.0,10.0,0.0
398038c2-4e5b-4f88-b3a1-566eec5c80c6,19.0,102089.0,35.0,0.0
049f5307-c17f-4121-9cf1-fc96cd9176b7,58.0,118789.0,14.0,1.0
8821cb40-616e-47f7-9d4c-26dd07c36a81,48.0,119451.0,29.0,0.0
c2fe2b55-3ba4-49ed-9e52-5b8e03ad384d,19.0,147782.0,14.0,1.0
2b056987-e18c-4911-8e28-ecdedeb909c4,49.0,32365.0,22.0,1.0
364bc31c-a020-4aaa-9462-48a617bca2a8,35.0,102204.0,14.0,1.0
c3bac658-5499-4008-884d-c3dd3b5521e2,30.0,35000.0,28.0,1.0
f1c2eaa3-a467-40da-86f8-9965fdfd99fa,22.0,87072.0,10.0,1.0
e20202f6-cd9f-461f-b41b-b29385da81d8,59.0,82499.0,17.0,0.0
735f344b-bfff-4a43-baf8-678926740c60,27.0,99211.0,39.0,1.0
70164e21-3b0a-4bc9-9c74-4484d46de4b1,42.0,42907.0,30.0,1.0
cde28263-8603-4703-b922-df35df03d1e4,51.0,47336.0,8.0,0.0
6107c9f5-9bf1-4d7a-b6ae-df41d366ee7e,54.0,115220.0,21.0,0.0
ff467d64-1a3e-4e2b-849e-ffdc72245546,47.0,123847.0,10.0,1.0
5fe2fc7f-1c45-4187-b88b-68d63c907795,24.0,82331.0,16.0,1.0
d9342bad-510e-4711-b8d3-7cc819c19fdf,23.0,110672.0,32.0,1.0
f37a727d-c40b-4d63-a625-8793956ade57,20.0,139459.0,10.0,0.0
554a2107-c078-4a9a-bb85-b25b50f7c45f,30.0,107755.0,38.0,1.0
a7ce5b56-1fbe-429e-88d6-c77000d19377,20.0,98783.0,7.0,1.0
c888b318-1e60-4412-b970-014648c13c7a,43.0,99951.0,3.0,0.0
f8cb270c-4963-4bb0-b223-5194dd1816a4,41.0,82509.0,35.0,0.0
90ba520f-092f-4d70-9450-0fa55cecd580,23.0,36472.0,18.0,0.0
0485bb6b-2ced-4b17-98b5-2fb5e5ac86cb,59.0,52380.0,23.0,1.0
d04d6582-91dd-4fad-9664-2acbc58f8eca,29.0,133152.0,17.0,1.0
29388cfa-c844-40da-bb2f-15a812ce917f,53.0,57280.0,32.0,1.0
4ab8b5fa-1d4c-42c8-8bf8-8957c4291603,19.0,51859.0,35.0,0.0
621b49ed-5b35-43b6-b534-48bd22e168d1,28.0,129341.0,9.0,0.0
bb705943-8ca0-4dfc-879f-91535b4617b5,56.0,78402.0,13.0,1.0
6b825a4a-8670-4192-900d-ecc3bc69d01d,51.0,38262.0,6.0,0.0
eca3d145-cbd6-4183-a61a-842d60b6aabc,43.0,41066.0,11.0,0.0
b8159520-a525-4a22-b9d1-2458a09dd38e,35.0,45554.0,21.0,0.0
3be5d450-0ba3-455b-bb5d-892226b0b6b2,38.0,37008.0,26.0,0.0
66c6503e-bb50-4848-85f9-2fc42d563081,53.0,117851.0,36.0,1.0
af2af084-70d4-4920-b0d9-2f402882daf0,57.0,110799.0,10.0,1.0
2730b584-56ae-48c8-a4bb-50ca88160d04,39.0,46238.0,35.0,0.0
45f280e1-53b3-402c-a366-8bcfd0b7195d,47.0,133946.0,12.0,0.0
b86f56f1-c0dc-4982-b50e-2fc7ba4e4d7a,47.0,112025.0,31.0,0.0
9234b28f-d019-436a-821b-c76300a0402d,25.0,47153.0,7.0,0.0
1b84e050-b1ed-44e1-8855-1bc233a52042,51.0,89353.0,6.0,0.0
788805b2-2367-466d-b664-4c92934500ee,26.0,82092.0,16.0,1.0
149bb513-812c-4106-ad98-daf1a0acb38b,37.0,142835.0,21.0,0.0
1adc4dea-c375-4f6b-ba11-d8d803ba76b8,57.0,73152.0,33.0,1.0
8c782243-3e02-4cb0-b20e-ad459b673936,42.0,79104.0,19.0,1.0
3ed3f275-b2ae-4aa5-ae03-c9ceb251c835,36.0,54283.0,7.0,0.0
22d8314e-d9e1-4814-86ad-5bdf94c09efb,22.0,76429.0,21.0,1.0
9a7c402d-8e67-4bab-80f1-f48b07a927db,28.0,107223.0,26.0,0.0
9e8c865d-b398-485e-b4af-c0ecbe8c994f,32.0,118534.0,33.0,0.0
2d69096b-67b4-434a-9efc-21e5a0fc7566,25.0,84957.0,20.0,0.0
c10d6489-92e5-41c5-a2e5-01c7189a5cfc,36.0,58887.0,14.0,1.0
515cfd96-22b4-4327-bd93-4cf79b9e4d6d,40.0,76172.0,4.0,1.0
991f5a81-833b-49ec-9bef-ca5675402908,44.0,34355.0,37.0,1.0
c1bd5097-3cba-451b-9732-9c45ef4813af,57.0,63701.0,16.0,0.0
29060212-b4db-47e7-b769-27c148aec909,49.0,71534.0,7.0,1.0
5cf5281e-2aef-46fb-84e7-0bf1e0021a4a,43.0,101442.0,18.0,1.0
82e2b0ac-514d-462a-be58-0a0e0792dbc7,44.0,91274.0,4.0,1.0
cfa40238-8a7c-4b21-b669-03f066af4560,36.0,108108.0,22.0,0.0
fe693e44-8482-4863-9cf3-ba63c60eea90,59.0,42279.0,18.0,1.0
775b5ec7-9c39-40b8-ab35-ace7793be1f2,46.0,73491.0,13.0,0.0
3a90c3cd-e20b-4728-900c-4475cd90dad1,56.0,106147.0,9.0,1.0
c899e33c-c3e9-402a-83e4-a3922ff4a6c5,58.0,38261.0,30.0,1.0
cb51f786-404f-4aa2-9eb5-0552f44b4549,50.0,34474.0,12.0,1.0
9322ee1e-06be-4866-842b-c2251ed6f9ff,36.0,121414.0,21.0,0.0
b5dadd28-b7c4-41ab-8747-0fa2768db9b7,54.0,58390.0,36.0,0.0
4a8e2b70-eca7-4f39-a926-346ecfb1f9c8,36.0,56925.0,38.0,1.0
b6fa1ba3-e5c0-43d5-b45e-b9da7aa72806,50.0,112174.0,9.0,1.0
17b260a6-9b9b-4731-b2fa-87d48af6f83f,33.0,89051.0,30.0,0.0
2deca9c2-f2c0-4d7b-be02-efff4f1c9cbe,40.0,119007.0,34.0,0.0
97c36326-2b1c-4a18-b6a1-65664aef8e6c,24.0,34787.0,12.0,1.0
18090405-cada-49e4-a241-31c2f0956c0e,43.0,141879.0,29.0,1.0
23a0ce23-149d-4a32-bf0a-733becdbd1e5,49.0,103398.0,33.0,0.0
9a2e46d3-f826-44fe-a5e1-192975c4a970,29.0,88177.0,35.0,1.0
d48e0b6a-3fc9-485d-94c4-ce5ac200eec3,25.0,73724.0,34.0,0.0
05073d88-cd3e-4810-b2fc-61f46dc03249,22.0,40663.0,3.0,1.0
ee4edb78-fdf6-4dbd-9c1e-1d5319465d62,59.0,46120.0,3.0,1.0
e52de52b-1ed4-4f69-bbf1-d7be9c9fdb47,45.0,52740.0,5.0,1.0
e689f8e8-304c-4bba-8b30-76e80d75d097,22.0,132046.0,27.0,1.0
e7151b68-2f0e-4f0e-a248-7fb13980f2c8,43.0,32035.0,29.0,0.0
6990cf11-ce17-4aeb-89bf-680b67420497,22.0,130271.0,26.0,1.0
7720a36c-4189-43dd-86de-26898a6fb5ed,39.0,87443.0,4.0,1.0
6d3f79fe-7b44-43a3-92dc-47627f831275,32.0,97388.0,38.0,1.0
dc6982fb-68b5-4de5-bd31-b0fb7d524f58,30.0,82335.0,34.0,1.0
206a6663-8599-4ef9-90f7-da56d62972f9,45.0,73315.0,38.0,1.0
4632f464-9a09-4d83-b588-2dcd0389ca13,50.0,94165.0,14.0,1.0
6064c9fc-87ab-4969-bfc2-745f93e00abd,40.0,134922.0,18.0,0.0
a54a6191-3299-41fc-ac0e-b7dbd4c40ae7,50.0,76627.0,29.0,1.0
8011131f-98cf-4e93-82e3-67bb48d13454,35.0,38303.0,37.0,0.0
cadd2d0f-ba18-4060-84b1-2f9940e1d8b7,47.0,139654.0,31.0,0.0
3032cf71-4503-4024-9dce-e45754d47577,43.0,79334.0,39.0,0.0
e0ae342e-1254-4165-aa7e-09d55d712e5a,33.0,85892.0,28.0,0.0
9f0aa042-382f-41f6-a3fc-47741a873d66,30.0,91196.0,5.0,1.0
02c7ed78-e945-4db3-acec-2075083bbb54,56.0,95700.0,25.0,1.0
a7aadd5c-2347-4e0a-930b-b66083b0c546,50.0,69726.0,26.0,1.0
c2a2ec6a-9590-4f8d-bbd8-999cb19af356,43.0,130441.0,34.0,0.0
b831ac07-3d80-457f-9633-ac6524c006eb,18.0,105751.0,27.0,1.0
d4935459-2b65-4e4e-bde0-cb80a85242ad,55.0,79606.0,4.0,0.0
fcda21c2-fc50-42a6-879b-95c2e44e22c7,19.0,146973.0,15.0,0.0
62e10f10-5a50-4f28-89c6-75466a0e8b28,23.0,60694.0,17.0,1.0
fa3e6ee1-2a0a-4571-96e1-ede0cb3a25d3,55.0,61253.0,12.0,0.0
70aadfcc-c598-49c0-9ca5-857224eed482,59.0,54230.0,24.0,0.0
5d60651a-b9d6-42b6-a950-1bb0748432bb,41.0,83974.0,9.0,0.0
f8f18000-1f79-40f2-aa60-29f789efc840,35.0,93545.0,28.0,0.0
6fc735a3-ed64-4b7c-8625-1ed6ca1f316c,44.0,46925.0,9.0,1.0
8a7130b5-7fb5-4e2e-8579-c8d789a92bf7,58.0,36033.0,5.0,0.0
0689b94f-21f1-4df0-b0e9-0b75fd384847,25.0,92461.0,15.0,0.0
82ba6115-5ccb-4dd7-8388-9d7d675b43d5,45.0,32665.0,24.0,0.0
9471e4a3-ee34-43b1-915e-7dfb69e7ed5c,27.0,57025.0,3.0,1.0
309622c5-b7a1-4ce6-96f7-31810be4bb65,34.0,53533.0,36.0,1.0
2753cb3c-8f5c-4f24-ba66-10a1aa556a74,46.0,75897.0,33.0,0.0
638e4ad2-f190-4e1b-bc56-8a44895d366e,23.0,107661.0,18.0,1.0
aee8c071-8ac1-4165-b3b6-7939c455e3ce,31.0,50998.0,32.0,1.0
11380b49-2b12-4aac-abef-e0a8667f6c5f,39.0,148980.0,3.0,1.0
92c3b3fa-9cac-41c6-8089-630b69cffced,23.0,91248.0,33.0,1.0
6f3f2c54-92b3-4ca2-a21c-49c629bd22b0,43.0,134493.0,11.0,0.0
fb64c38c-8195-4a5f-98f7-515904060490,56.0,53057.0,30.0,0.0
25c21f1e-6383-4ed2-9734-cb15b004afa0,29.0,109244.0,15.0,1.0
dc00a509-8367-4050-aea0-8316ff942498,52.0,113608.0,1.0,1.0
55ba63fc-437d-4610-9b7a-df66a7e93fa5,31.0,100631.0,1.0,1.0
18024fff-e0f3-4aca-aa52-9e7154b7f1ed,39.0,127031.0,35.0,1.0
ed8fc057-090c-4379-95ce-676708599023,40.0,142713.0,5.0,1.0
0ebc3eac-72fa-45c4-a75e-abe23b374145,24.0,135887.0,22.0,1.0
bfd6e4c1-d1e5-4845-807e-8977521bd54f,57.0,97173.0,38.0,1.0
f03f7c62-9448-45c0-b700-48560a03b1af,42.0,110206.0,36.0,0.0
f97c3489-6aad-4854-af3f-1219100ad873,30.0,68734.0,15.0,0.0
d4bb8962-3b92-48e6-baeb-9468cbff1093,38.0,92072.0,18.0,1.0
5d479242-fcf6-4e3a-916f-c52dea600fdd,58.0,94175.0,23.0,1.0
55f70b65-4b25-43a7-928a-8e084c2689f7,27.0,132974.0,26.0,0.0
c9e909a6-5dfa-4b58-b902-d9c8f0758749,26.0,93783.0,6.0,0.0
102dd175-9bb7-4c10-88a2-3c4e7953e311,32.0,124194.0,29.0,1.0
a5ce5d31-86cd-45ae-aab9-ece3801efcca,19.0,100739.0,13.0,0.0
edc64223-7bdd-46d4-8191-24a2f4f1087c,42.0,117054.0,14.0,0.0
2d20bc42-7f62-473e-83c6-40ba34d49d4e,30.0,81042.0,11.0,1.0
810fd5a7-7b88-4cd4-bba0-562c33dc40c0,51.0,82357.0,28.0,0.0
75933b1e-6796-47c5-9e16-1ca966b32ed0,51.0,38669.0,22.0,1.0
14c7f7e3-3a4c-4cdf-9389-38a2e3979640,52.0,143272.0,12.0,0.0
9e55f5b9-6c7e-4ea2-8227-63be1bb36a4f,55.0,97902.0,8.0,1.0
e19a39f3-1c00-452f-aede-e23c0eb7afa9,20.0,48910.0,23.0,0.0
42a153e0-ae83-47a7-bd79-1fa3cfbaa066,59.0,86959.0,38.0,0.0
a069cee3-d955-4fb1-88fd-ccc4e158f046,23.0,126623.0,29.0,1.0
49b64908-268f-4ee7-89ad-c2dbb8e1ed33,36.0,30366.0,0.0,0.0
17877cc7-a244-4546-99a7-7d1b4f73f9d6,20.0,78415.0,9.0,0.0
db410c46-ea94-4ea1-9739-814ee9ebe1dc,35.0,39907.0,37.0,1.0
5367eb8f-b39f-4117-afbb-2365ec74dead,56.0,134910.0,14.0,0.0
ff24dabc-f787-4108-98e6-adb385f97098,26.0,125825.0,8.0,0.0
20e8de0a-2bf1-473c-ac9e-25913d59cadc,29.0,62780.0,12.0,1.0
721092eb-59bc-4e39-af42-943b2e4433d1,22.0,87879.0,22.0,1.0
0f0fb693-fce1-409e-a052-bc160b879bb5,20.0,115159.0,32.0,1.0
0e3c9165-b389-4a86-a8d1-b5d2f4240b0e,28.0,65085.0,8.0,1.0
b987dc10-06fd-4428-92ff-361f4c5c71c6,47.0,95499.0,2.0,1.0
8a9dfd05-5169-4b57-b541-11506f244c10,21.0,50426.0,29.0,1.0
e852a8fd-c023-4445-93dd-bfbf61b61176,22.0,78197.0,8.0,1.0
842ec8a1-a8aa-4c87-847d-35b9f7c4c301,18.0,37485.0,24.0,1.0
86d928b1-090f-46ef-9f16-31da62d386ed,44.0,79527.0,23.0,0.0
bb4dd8fe-0b93-48c2-b58a-f03b15857789,45.0,94600.0,31.0,0.0
cf05ba8e-7257-422a-9eb0-c6cb93d5c1b1,46.0,128560.0,6.0,1.0
f7a921b5-7a4f-4fca-a16c-c3db058db630,35.0,145137.0,35.0,0.0
af697fd4-c80e-4e6e-8d72-6a4e0bb02fa4,29.0,121005.0,24.0,1.0
fcb6ba0f-9f29-4a5a-985e-69bf9584073f,30.0,111439.0,19.0,0.0
b66ffdea-bd67-431c-a2a1-6c8834e1233e,58.0,98748.0,16.0,0.0
bc69a3ca-7506-4774-a8c2-9edf68a3f5fe,19.0,88528.0,35.0,1.0
fd912960-41f9-4ad5-a921-e8c30c534aca,54.0,134479.0,25.0,0.0
a9351d6a-3101-40b3-a40f-c4e68eed0da0,33.0,57799.0,18.0,0.0
548c64ff-c526-4771-87f3-6ed1288d60aa,41.0,76339.0,36.0,0.0
a25ba09f-1982-4427-b655-4b2e1f73c7bc,52.0,46087.0,2.0,1.0
5ca8e7e0-ce46-48d9-a29e-3d8ccc9acbea,39.0,37446.0,27.0,0.0
cd8502eb-f3f6-42d8-a676-cdce0a294891,53.0,80460.0,21.0,0.0
8e3b6dff-d95a-4af7-928e-e3e6141834bd,28.0,124817.0,18.0,1.0
1a9826c4-6b02-4ffc-992a-2a91eb264875,46.0,88260.0,15.0,0.0
672df2a1-aaff-4acd-bb8e-c01d3c56b427,52.0,44877.0,5.0,0.0
7a4a3af2-8b7b-47c5-bcdb-81f6ca12f214,32.0,54723.0,36.0,0.0
22eb4b78-3306-4489-9bff-d50ca566bedf,48.0,42943.0,30.0,0.0
6f296c9b-765e-4d5e-bfe8-c2b7b7bb9580,59.0,40306.0,33.0,1.0
f97b99fc-d4c5-4a47-a307-a2ee91ab3983,58.0,66784.0,30.0,1.0
40223870-ae01-4bce-b9d3-4378e122e367,33.0,148628.0,10.0,1.0
41593450-6f63-454e-be94-c40bb80dcab2,27.0,50455.0,35.0,0.0
781cc7ce-0a6d-4c2a-97dd-894eb81d989c,49.0,120027.0,5.0,1.0
ec46abaa-127d-4bf6-8a7d-a46d84610b16,19.0,101448.0,26.0,0.0
069aa6da-86c3-4ac5-83d9-d24b3339cd1e,41.0,59974.0,6.0,0.0
2eb78363-ee12-487e-924a-fec12c16eff2,40.0,57371.0,31.0,1.0
dfb9b7e7-0af5-415a-84e9-8eb83c404c96,19.0,128746.0,7.0,1.0
6077f863-eb8c-448c-8821-cc6244640fa0,55.0,131248.0,32.0,1.0
758d8464-f861-458e-a24f-446cf116f777,48.0,33936.0,14.0,0.0
d9ab6737-9b13-4965-9ca6-90742bd48df3,57.0,63166.0,26.0,0.0
0e05dc48-abdd-4b10-a545-d62e1c359d99,43.0,55727.0,29.0,0.0
9348587a-5390-4788-a197-63ca7ddc4535,46.0,144000.0,21.0,0.0
2d1e9a76-28eb-4921-b63a-c5716689b1c2,20.0,93969.0,28.0,1.0
92696ce1-15d4-4592-ba46-07259a655fff,31.0,58368.0,29.0,1.0
d0e5a35c-ed0d-44e8-a911-938c851d419e,42.0,98531.0,1.0,0.0
3ae17568-795b-4b6b-8b85-541f20dd5326,18.0,69097.0,14.0,0.0
f9690e4d-936e-485a-aee0-6f061a48b96f,20.0,64984.0,26.0,1.0
4737b5b7-44a6-4124-98b4-4ec395048785,43.0,80859.0,6.0,1.0
b6b68f76-ae79-4ef4-9ffc-7e4c85c35809,35.0,74291.0,26.0,0.0
2679d913-9bb7-4d58-8372-f1cf67f72228,26.0,95228.0,20.0,1.0
6ba80ed7-de9b-46d8-baae-b6d52fca3ebd,55.0,122099.0,12.0,0.0
b2cd3430-2687-4379-87b2-104f411bda94,40.0,52150.0,16.0,0.0
82e7d75d-22f0-4f1b-9fb9-357bfe762f1e,38.0,52061.0,10.0,0.0
d4829e32-74fa-4fc0-a220-0d16e64bb2dc,18.0,59178.0,9.0,0.0
999bc9bc-aa78-425d-9d0c-1c4440a94610,38.0,130872.0,32.0,1.0
2bd61831-89c1-480e-8fa9-a0c5fec1090d,44.0,86790.0,13.0,1.0
b4b27d1e-93ea-44ff-b315-17e40e24d75d,59.0,95696.0,36.0,0.0
d3c389de-3bba-4e07-b723-76606af56d18,23.0,45648.0,7.0,0.0
0f0aeacd-b3bd-4278-b454-1204029077de,53.0,91779.0,32.0,0.0
8df35794-f9d7-4fb0-88aa-5920fe549433,45.0,136371.0,6.0,0.0
23386918-b369-4cb2-a5e9-16422bcf3a57,34.0,66672.0,33.0,0.0
a7edace2-895f-4364-af6c-7a8b347b358b,57.0,99109.0,6.0,1.0
bf52c7b4-3fc5-46a1-b4bb-4daf388bfb3f,20.0,90521.0,6.0,0.0
5c7a5231-8e79-4ca8-b26b-914ac40476df,29.0,64593.0,35.0,1.0
c9fe785d-1712-4dac-a4ff-1ae725fd698c,56.0,43786.0,6.0,0.0
02330945-372e-42ca-af77-9fbef2dc7902,29.0,124036.0,19.0,0.0
71959da1-51c4-4a63-834f-6c983ac31675,19.0,39815.0,17.0,0.0
90c6de27-8eb4-4b3f-a9a8-8acccdc3d2be,39.0,51966.0,13.0,0.0
87e64909-8db6-4549-9dcd-171139487399,40.0,43794.0,39.0,1.0
a0a9ad31-d893-412c-b1d6-b8894eac099d,47.0,61423.0,13.0,1.0
a95418ed-bb9d-43ea-907e-f15359c84754,22.0,129480.0,20.0,1.0
fd0011c5-c78a-4fa7-a0fa-e3fbf5a5da80,26.0,51302.0,26.0,0.0
e2740b8c-ac9c-48af-b1b2-5d8b3c0ec4b9,38.0,91064.0,25.0,1.0
fe20b8ab-3073-4cde-890e-49c4ac5696c1,28.0,116800.0,26.0,0.0
c4b70b8f-f519-4b38-8d47-97460e2b9ad8,22.0,115140.0,23.0,0.0
7e17aeda-5e7d-4c49-9d8e-d10205e3aad8,52.0,57835.0,4.0,1.0
f200af8e-1ef7-4430-84e4-166e10c8c40c,44.0,103356.0,37.0,0.0
0fd07e97-2780-46b1-9776-a8cbf30f269f,19.0,79282.0,27.0,0.0
90f52867-8cfa-4992-b0ee-d9f278c5e705,41.0,82714.0,31.0,1.0
19a8371b-6922-4a59-becc-2e99ba2fc8f0,48.0,97035.0,23.0,1.0
d1103ff3-545d-4784-a1cd-2865cae313d6,50.0,53814.0,5.0,0.0
4469e5b0-84bd-4351-9863-ea967f9a3180,56.0,54089.0,9.0,1.0
9f618873-f0d0-4224-87cb-a5e3eff91074,47.0,103162.0,2.0,1.0
3151b457-b6a2-46ef-bba2-45cec716de5b,54.0,85831.0,6.0,1.0
b9784f98-d921-4f93-a63e-3a09b7593e20,45.0,62746.0,28.0,0.0
0c47e70b-4cb2-448c-95d2-3059bc2d78af,48.0,111673.0,33.0,0.0
acf4e6aa-0e5d-4666-a580-cf168bec50e7,28.0,81940.0,6.0,1.0
2d8398a1-2fac-4545-b671-3443ce1e77c2,40.0,116796.0,16.0,0.0
833d51d8-e48c-41ab-a5d7-7f0689a4f372,19.0,66476.0,12.0,0.0
313b28d1-996c-463d-809e-e9b0958193a9,57.0,56283.0,20.0,1.0
267d4ac1-8c06-4897-ad09-20f23b06efef,58.0,31769.0,30.0,1.0
5a07e5df-40fc-4484-a4b1-59e10de1cfb1,44.0,72278.0,8.0,1.0
ec564af7-f671-4283-8560-5a566ca92f93,52.0,76994.0,12.0,0.0
f3b607fd-c2a0-437e-beef-f4536a2405fc,19.0,92898.0,16.0,0.0
a06a7f1b-cb05-4279-ae6a-63868f4acb2f,56.0,45634.0,7.0,0.0
1a01e2dd-6b01-40f5-9e3f-f5d3a56a2887,54.0,135035.0,8.0,0.0
3e2868d9-ec59-4e93-84a5-e0880afb426c,38.0,40965.0,8.0,1.0
a71ada8e-ae77-4752-9ab3-7b451e25f697,22.0,57566.0,39.0,1.0
3c3f7863-1b43-4933-8e15-45df0301b3bf,38.0,82196.0,29.0,1.0
f9662273-d5ad-4d92-8bb6-e55104ae3395,46.0,128679.0,6.0,1.0
7549141e-4a82-4a1c-9f1a-0b518d1c674c,37.0,78285.0,16.0,1.0
5ba95c14-f393-4fe9-ae3c-c3e7c40f3a18,55.0,85499.0,38.0,0.0
85431dfd-1c2d-4894-b57a-5696a4efb72e,37.0,49420.0,37.0,1.0
f864b223-5cfd-4a9d-b301-247b87e9a8f0,42.0,55236.0,4.0,0.0
727e38cb-5c8c-4f14-a6a2-91f369171507,19.0,36218.0,16.0,0.0
8b3d9cfa-296e-429a-b659-d358895b2ed4,49.0,79892.0,39.0,1.0
edcad7d6-c336-424f-bcb7-170465951fa5,43.0,104031.0,0.0,0.0
36799a41-ac2d-42aa-9044-38d3905ca0d8,23.0,129389.0,15.0,0.0
c7866ddf-9d95-44c9-a2c9-afef5cc56730,58.0,94057.0,16.0,1.0
8236784d-e329-487f-974b-1cd45df3bc82,20.0,108609.0,29.0,0.0
ce98b2f7-9641-466d-8143-b91116eb3c87,50.0,106907.0,30.0,1.0
9b8aaa61-9a5c-486b-914a-d4a62e5e576c,18.0,113130.0,34.0,1.0
82f8a4fc-4e60-4d9c-9f1c-6236d7335076,22.0,41226.0,7.0,0.0
56d6a8d6-8167-4302-9e54-bd8de12efaf5,30.0,82271.0,29.0,0.0
72d64aab-1283-44e5-bd96-a333263b5f3e,36.0,40046.0,38.0,1.0
9262a1ab-fce3-4fe9-a299-fe3e6284a246,29.0,144955.0,20.0,0.0
3f32fe79-d3e9-4729-9352-ae8abdc97c27,42.0,147462.0,14.0,1.0
62c1d7c3-1065-4429-956c-51f8f19256d7,52.0,139345.0,33.0,1.0
f6bf52fb-c235-4fb4-b8dd-b4579a996d06,29.0,67117.0,26.0,1.0
22f42cfd-5f00-4f11-97d8-5bc8d2c8c224,47.0,34965.0,1.0,1.0
c7a416f8-724a-4bc5-a07f-547e707e9c8d,22.0,89478.0,9.0,1.0
45c5511d-3dd6-4ea1-bb6f-4d27d0bad14f,51.0,141796.0,4.0,1.0
8d8721c5-8973-4719-b375-020fba1e2e3c,39.0,108872.0,26.0,0.0
f4a4ee08-e07a-45f3-9d65-64f9eba1e510,56.0,87277.0,3.0,1.0
f7d1d23d-2474-4cfe-94f2-c711fc6c27ef,30.0,115379.0,12.0,0.0
25945b5d-d1cb-4d31-8fae-c5c552f9a685,20.0,89613.0,16.0,0.0
0fe71742-181f-425c-90d5-05335ca74dd7,37.0,47373.0,20.0,0.0
6e256928-7290-4ac0-b7e1-c550ebfa3e0a,48.0,75452.0,22.0,1.0
7e819924-59a6-4293-a315-a42c23b7ec17,22.0,80089.0,32.0,1.0
a3fe45ff-2079-4508-8471-da4edac7b819,41.0,36654.0,14.0,0.0
065d2ac3-2a76-4bbb-8754-6c3997c3d9bb,57.0,61280.0,13.0,1.0
b6bd5140-55de-49b9-9ac7-3668178e0191,50.0,86141.0,8.0,0.0
da6f7beb-4a57-4491-bfe6-9d3e0075accb,25.0,135646.0,36.0,1.0
6aa079a9-646f-4ae9-a915-584090a29b8b,41.0,117943.0,29.0,1.0
8392e814-4ba0-4dee-acb2-7fc2968398d4,37.0,97894.0,28.0,1.0
43b2ebc3-6762-45ee-9007-a74a3f9cd5cf,33.0,56583.0,22.0,0.0
46823f94-c86c-4a3e-9bd3-8eee7c041175,29.0,148033.0,33.0,0.0
3681baf7-14aa-4a02-b619-9aba47484841,30.0,124242.0,6.0,0.0
02a6700e-7760-4da2-8491-a81fbe8796fe,59.0,36360.0,8.0,1.0
d1b197c7-0c89-4732-a8fe-2a381fbedbe9,56.0,83968.0,3.0,1.0
56027464-be20-4a47-ae19-e5d608852950,42.0,33743.0,1.0,0.0
888a19e7-d2db-4fd2-8b01-11f267f3841b,49.0,37159.0,26.0,0.0
8f4c25c6-9188-4a4e-a9ca-c0b1d291371d,41.0,62151.0,32.0,0.0
5dcc56be-1236-4589-a337-d30bf213f0dc,26.0,30518.0,31.0,1.0
00495043-a256-47e4-80b0-abf722ab852b,57.0,46652.0,36.0,0.0
9dac7ccf-c064-4ce7-90dc-65cf37b46a3a,40.0,108461.0,26.0,1.0
d5b54e4d-b272-4c6f-84a0-4e8e4ec975bf,30.0,143114.0,27.0,1.0
989679ae-a5c9-4099-9878-8bbc2075c372,49.0,144543.0,2.0,0.0
0eb47413-f321-45c6-a70c-1ccc30515448,32.0,101011.0,35.0,1.0
412272c9-1319-48c4-b3b2-eb1ca0f8529d,53.0,132489.0,7.0,1.0
d4efa3a4-80d5-409f-bb46-5a595c28b473,22.0,133465.0,36.0,1.0
40009ca1-e334-4cf3-88af-7992b8396987,39.0,72348.0,37.0,1.0
8e9a7667-6199-4ff9-bde7-37473c2c7aa1,33.0,105422.0,21.0,0.0
24adc166-edd1-465d-a171-955aca283d36,58.0,107001.0,13.0,1.0
c814ac68-c73e-4c1b-a0a8-9d85b0527633,27.0,148553.0,14.0,0.0
049b2de8-b1b0-46d6-a8b0-7944ec0a783d,41.0,106757.0,3.0,1.0
9a82aefa-1ce1-4974-9ce1-0457e1c0ea5d,35.0,54395.0,17.0,0.0
cc7b9985-c9d8-4fe0-879c-f517e53dbaf4,35.0,32335.0,0.0,1.0
b38a1812-0d9b-4827-aabb-65579171039e,24.0,131978.0,11.0,0.0
07fbcfb5-01e5-4bd0-a2bc-1fa97a2e59a6,21.0,100112.0,16.0,1.0
a83bf652-fbaf-43ac-8e3f-03954f6f383f,43.0,143276.0,18.0,0.0
0aa4b7d6-b597-44b9-aeab-1ad6ace807d9,22.0,30500.0,35.0,0.0
b968d8d4-ad41-4372-bd9c-d296b5bcc943,33.0,122211.0,6.0,0.0
96ebbe38-4bdc-4d13-ba1f-3d531d104e8d,52.0,38083.0,8.0,1.0
de7c6149-8ad9-4215-a6df-5c5abef38332,43.0,136598.0,7.0,1.0
6d7b55af-5708-4d0f-a523-a92dc7b7cb78,35.0,111256.0,24.0,0.0
5028eeae-b77d-4dd1-8808-81654448ed3d,46.0,35543.0,6.0,1.0
91a3c926-9928-449c-a088-da1080ab6904,40.0,147434.0,7.0,0.0
8d97a1ad-64e5-4735-bdb1-3ff063f9e455,31.0,98812.0,23.0,0.0
78020ba0-fde6-41e5-8e22-8603dc5056ca,32.0,82237.0,16.0,1.0
0272af3c-55b3-49bf-b39e-54a634dde8fe,50.0,126171.0,11.0,1.0
376fdba4-f73d-41a2-9328-6d161076c004,42.0,119716.0,30.0,1.0
9f38ee37-68d2-4d75-884d-dbd043fb8d31,38.0,36613.0,11.0,1.0
31265f69-abdb-41b3-b1fd-8e1326c105e4,34.0,140033.0,1.0,1.0
8c71e601-82dc-49b3-94bd-370fcbd62115,40.0,96863.0,11.0,1.0
e12dd45e-25b6-4b94-83da-33ddae3c8d1d,34.0,70540.0,26.0,0.0
ccf521e0-b1f2-475b-b759-d2ef258dc25a,31.0,106202.0,6.0,0.0
11c4af63-7993-4f9b-9940-f3e9d14e55f9,46.0,56255.0,12.0,0.0
aa6cdb5b-82c5-492b-9150-c70a2db47f60,37.0,115666.0,35.0,1.0
2484d2fd-8e40-41ea-afe4-67d5295dbb5e,47.0,52068.0,0.0,0.0
e4990078-8204-4216-a5fa-8e8cec553758,36.0,79057.0,34.0,1.0
ee68eb12-6bbe-46f8-89d6-4edfcaa3d697,56.0,48946.0,29.0,1.0
6c4098ea-2c6d-47d9-bcad-272c8b799b6e,30.0,50547.0,30.0,1.0
58d10fe0-c053-4915-b930-35a099bb0169,35.0,115237.0,16.0,0.0
fdffcfe5-7580-44e7-872f-3de43c7defdc,40.0,147124.0,7.0,0.0
71b4ef46-7923-4e7e-b55e-415cf4db1288,50.0,35769.0,2.0,1.0
6cc823ed-8591-4c45-b186-b7eb3245f750,56.0,54883.0,9.0,0.0
16fecc40-5eea-4f3f-88f9-2b5b4970723a,57.0,91340.0,33.0,1.0
14c45eed-e52b-4713-94df-b1b49a987448,35.0,109199.0,21.0,1.0
9eb1fa82-0f38-4b7f-b695-1486f76e78c2,26.0,134222.0,3.0,0.0
6c6f09ac-33fc-4101-a1de-2d459825830a,50.0,145777.0,31.0,1.0
e2c6c30e-eb62-45af-988d-9db085db3ecc,49.0,132859.0,28.0,1.0
82178fb3-a058-4b51-bb18-afe3967bb18b,34.0,65162.0,10.0,1.0
ac9f9492-b085-4091-b13a-323cb5b1a5f2,36.0,118388.0,12.0,1.0
378bda96-b815-4dad-8e0b-d14b5ce95c0d,44.0,115924.0,3.0,0.0
e179d12a-487e-416b-8135-0c12190152c2,23.0,63434.0,1.0,0.0
77048ac0-f7ff-4748-81e3-49741cd02579,52.0,52102.0,33.0,1.0
72a483a3-775b-4f12-8864-634afdf9404b,54.0,51536.0,21.0,1.0
2156a4bf-9022-4a9f-9556-f949493f001b,51.0,107891.0,4.0,1.0
24483416-abb7-4b1b-8fab-a9010b756b73,37.0,97770.0,8.0,0.0
223943a3-acc4-4ba5-8257-12a5c2a672ca,42.0,134639.0,19.0,0.0
6f19bde0-393a-4150-bef5-7f3a19ddc9b5,21.0,80388.0,20.0,0.0
404a5a86-ba71-4b32-9907-286c8259842a,27.0,80775.0,16.0,0.0
becdc85d-b6e0-4630-af0e-36aeb91c7bb4,27.0,61147.0,11.0,0.0
8eb99fdf-9c4a-4adf-a32d-09d1dd02d5e0,41.0,80526.0,27.0,1.0
a4f7b3e5-e012-4e77-812c-6eefdb32b61b,38.0,53659.0,17.0,0.0
44f25dcd-570c-4209-9632-bf16eacc0509,28.0,139807.0,2.0,0.0
afc37664-6215-4762-ad68-eafcfe740e9a,44.0,134663.0,4.0,1.0
55f78a51-a60f-41ff-86b7-dedb23e93324,33.0,112096.0,13.0,0.0
393d0fb9-b0b5-44a4-a071-3bda06f445bb,43.0,142180.0,25.0,1.0
1fa28bf6-4e8e-45c8-a614-d5b72661cc6b,47.0,53088.0,18.0,1.0
8ce4974e-ed8a-4034-ac6b-7975d9507a90,33.0,98464.0,16.0,0.0
5c83f3c8-c6b9-4f00-bbf3-52b650dc77ba,24.0,135921.0,38.0,0.0
270ba151-1404-42ff-9029-4f917320949c,33.0,89998.0,3.0,0.0
1fc0e05e-a8f3-47a3-88f5-cf579423db0c,52.0,70382.0,34.0,0.0
7c794aeb-ab3a-4a33-9616-3bb9965d057c,33.0,58184.0,23.0,1.0
7046bad0-1bde-4394-a370-208be1349b85,57.0,50099.0,12.0,1.0
14f59cd9-67b9-45dd-9c62-8a5fd886d79d,29.0,99810.0,32.0,0.0
4452f204-1806-43a3-9e04-5c27c885907e,52.0,120506.0,14.0,1.0
8bfb0405-2e60-4fef-a36c-126d64943723,38.0,121280.0,14.0,1.0
1d31401f-d755-4fde-9ed2-a19457de0092,53.0,67739.0,30.0,1.0
700d7263-e052-4943-b293-f6e8781e734f,34.0,38389.0,27.0,0.0
39bbf78a-0280-48ea-a6cc-816250d5272a,49.0,47352.0,9.0,1.0
ec87fcf7-8e7c-4172-8e4a-89921bd5be98,58.0,147843.0,6.0,1.0
5ea3bbab-7a6e-4ac1-a272-593a13662d28,23.0,51148.0,32.0,1.0
48749a04-68d8-48da-828f-28d4e81a1b1a,41.0,61828.0,6.0,0.0
7152dab4-16b6-4abb-b6c2-54afb8656a2a,44.0,98040.0,4.0,1.0
cc854404-dec3-4a24-baaf-139d5ce67068,37.0,86795.0,25.0,1.0
1d40e2c6-1b0c-4bbc-bd13-d6819be0723b,42.0,88620.0,15.0,1.0
5a7172f4-27ac-4261-888d-06237475625b,19.0,134310.0,7.0,1.0
55af9f61-5dae-4ee3-af45-c773036d9863,26.0,124279.0,21.0,1.0
576db312-fcc6-4b1b-8cbf-37f38112e53e,45.0,124430.0,33.0,1.0
8665efcf-58c6-4f99-8117-20ef93447f71,55.0,126531.0,39.0,1.0
5be7b1cb-0665-4ba8-a2c4-df84296544c6,20.0,87114.0,27.0,0.0
59b51217-ecef-4bb1-802f-fde91b527aa4,37.0,70711.0,35.0,0.0
77042625-f38b-4bf8-b972-7bc6433544e5,23.0,145957.0,6.0,0.0
64333026-b4c3-4320-880a-6c63337ab6df,56.0,47748.0,39.0,0.0
add2d8eb-534b-4bf1-b6d6-a9a8d944af1b,50.0,118636.0,27.0,0.0
c90c82b9-c1f1-4da9-ad7f-fc9bb66e09b4,18.0,63691.0,1.0,0.0
274e5cab-4665-4cc6-97f3-7af24268dea9,54.0,145158.0,8.0,1.0
cb8847f5-66ba-4a3d-aeb7-ccc44b6adda3,23.0,118517.0,5.0,0.0
b63bf986-581a-456f-9cc5-691148674fa6,51.0,95282.0,0.0,0.0
c8a78cf2-6f63-4de3-bba2-1c1d02c7425a,32.0,128244.0,2.0,0.0
d0b5df22-66b4-41b1-8608-38220a46bfcf,43.0,90360.0,9.0,0.0
57d10323-0eca-4d45-a874-04501c5cf516,31.0,40246.0,36.0,1.0
2e69a579-6421-413e-b396-7d10af2b311b,24.0,140779.0,22.0,1.0
1b671711-e754-4e0c-8b6d-4f55cba957a7,48.0,89395.0,32.0,1.0
8f4d2654-d779-4084-8282-042666aecab1,41.0,62486.0,8.0,1.0
f17bbd80-d09b-4266-8f06-aef858512a4c,48.0,60340.0,12.0,0.0
afc0d441-fb18-4c4e-9ed0-1f89cf02ebc0,46.0,114874.0,27.0,1.0
93ca0fd1-0f79-4e62-b56d-d1c59865c56b,59.0,80300.0,6.0,0.0
fb9fd52b-8b10-400c-b432-612a35dc7025,49.0,33086.0,25.0,1.0
b36e733c-cdba-4792-a1bf-6b1764c7b79c,34.0,121071.0,15.0,0.0
2fc02056-c4e2-43a6-9930-10054fdf81ea,31.0,44860.0,39.0,0.0
d0611fcf-80f0-4c42-83d0-7c151321a4f0,57.0,47013.0,25.0,1.0
3289ae9d-b1de-41ef-9d85-cdab50b74b19,53.0,37407.0,38.0,1.0
d9392695-183b-4ba5-aadc-38221a3008f2,41.0,63542.0,31.0,1.0
e2780758-634c-45d3-8061-c41103a3b23c,44.0,54935.0,35.0,1.0
56cc90d8-c579-41f4-af68-964fa545750b,42.0,137013.0,0.0,1.0
789113f3-12d7-4b8a-aeaf-8fe2c438209a,49.0,79079.0,20.0,1.0
6e01df6e-3a2e-4555-88c4-fee9cd54c895,35.0,64111.0,12.0,1.0
f98d0e2b-6870-402e-b10b-e169d38ef76d,35.0,86550.0,25.0,0.0
8f49854c-c05f-493d-aab2-7907ff0587a4,54.0,105697.0,8.0,1.0
f3d456e8-01ca-44b0-9de4-806d245fdf18,43.0,119117.0,36.0,0.0
255f65dd-1c7b-45d5-9c0f-688765288e62,26.0,127813.0,22.0,0.0
932456d4-af73-4a3c-8bcb-831ff5a8eb8b,52.0,116936.0,0.0,1.0
46b24aa7-e40f-486e-b7b9-8f9d3b99707a,25.0,106955.0,1.0,0.0
5a61065d-b23f-40c5-b83b-bf904e7984dc,37.0,70565.0,27.0,1.0
74be4c4f-f4ae-42d4-a7f6-5e3edeb1f5ce,59.0,49283.0,35.0,0.0
365dfd59-8a66-4472-8fe3-b576ad639448,39.0,96470.0,30.0,1.0
8599b43b-59b5-4e72-a664-6a36db1ede16,36.0,130290.0,4.0,1.0
6c0520d8-c2f0-4bed-9803-c6f3bf46762b,47.0,116916.0,36.0,1.0
b33fbe93-1155-4908-aab3-37c73c8507a8,45.0,109552.0,24.0,1.0
e7cf6ed8-2583-43f9-803e-7526f331eb72,52.0,68233.0,7.0,1.0
bee770a9-5651-49c0-a421-01ef2e3a8899,28.0,52695.0,33.0,0.0
c9692cdd-bf0d-4c5f-8237-4f638bfa4323,48.0,120488.0,38.0,1.0
66204268-4386-4545-b362-680a1ad38c2e,56.0,72734.0,31.0,1.0
7113fafd-27c9-4483-8f04-0f5df17679e3,53.0,111257.0,10.0,0.0
042727a0-6f5d-43af-9a65-d1d1edeb1871,47.0,31505.0,24.0,1.0
b46f95ba-883f-48d1-a7e6-0bd918901848,40.0,35363.0,2.0,0.0
e02b9ea6-8d6c-488c-9702-5f460c1928f3,36.0,78708.0,31.0,1.0
e13a6617-57c0-4556-bb4e-809911095f02,29.0,73614.0,34.0,0.0
ddedc6cc-df4d-4ec9-9231-4005b69de4a0,32.0,31010.0,31.0,1.0
5086a0ef-f9df-4134-8af9-e5c9e67ded88,48.0,143228.0,33.0,1.0
a9a4d699-2437-483d-a045-d3f244aebe86,54.0,141786.0,36.0,0.0
7df04af5-c640-41e1-8d7f-b7e021414229,54.0,49861.0,4.0,0.0
eab57882-7a39-41ea-bd77-14487080ec13,32.0,54125.0,27.0,0.0
f51d7806-e053-4ffb-854e-22bee9f8080f,46.0,39369.0,27.0,0.0
913305af-03dc-4093-a5cd-dedc2cbd83c4,43.0,99393.0,7.0,0.0
fdfbfa11-7952-4161-8694-87fb0da56fdb,19.0,56671.0,26.0,1.0
222bcf59-a612-4716-b181-72eb31f97c05,37.0,105400.0,15.0,1.0
1facf146-7739-4679-9d0b-3970455da367,32.0,94512.0,17.0,0.0
e7b81412-af9b-4ab0-a793-9e389dc0c640,21.0,128026.0,24.0,0.0
393e8119-005e-4117-bff1-59facc54ca31,39.0,105656.0,0.0,0.0
6dd05e15-7047-4f48-8b25-9911c3d1ec1d,55.0,115759.0,7.0,1.0
23ea4fe9-b279-442f-b137-e4554fb3ce32,40.0,127686.0,20.0,1.0
e7f065d5-4e1e-4c50-9976-a17c53b7e4e7,43.0,74138.0,33.0,0.0
5172dcbb-37b4-48b2-b80a-fd3d7d615c60,28.0,83420.0,23.0,1.0
1cd92fa0-c63d-45b1-bda2-a694261a166c,45.0,98089.0,36.0,0.0
b0c20250-ee69-43a2-9de7-570c1e5f9997,19.0,45489.0,25.0,1.0
e4677928-77db-4f2d-9d4b-9c9b3c7ed62f,25.0,89789.0,13.0,0.0
581478e6-90d6-499b-bd57-01c7ef78b5e6,46.0,99925.0,28.0,0.0
1f5c0abe-a5d7-4249-892d-8f03c745420f,28.0,79703.0,29.0,1.0
41669304-ffad-4472-a71e-49a1d9a1b050,54.0,117486.0,2.0,1.0
498cb52d-4573-4dfa-ac6a-732181fb2dbc,35.0,106625.0,6.0,0.0
f9a7fa94-76b2-42e8-bfb9-18881aad1c2b,31.0,137535.0,35.0,0.0
46a52839-3d89-46d6-b0af-88042183b5bc,27.0,88228.0,10.0,1.0
fc7ccde2-9ebc-4382-9a49-25bc9852ad0c,52.0,33051.0,31.0,0.0
b6d74932-6072-4e20-b790-734dcd2adefe,26.0,68090.0,11.0,0.0
bfa2aa0a-a080-457f-9f40-4f0afb0be2b8,52.0,58805.0,14.0,0.0
54e2f95c-30a3-4d3c-933c-6fba62dac928,28.0,124978.0,37.0,0.0
99cc100f-b420-4394-b4ab-6a6997dc1ee1,29.0,74557.0,23.0,0.0
5f66468c-5acd-4e91-85db-485a45f682bf,20.0,32555.0,0.0,0.0
b4756118-3c64-44e1-827c-3f166b2ef1bd,56.0,80241.0,17.0,1.0
3951a7f3-bf91-420b-a04c-d458ff562c06,31.0,108303.0,6.0,1.0
b7b3619c-f282-4ef6-86bd-f07c0ed4f7fd,45.0,95994.0,1.0,0.0
c987a8cf-de41-4410-ab3c-400bd00e0c87,28.0,144005.0,39.0,0.0
7a213fc3-fb88-4d06-ac3c-dfcd984f6b9f,56.0,46066.0,30.0,1.0
3775d736-055e-490c-b8a8-ee810dd3d314,42.0,34721.0,32.0,0.0
9f4f9f35-91bb-462f-8155-f0508d1ad83c,38.0,107982.0,29.0,1.0
85e1cb02-dcc2-4aa9-b48c-0dbf902b975a,27.0,36304.0,30.0,1.0
08d62146-7540-4ff7-9c59-14f42b22c2bb,32.0,141869.0,33.0,0.0
b66ce62b-afa7-44bc-abef-50d5043bcf8f,36.0,72967.0,6.0,0.0
f5268730-f652-4ef4-9131-929af39cc493,39.0,130224.0,24.0,0.0
c37442cc-7fe8-4cc6-8f6a-0b9520a167cc,38.0,108763.0,15.0,1.0
071229ad-c5af-4fae-be09-63f7654b437b,49.0,70462.0,21.0,1.0
d8e8bcfd-a984-4bcf-a5b1-c0a42de8376c,40.0,101834.0,35.0,0.0
24e42d8f-afe6-43e1-8959-b3eebb19e0f2,30.0,134933.0,26.0,0.0
bd3c0160-f644-46f4-8476-33154ef4466e,22.0,141023.0,16.0,0.0
250aa130-4a3e-4dd9-a4f7-3ad8fa353d58,21.0,133450.0,3.0,1.0
58618225-a1d6-4a5a-8a08-570beaed530d,45.0,80155.0,34.0,0.0
062d4e3d-4a9f-4ac0-b725-bfaf9cce63d7,31.0,147771.0,21.0,1.0
8c7576a4-215f-4811-b90e-c165f579fad5,25.0,105842.0,34.0,0.0
f93af8a4-6f2f-444c-9a06-605524a65fa2,26.0,32589.0,14.0,0.0
964c12a4-d1c6-457a-8919-f509d9c34448,52.0,67078.0,39.0,1.0
23d8a584-d372-44b4-9b3a-e977efb4a2bf,54.0,130545.0,20.0,1.0
3f282f54-1764-4267-b1ae-5cffd9d889c1,38.0,84918.0,12.0,1.0
f11f190d-5a46-4bd4-b4dd-d2a557eced95,35.0,43601.0,10.0,1.0
05ae05ec-7320-49c0-bacd-0a52083ebd3c,50.0,37711.0,26.0,1.0
aa9fc8be-9d59-40f4-95fc-b5de50b3b59f,25.0,116900.0,30.0,1.0
e4faf353-5afb-4ad6-b3a6-7b3455c77fd9,34.0,89430.0,31.0,0.0
1e7b97ce-f2a9-43df-90d5-40d1ec77b595,48.0,93327.0,29.0,1.0
61b51f02-b450-4416-baee-fefab612ec7d,51.0,129242.0,17.0,0.0
d03d99e1-991a-43a2-b422-33f88d329df5,23.0,125146.0,15.0,0.0
17de9d1c-84f3-4af8-9470-58d0a370a373,39.0,132605.0,34.0,0.0
f84d5f7f-c661-4814-9e16-164b6052f437,31.0,33970.0,8.0,1.0
88e2c5e1-78e7-48ba-bd93-5b6f854bedbf,20.0,99535.0,38.0,1.0
cdb19e46-d52d-4f03-8c32-80e87940f690,29.0,116570.0,36.0,0.0
e78a9c75-2af3-4b88-b54f-52da15b0ba33,53.0,66176.0,9.0,0.0
2b12b48a-37c9-488c-9fea-d0be2056f78e,29.0,142111.0,11.0,0.0
d8fe2de1-abea-4615-b182-1117848d55c1,19.0,71730.0,7.0,1.0
4ae61ccd-cd91-47fb-b7c5-6bd2b697da4c,19.0,112168.0,2.0,0.0
619b56d1-7e1b-454b-9a87-6e50bdc011fe,32.0,43385.0,18.0,1.0
d2c3d87d-71fc-488b-b8d0-67865ae2f88f,40.0,35950.0,10.0,0.0
f9752e80-3a45-4f0d-b362-689c3941d042,46.0,131230.0,7.0,1.0
22670fb5-8415-4859-9d24-7d80a9528648,34.0,103511.0,25.0,1.0
895f0dd2-7479-4515-8991-736165bae887,49.0,83009.0,22.0,0.0
b6ea27ed-0df7-4bb9-9f5c-25ce438b392f,24.0,116850.0,9.0,1.0
28187626-7443-46cc-b343-bbfc4c50bb1a,47.0,53398.0,17.0,0.0
0017dc0b-0756-4842-a182-6f0135d2fe38,45.0,55277.0,11.0,0.0
7e3a9d1c-06df-4b50-a46d-3104d4a82448,31.0,56761.0,38.0,0.0
935d7385-cc44-4829-ace6-86b2194c362f,47.0,94435.0,25.0,0.0
3d97d36c-8120-4506-a58e-b2a7a4297a1a,34.0,93944.0,10.0,0.0
06c730e0-aa32-4725-aff7-8e79798979c3,49.0,61533.0,9.0,1.0
f87ac718-9e07-4370-bba4-556e04daf6b2,23.0,102502.0,2.0,0.0
6ad28eac-7098-44c4-a285-1794b289c05c,41.0,137437.0,6.0,1.0
cbfa1017-c2f4-49c5-906f-ca0fc1ca8055,23.0,102123.0,3.0,0.0
cb1cd850-a57e-41cf-9129-fbc9e8a9ad88,44.0,52880.0,39.0,0.0
b9eda2fa-af86-4dc8-b9fc-5483d22dfbb4,35.0,100627.0,7.0,1.0
ecc646c2-965f-4033-ba30-9746147ac6a1,41.0,71753.0,37.0,0.0
2a2ad533-ecc4-4f0a-af35-5995846a51e3,54.0,126666.0,12.0,0.0
6bc5681a-a9b9-404b-b0d6-33420ba46f6c,41.0,112597.0,11.0,1.0
5d9c2531-437b-469c-98ab-fbb15f7dce01,55.0,117829.0,34.0,1.0
688953fd-e142-49f7-9772-f786f97f2bdd,51.0,31561.0,37.0,0.0
915f305e-3a25-4415-ba5f-19d433f07846,57.0,83205.0,35.0,0.0
146ea0dc-dec7-4ef7-9410-916233696e80,32.0,136948.0,1.0,0.0
9f64a286-2faf-478e-9d46-6d2420aa4118,28.0,89810.0,14.0,0.0
e764cfd1-0155-4c5f-9d7b-fbaa8ec5fdd1,39.0,143089.0,33.0,0.0
e7c5adca-a7f2-4723-8c6e-e8bdba5e9b9a,41.0,94482.0,38.0,0.0
d4bf2c1c-80a7-40f5-aaa1-cad47519bb44,18.0,99192.0,25.0,0.0
03dd4f45-4183-4b17-a298-66754639aa53,35.0,117154.0,4.0,0.0
c64bd9d8-d70a-41dd-b905-c67a3539fba2,29.0,116066.0,24.0,0.0
ffdaea93-d2f7-4dd2-af38-6cc0821eed38,45.0,117408.0,33.0,1.0
0948d21e-4bcc-44e4-bff4-438b0b584529,57.0,58330.0,3.0,1.0
ea347826-3d98-4b60-8375-0f6081ff31db,24.0,46139.0,33.0,0.0
a41294b4-032b-4495-9cf3-26fc54570798,40.0,62977.0,26.0,1.0
990c2913-ff59-4bd2-b29d-668b146416e6,38.0,34983.0,28.0,1.0
dee68a5f-4e86-40e7-818a-256ab8df35b5,51.0,69909.0,4.0,0.0
7399f301-fcbe-45d9-af47-4924eaa097e3,28.0,138422.0,17.0,1.0
1a99eb62-9e0b-467b-af8a-16a35aea4b22,39.0,94480.0,3.0,1.0
3a139edf-18dc-4240-b439-a027e7695b22,59.0,79029.0,0.0,1.0
44490dcf-1d54-45f7-ae82-3746ce5e18a8,52.0,51329.0,19.0,1.0
6b15f9d9-b3a8-4c1c-a2bb-a6b92beccdde,46.0,66734.0,5.0,1.0
f99f02fc-b6e5-413a-8916-dd604633d928,59.0,72837.0,19.0,0.0
27156b40-7c04-4582-a313-d8a18b5241a2,45.0,104354.0,19.0,0.0
691cef3c-9072-4297-b3cd-5987480aa755,35.0,106454.0,26.0,1.0
98e4f063-71f0-411f-96e9-95ef099a4a30,31.0,137954.0,25.0,1.0
cc16bae2-71c4-4429-9973-1f01086120a2,35.0,147512.0,31.0,1.0
c96b07ca-98be-471f-aaa8-695b78766834,45.0,96786.0,9.0,0.0
97fd3738-bb9f-43a9-803a-2732dca7820b,41.0,34758.0,17.0,1.0
dafa6875-546e-4354-9f14-65113a1c78a0,25.0,132667.0,11.0,0.0
1c6730b8-f1e8-40e1-bc1c-0c5a01274b06,59.0,97699.0,9.0,1.0
10b89bcb-5c2e-47a1-839f-91e2ec6e8e15,25.0,138119.0,23.0,1.0
bfc63ae3-bbd0-4e90-8d95-2f17d65b2044,21.0,130157.0,23.0,0.0
28dabeb9-b97c-482e-918f-577ff67d1dc4,44.0,112673.0,37.0,0.0
0a2e739b-ddcf-4de5-ba4e-6dea7dba1296,53.0,127639.0,24.0,0.0
619ef37f-8221-4092-83f7-9f3765a5e227,22.0,51832.0,7.0,1.0
d1e49d8d-8469-4e70-b75f-89d24494d22f,50.0,31868.0,13.0,1.0
e261ace3-d816-4abd-b165-d95f126d2f89,51.0,144869.0,30.0,0.0
316e6d47-cc58-4e4e-b178-337d1c95ae47,47.0,80665.0,23.0,1.0
f2b9a523-4018-4de2-9513-2c97b155b84b,25.0,143872.0,15.0,0.0
ca4e7b95-8016-46a1-905e-bbf4af94319b,56.0,71862.0,19.0,0.0
f66d7688-df07-4837-ae74-c0d0c9b97c6a,43.0,49728.0,37.0,1.0
a19b44d9-46cc-4c99-ba19-2bf5cead97e0,54.0,133542.0,14.0,1.0
9de29c6b-9cd8-4dfb-a2e5-0bdb7d7bb361,51.0,123565.0,13.0,1.0
5302fb41-2e3e-425c-9945-1f23d2c10419,24.0,69857.0,11.0,1.0
e63be148-7e39-4ceb-b4a9-7126b1c113e6,57.0,58183.0,33.0,1.0
a5c5156a-3993-4422-a7e2-b2b555c039de,45.0,118321.0,7.0,1.0
7c47fbfc-23f4-4ba7-ba3e-e676b0e3d0e4,56.0,48940.0,18.0,1.0
1ebfcb8f-ef6b-467c-9edb-2451706d84f5,56.0,35280.0,4.0,0.0
9a215934-a08b-49ef-b642-86c1d0d5c16c,45.0,132548.0,26.0,0.0
5be538a0-b15e-4ca2-a8d5-b751eeb73aff,31.0,32164.0,12.0,1.0
f9610731-0470-48ef-8f4a-6a20c847db0e,55.0,122724.0,31.0,0.0
07734025-19af-4021-ac12-d5acf7a39508,21.0,143453.0,30.0,0.0
c3544d3d-b301-411d-b5b6-320e4072e2d2,59.0,109624.0,36.0,0.0
a94df969-15c8-4cd9-baf1-aa459a47c458,35.0,48405.0,1.0,0.0
30744c23-c4e2-4b37-a638-c7cb67b2b668,42.0,32821.0,6.0,1.0
a77d81ed-355a-4bd5-a22b-01b78281cd07,24.0,85090.0,10.0,0.0
a2dd73e9-44be-4b7b-a528-1bfaf05f9434,55.0,52516.0,10.0,0.0
e17be2f7-e846-4baa-a2f2-91d7864b7e71,45.0,40473.0,22.0,1.0
5566ffde-ad3f-4af9-baa6-76f232a9dc96,22.0,76454.0,30.0,0.0
29bb60c5-05a2-418e-84e9-a07a4df39ed0,20.0,72530.0,7.0,0.0
356208b5-3b50-4d04-b48b-756c815d518f,48.0,134273.0,31.0,1.0
e6f11a32-fb42-4a54-8c8a-822a39f31eaf,59.0,107714.0,20.0,0.0
8980adba-a529-430e-bf1f-e2e6e3159503,37.0,134472.0,30.0,1.0
4dd492c2-40b5-4843-b76f-4dfe03fb632c,36.0,122554.0,0.0,1.0
d3e18584-f11f-4db1-aed1-0e3c15f740e3,28.0,112633.0,12.0,1.0
e86fa3eb-d0e7-4bb2-81c2-fc6864e49f20,57.0,109632.0,10.0,0.0
b1a9344b-f643-4b13-afd8-a44fb9719b2d,20.0,135507.0,28.0,0.0
a0cf202b-5f89-43ae-a339-7e4c8b2a6273,40.0,99081.0,3.0,1.0
9295f1f8-c42b-40bf-a4d6-794dc9d8582d,24.0,54798.0,35.0,1.0
cda80bb7-6e80-4153-a61e-ec86531b70fb,40.0,30863.0,14.0,1.0
53b2a62c-9e08-451d-98f5-e06e1ebf00f6,24.0,46148.0,2.0,0.0
6d676b31-cd27-423b-afc7-348462990ef6,51.0,116545.0,28.0,0.0
8fc853c8-4b98-4020-8096-1bb953e75c00,59.0,84459.0,20.0,1.0
a8571f5e-fefe-4ade-abae-cece1553d15f,36.0,113345.0,1.0,0.0
2a1d98e5-a2c7-442d-9291-954928886117,26.0,114224.0,5.0,0.0
fea4736b-cd8d-49f1-9e7d-3debb5f43923,35.0,96189.0,30.0,1.0
206b5bdf-0443-4c4a-ade4-b0493ac5b16c,58.0,38129.0,23.0,0.0
e9d412bc-5cc1-48c7-b035-c5153fe84d51,59.0,121954.0,39.0,0.0
d76e0183-f5ce-4896-bc03-67743b7786ad,42.0,53118.0,16.0,1.0
5311cf79-78e5-469c-ac74-5d15c81903ba,31.0,30443.0,4.0,0.0
ddbe5480-d342-4b7b-b4fb-71f44f26a3bc,42.0,57041.0,1.0,0.0
18bc775a-0c50-43b5-8b4f-56208d33fcc4,36.0,119379.0,11.0,0.0
0cc7e859-93dc-41eb-a1b5-81a569e641e7,56.0,51053.0,4.0,1.0
2f9e3b18-4510-487c-8628-513e7d86b79d,32.0,126384.0,19.0,0.0
a11f6465-6a8a-4438-ac28-9cf3e79766db,33.0,133410.0,7.0,0.0
85c8ece1-e6b3-4c0a-a4a0-c89808e1c22a,44.0,67204.0,0.0,0.0
f183bcbf-ce20-4af7-8560-42c88be147e9,57.0,147545.0,5.0,0.0
f2c4ce9d-3477-4cc9-a8c6-f53d7f2e3be9,27.0,72240.0,10.0,0.0
cc39dc21-db39-4e22-8c20-0c08498b992c,21.0,131343.0,2.0,1.0
91600bb9-619b-40ee-a07b-c52c34557045,36.0,123749.0,30.0,0.0
eb281729-e335-4fef-956f-6f2796f8f19b,45.0,91102.0,27.0,1.0
1c00a69f-3256-495f-a299-a844dc32f235,38.0,38291.0,4.0,0.0
863bb818-1b87-4633-b150-ae1106c1938f,31.0,138582.0,25.0,1.0
8c7061be-e6b0-4feb-9c76-a616c583e336,50.0,46285.0,15.0,1.0
2a536631-7620-4486-819c-f65159a05f7f,27.0,122422.0,30.0,0.0
9c751b9b-3109-4dcb-b9f0-29be09c30b51,36.0,91589.0,27.0,1.0
13dad728-43de-462b-978b-f911b77efd34,47.0,43944.0,6.0,0.0
21e75500-cabe-4dfc-9a1d-c456ac5f8d7e,39.0,131041.0,37.0,1.0
fb2e2746-8083-4ccb-a322-44371e76c32b,20.0,118876.0,8.0,0.0
a6833f99-ebea-48c0-b60d-7f6278dcaa77,54.0,125561.0,38.0,0.0
b18e8c6e-b41e-4c3d-8e21-9f8459328b96,58.0,84391.0,34.0,0.0
f784f9fd-183d-4daa-b8d3-bfd5959febf0,35.0,31607.0,26.0,0.0
5d8caf8a-076f-4922-8091-061152041180,28.0,32953.0,11.0,1.0
785901eb-531a-4baf-8bac-6a5cfab83ea5,19.0,74941.0,24.0,0.0
4e115a78-61c7-4973-ba7a-329fdef6797e,29.0,101469.0,28.0,0.0
2d590f8b-4bfc-437a-89c6-e2fcb7cb8a02,23.0,106922.0,30.0,0.0
d8af94b4-373b-4a62-8e7e-b8efb42a05ab,57.0,91683.0,33.0,1.0
7ac328b9-d127-4830-9ed2-aaca7526b3a0,46.0,143525.0,32.0,0.0
f27b3f29-71bd-43da-8155-06d6f9f6ecd6,47.0,100218.0,26.0,1.0
8baa35a7-6bb5-46f5-9a96-f860e2b7aa2f,19.0,143157.0,1.0,1.0
99d432fb-9434-4771-80f6-49bf050c5b60,26.0,139588.0,13.0,0.0
fee871b2-8099-4739-9db3-22930c0efe5a,19.0,41154.0,12.0,1.0
a90bae2e-f8d3-4ae1-8a4c-be33f20eb11a,46.0,39047.0,23.0,0.0
f4ee6bae-0df0-4c0f-a289-46a6b4c99801,50.0,118529.0,4.0,1.0
9894641d-3fe0-4128-876a-5416e170145b,27.0,105874.0,33.0,0.0
8a8c8220-8e10-41dc-9978-54b00a618673,51.0,44323.0,22.0,0.0
9a7f2087-a75a-4f68-974f-d9abdf51899e,25.0,67693.0,18.0,0.0
42c48931-7a3d-441c-96fb-db73c1b2ab5f,54.0,88730.0,29.0,1.0
41182ef7-78ed-4cad-be01-9ff9a4cbd13c,50.0,119170.0,15.0,1.0
ef69ff0a-b29c-408b-a59c-b064dc839dfd,23.0,56292.0,39.0,1.0
88547e0c-7d1d-4012-8364-141d4a68b985,57.0,134087.0,33.0,1.0
0d9e1723-551d-4ea1-a74f-664afd071cbb,36.0,75111.0,10.0,0.0
7f3670c6-36b8-4b0b-8d37-c534831323a6,49.0,105453.0,13.0,0.0
414491ba-9c1b-4ad9-990d-12442e45a5b4,44.0,105681.0,14.0,1.0
e7b83b05-9f6a-4003-8a51-633ff0d12271,18.0,125253.0,34.0,1.0
5509f481-0969-4754-9158-2f987491ee72,50.0,69491.0,6.0,1.0
39ee2ce6-6a3c-48cc-8e7c-d4d796fa5074,57.0,79336.0,28.0,1.0
04643111-1bd0-43e1-b01d-1b198ae86213,49.0,46905.0,21.0,0.0
54313473-0074-441d-a4f7-ba583e6d153f,22.0,60273.0,22.0,0.0
df1a6fc4-6ba0-4379-b6c9-555986263b32,34.0,145936.0,23.0,0.0
3e00d788-799c-4a8c-bca9-94598c6a0936,25.0,56234.0,34.0,1.0
1bdcef6e-b626-4ddf-a94c-6d8029835676,59.0,108885.0,9.0,1.0
e272e86e-f759-4989-9c98-ef557bf1831b,51.0,96538.0,7.0,1.0
824fbadf-e2dc-4d15-a9b7-fca32761d991,26.0,134570.0,11.0,1.0
41d2a087-13bf-4ede-9d6d-4b3a1763f8a0,40.0,62573.0,28.0,0.0
387d04c6-e174-436e-8186-6aa6f3ec9a1f,52.0,123339.0,28.0,0.0
9adc235a-4161-46ec-94a6-d1ad619c4a5f,24.0,94320.0,22.0,1.0
90ae0b9f-5707-408a-a42e-f0f8e7903082,32.0,41330.0,25.0,0.0
9ad3dbc2-87df-442d-843a-5cfd816b0f57,37.0,122040.0,36.0,0.0
e0f7e437-8745-41ec-848e-97b64d06b3cb,42.0,110516.0,31.0,0.0
e8b19291-5452-40b4-8298-e10743544225,20.0,102553.0,37.0,0.0
b01ccad8-a164-4166-b219-e0a8c42024d5,41.0,71353.0,5.0,1.0
8228c497-b06c-4af5-9aed-dbbe27e88132,51.0,46011.0,7.0,0.0
c1b24af7-ee43-4ff1-b015-3233eefd998e,39.0,113537.0,16.0,0.0
6a702dc7-39e5-446a-8ea2-b93ab664b4c3,28.0,90985.0,11.0,0.0
f17730a0-42db-4b1c-b684-bf817de78209,25.0,47044.0,21.0,0.0
7a774cea-74bf-4066-9415-06f078a47854,56.0,68292.0,13.0,1.0
84f32de7-a449-4a0b-ad11-f8b3e28e122a,52.0,35250.0,33.0,0.0
98aee181-145b-4e18-8ac1-357aeb9a4e1c,55.0,135816.0,18.0,0.0
3baf190f-8f00-4d01-919d-8929ac19b498,25.0,53289.0,5.0,1.0
2254f579-7529-4f1f-9c17-f439fe801440,54.0,63087.0,17.0,1.0
771eeafd-c449-49b8-9a92-add46ac45879,44.0,105952.0,35.0,1.0
89987853-c3ba-4af5-a714-d536c70ebf1f,45.0,120695.0,36.0,1.0
24f47b54-f6c0-4ac8-8de1-1dc876a62028,57.0,66368.0,37.0,1.0
9b5e892b-d045-47af-808c-acf80780da42,51.0,100815.0,14.0,1.0
68452819-1d4d-4fc5-bc53-b15b742f39de,49.0,120693.0,37.0,0.0
d01eaafc-36f1-4881-92a1-cdcebc309159,32.0,91040.0,39.0,0.0
d491f54c-cedc-4576-a6df-3a74d5545cf8,34.0,146455.0,8.0,1.0
848f7ee9-77f7-4c0d-b85b-fa55ceb73a36,50.0,88900.0,5.0,0.0
51ef7934-b4d7-4206-b8c7-450bd445ef0d,33.0,45494.0,1.0,0.0
3be7f73e-e396-4d3b-82e5-d2ab99df46ac,46.0,146486.0,15.0,0.0
06e8e70e-d7aa-44c1-9594-4cdace1b4681,26.0,75166.0,0.0,0.0
822a2618-6876-4829-bf9e-af2e63ed2840,50.0,121110.0,29.0,0.0
c68f1d5b-3653-469f-b01d-b07e2b821e24,46.0,55333.0,32.0,1.0
398fccd1-461d-4b36-8146-4c2de06556fc,30.0,63050.0,0.0,0.0
efb22387-fbbd-4cf6-86cb-61b9061fb170,38.0,127799.0,38.0,0.0
f416f37f-8d00-46af-9d46-3a1cec902a8a,38.0,128075.0,15.0,1.0
8711aa12-4572-4b1e-ba53-cb81d2d647b1,22.0,109566.0,16.0,0.0
c4d48f8a-d3dd-456d-aa18-36352bf2069d,27.0,118257.0,37.0,0.0
0a757f0c-1e83-49e9-bcb5-96d2936dc900,23.0,78070.0,17.0,0.0
89a9d991-15be-4c97-b963-253bd0904127,30.0,35166.0,21.0,0.0
f41ea8d4-ab4d-4217-b285-249eac420549,18.0,37121.0,21.0,0.0
fdff11c2-e029-412c-a923-0d5fcae4d049,37.0,44677.0,34.0,0.0
a43b7a48-a420-4bb4-b7a0-cfceed51b867,25.0,86561.0,30.0,1.0
184f6752-89fb-4782-9cd8-1a201f11c850,27.0,126777.0,39.0,0.0
4aab166e-cf92-4520-8b89-813277fa954e,26.0,111909.0,26.0,1.0
1e91c6b2-7fec-4d88-97f3-9929746344cd,58.0,117409.0,35.0,1.0
404a0980-7a04-42ee-a441-2c610d3c2c33,20.0,67664.0,3.0,0.0
3896357f-6812-4e9c-89cd-d7a1893705d7,28.0,144818.0,4.0,0.0
d7f5cda9-07c0-481d-a67f-5f110706cfd3,29.0,31293.0,24.0,0.0
a67caf7b-58e1-4870-845d-9c301e301ab6,27.0,52443.0,30.0,1.0
4001b1c7-3fc8-4057-a7a9-0f8aba055ef9,42.0,135261.0,13.0,1.0
668aa9f5-948a-4e51-a014-5cfed44b912f,42.0,79212.0,29.0,1.0
81126c96-ccd7-4ea3-9bb5-99227c551050,28.0,114131.0,11.0,0.0
fc08ad15-a021-4d11-8664-aa357c0ff9bd,53.0,105276.0,26.0,1.0
c82799b5-71fd-48b9-a9f5-fcf93940e982,56.0,42559.0,23.0,0.0
928a0960-0c8f-4612-96c0-42133898b2a8,43.0,95231.0,29.0,0.0
2c79e267-c76f-4632-92c9-312f60ec6fd0,31.0,138277.0,17.0,1.0
3ce4cc59-0622-4061-a9a0-63c15877ba8a,56.0,69044.0,13.0,1.0
ab6bbce0-4ce7-4d4f-84a4-895f8253be91,57.0,51747.0,18.0,0.0
149dabdd-5519-4451-bb35-147231d4b2f5,18.0,136456.0,21.0,1.0
ac722a43-e4f0-41ba-b550-69801b9474e2,21.0,103509.0,25.0,1.0
06b98f0f-7501-4741-8648-a79e41eefe3f,47.0,110869.0,6.0,0.0
5d18b685-5023-48cd-8a51-a664d48502dd,29.0,60129.0,27.0,1.0
083490c3-3103-4e42-887d-f13e17ce2c9d,52.0,30037.0,37.0,1.0
c4cb49a7-8975-4e53-96a3-d066c9f24050,30.0,134294.0,4.0,0.0
3913e118-09d1-4ace-b106-9020bee05eda,48.0,127847.0,35.0,0.0
8c26a8bb-0ef5-4a1e-8350-ac2ed41a9d64,55.0,133742.0,17.0,1.0
8d3f47a2-f5eb-472c-919a-2a8a8ca0cffd,40.0,78503.0,13.0,1.0
2b30d387-eced-4fe8-ae3f-18f490425b60,21.0,58207.0,22.0,1.0
15e7981e-d8e0-493d-bf6e-7de15c8b0cd8,33.0,139160.0,13.0,0.0
58210896-a0b1-4d2f-9630-8a759eb6a1ff,24.0,63241.0,31.0,1.0
c7af8513-de92-41ef-b9af-239c04e56e66,39.0,30058.0,4.0,0.0
72c5abee-4b9b-4de5-84e3-920a792608ef,46.0,98172.0,21.0,0.0
84a968a1-9813-49c0-af7a-696627effd14,28.0,126171.0,27.0,0.0
5583e464-d72e-4543-b571-cc6f3e460e72,50.0,44834.0,11.0,0.0
b3c03869-4a8d-4428-bb50-d5fbec102f19,46.0,111113.0,17.0,1.0
35eabd21-275d-4d6d-8364-9e974f0345ce,56.0,147302.0,35.0,1.0
c752382e-b7ed-4819-bea7-bb570ce7f347,29.0,57190.0,30.0,1.0
ec2a90b7-886a-4a93-93a7-7282282a53a1,24.0,102832.0,12.0,1.0
77fd8b24-cf0d-4bb5-98fc-8aa02589637c,56.0,51383.0,19.0,1.0
b554eeb1-4190-47fa-a45f-85f7cccb0896,59.0,140974.0,35.0,0.0
2f477bbe-d463-4af2-8647-da6e8aa2fabc,43.0,54660.0,6.0,0.0
ad5b1782-9b64-4fdb-adce-3754b4d6b26a,57.0,138029.0,22.0,1.0
dbf7525d-f925-4f1f-aa7b-0eb21dceb8f2,26.0,148485.0,33.0,1.0
a11b8395-57fa-4aec-b02c-82ff3046f960,58.0,32674.0,31.0,1.0
49df9cc0-9ab4-4c92-a65b-5e0915668e79,51.0,144100.0,20.0,1.0
db5f72ab-cfc2-467b-b22f-212e9fa87759,30.0,139369.0,5.0,0.0
3f8b0743-3dcd-4e90-be45-3d14eae2a08a,53.0,52820.0,15.0,1.0
e7b3cb6e-03be-45b9-a4df-7a2f4fd8c404,42.0,115040.0,34.0,0.0
35ef04fe-e663-47d7-9410-61dda9324e6e,41.0,55666.0,19.0,0.0
b9fd88e8-ec22-4891-8ad8-a4460cd5d86b,34.0,73794.0,10.0,1.0
543eea39-36a8-493d-b0e0-99fc423452eb,19.0,32076.0,31.0,0.0
74e9ee30-9ec3-423f-bc1c-4129457a3357,30.0,94854.0,13.0,1.0
03fa5902-46e1-4bb9-8e1e-649530cdd181,48.0,82342.0,23.0,0.0
a5770e8f-a012-4752-815f-c0b34920a38c,46.0,67555.0,38.0,0.0
27579c8b-584e-44f7-8318-ad245da86e77,45.0,85208.0,30.0,0.0
3adfb91f-d770-4ec3-b8e5-47395561aa4b,44.0,62406.0,16.0,0.0
1d0a1d65-1942-4407-bc6a-4128e88b399e,32.0,91572.0,24.0,0.0
d1478921-d49e-462f-8588-61c3d66b27c0,48.0,70262.0,8.0,1.0
a53fe4a0-ac3e-459b-aa05-23b81d889855,57.0,121320.0,21.0,0.0
162786f8-6786-493e-ab36-ffc7063ba67b,32.0,148265.0,34.0,1.0
75d9b552-618c-4363-8c64-8bd4da119ace,50.0,116661.0,36.0,1.0
d0e590fe-a002-4b26-b1de-37452ed66bf0,37.0,53216.0,16.0,0.0
51646d46-c51a-459a-9fc0-18eaac9546bb,59.0,98117.0,27.0,1.0
8665215c-8d17-4e7a-8220-d39cac0069ec,29.0,111136.0,0.0,0.0
3b4e02c1-4f0c-4763-85c3-1b2877ee352b,54.0,60284.0,8.0,1.0
1996ab38-f823-4a9a-8458-4ac3bf67ac85,26.0,50171.0,12.0,1.0
27e85111-055e-4765-ac46-83ab28b26b21,40.0,120627.0,31.0,0.0
7ba55841-b691-439a-be14-21bae359ebd4,25.0,44333.0,27.0,1.0
c6f91937-2077-47e3-9d7a-50ff3cd73a0d,49.0,60535.0,30.0,1.0
25ff530c-dfc9-4438-b025-f65a4471728a,31.0,119023.0,7.0,1.0
a5d20040-d12a-4b73-be44-599afe07a22c,44.0,105940.0,7.0,0.0
eb27de09-a375-4344-8eb0-023e65f9d807,42.0,139470.0,33.0,1.0
dc686fde-687e-4cf7-baff-00ebc32ee709,30.0,63700.0,22.0,1.0
ede080b6-b364-46f7-908d-a8eb65e0d876,38.0,113583.0,9.0,0.0
9ea3d747-5a99-408e-abea-24da83456a85,48.0,71516.0,36.0,1.0
6b6ba11a-7ea6-40eb-9f76-dd975f917c6a,54.0,45577.0,24.0,0.0
c39677fe-2333-4f09-9a0f-820761269206,22.0,119834.0,32.0,1.0
61039dd5-dfd4-41a2-9f95-ca30161b3676,30.0,45015.0,3.0,1.0
497d03bf-dc68-4b11-b419-542e7c523ed3,45.0,121104.0,6.0,1.0
792f0f0b-a3fb-4c50-b65b-590751f89852,42.0,144412.0,32.0,0.0
5aa06e48-1a5d-4478-846e-124646982a0f,52.0,121740.0,1.0,1.0
68dbddb8-fd7d-4b92-96b7-6196a341d499,56.0,127284.0,31.0,0.0
9893c9d7-43f9-4cc0-aa08-a2788e0ed0c2,24.0,121803.0,4.0,0.0
eb4281ca-2c60-4026-b567-7a4a34940397,55.0,51236.0,16.0,1.0
94ae102e-7ad1-4623-9b72-e87b4fe5ffe9,49.0,128151.0,11.0,1.0
aa185ad4-8a9b-4003-aaa2-909626855cec,20.0,96640.0,11.0,0.0
69a759df-50d4-43d3-ad9e-ea3930b09dda,56.0,113190.0,34.0,1.0
f42541a1-6dc2-49c9-866c-4f72bf884a10,54.0,75704.0,20.0,1.0
3da34110-aea0-448d-81de-8e2181ba8b66,39.0,72369.0,20.0,1.0
fea96589-d4b2-456b-bba9-5201e84d2a5b,25.0,33646.0,1.0,1.0
f224f79a-ea26-447b-bb74-85ae6024a5d5,34.0,117007.0,20.0,0.0
37915a39-380f-4670-b648-0716b2cbf9da,44.0,55906.0,14.0,1.0
736f1b84-441f-44d9-ba2b-f06893476b6c,50.0,116643.0,10.0,0.0
9235e855-2819-4bd7-b2b1-69304e002c36,34.0,77728.0,9.0,0.0
04233fd5-01a2-4139-bb85-26e2bcfc9b73,59.0,44878.0,17.0,0.0
c9f4b48e-6f7b-4760-8391-e1aa8517a5bd,29.0,146742.0,22.0,0.0
2894c162-5538-4e94-b846-ab5599394fc6,44.0,39145.0,30.0,0.0
8da5e803-2acd-4648-a210-c2842d427d26,25.0,118578.0,25.0,0.0
aa67c64d-2a35-4e0c-bf93-7d46e99ddd0b,40.0,48226.0,1.0,0.0
8a8437a4-ed20-48b9-b6cb-24b9e416f19f,59.0,32802.0,38.0,1.0
a4aaaa6e-774b-4714-9310-62f8cca2731c,46.0,54119.0,6.0,1.0
8c170ddf-bb3a-4b1e-a88a-9ed953d92290,37.0,93560.0,23.0,0.0
a06e71df-053e-46c6-b71a-c8741feebcbc,33.0,87353.0,38.0,1.0
db647edb-1b06-46e7-ae14-4f4cfb78b492,34.0,144669.0,31.0,1.0
e921ddf0-63f4-4d21-811c-0c96fe9fd2c2,33.0,122721.0,25.0,1.0
63cea4d2-2650-4936-a88e-cf04926981e2,36.0,92126.0,22.0,1.0
cdd442d9-0b95-40d7-89dd-f4c74b3d1700,25.0,101641.0,13.0,0.0
3382461e-0066-4c7c-b16c-aad6fbcabb6a,55.0,81712.0,28.0,1.0
510b42c9-de83-4d8e-b98c-a39261f72c81,55.0,82189.0,24.0,0.0
68204d84-1905-425a-b52f-898f3fa789e5,46.0,87784.0,30.0,1.0
63cb1edd-7e7e-40b8-9369-744d12e4663c,58.0,98285.0,1.0,1.0
ac1a8576-a723-4b3f-b889-0172ca3bf518,53.0,145278.0,1.0,0.0
1112a4c2-2554-4c97-ab29-90a0960f7384,43.0,146056.0,22.0,0.0
b29f2591-7068-4b68-9ec9-667d6b0145ec,48.0,72949.0,10.0,0.0
7e61c35d-0e4e-40aa-8c23-df8fc3deb2ad,29.0,64129.0,28.0,1.0
99b0afcc-5234-41dc-8d23-7b238bfc65d3,34.0,54512.0,34.0,1.0
b1be0fa3-7b69-4d9c-90aa-b49e26afccaa,32.0,132077.0,8.0,1.0
c05edae2-b8bd-48e1-821f-47b05fd962f7,26.0,109031.0,31.0,0.0
ed70a158-610a-4404-9ca2-69a24e667cf1,56.0,93554.0,29.0,0.0
6d272cc4-6fa7-4999-8b64-73e1a6b8c976,59.0,32064.0,14.0,0.0
6c000972-d0fd-4eb4-9f1c-09cd98b7489e,29.0,125614.0,13.0,0.0
c5f06d1f-97e7-42fa-983a-14ffe0e482f3,49.0,81567.0,16.0,0.0
e519babe-499b-4e7b-abda-e8512c93778c,42.0,147639.0,21.0,1.0
ec738675-712e-4023-9636-bd40b017a0bd,56.0,60011.0,29.0,0.0
6260fc3e-d26a-4fda-bc35-9ac4ef1cb120,35.0,101152.0,16.0,0.0
8faeb1ff-afd7-462b-9da6-4a25628de0b9,32.0,103511.0,15.0,1.0
acc64c5f-0649-4764-8b1e-263e9315f5d2,49.0,40960.0,7.0,0.0
c6f48a57-a867-4f85-9bd5-22c7a16b1e4c,23.0,123528.0,38.0,0.0
7b5d1a82-ddd9-43ff-8704-5f8d09183220,52.0,88920.0,30.0,0.0
4c9a91f7-197e-45ae-8bac-e016fa34befd,51.0,51387.0,11.0,0.0
f68950d6-d237-4915-8bdf-cfdc0778cf39,55.0,45324.0,32.0,1.0
134bd708-b1a1-440b-8dd6-466880bbc900,22.0,93960.0,11.0,0.0
9933f1aa-645c-41b2-8b30-25d91bb2c383,35.0,101779.0,24.0,1.0
282127c8-4de6-4232-a735-fedbb3007e6b,33.0,62628.0,37.0,0.0
4c2da920-81d9-4fdb-9f7d-3fdc57412d52,25.0,105096.0,17.0,1.0
b2977739-8bf1-418e-ae32-33612dfa8e54,42.0,77452.0,18.0,1.0
25af0317-beb2-47eb-abfa-573ba41ce17b,49.0,71098.0,2.0,0.0
bc09ae9f-025a-4df1-b642-aad81b8226c4,43.0,100459.0,34.0,1.0
90e52d50-45d1-4c30-b912-cab911141636,39.0,69235.0,4.0,1.0
af20b78a-10c8-4dfa-a946-9600bb0e8141,48.0,116861.0,34.0,1.0
2f17310f-8a7d-4bd5-a753-7ee34490f4ba,27.0,57949.0,26.0,0.0
c8b5fb7e-f701-4433-849d-9e0e4bf3f218,29.0,52821.0,36.0,1.0
10ac2a12-3ec8-40d8-adbe-d35d12e500b5,45.0,101612.0,20.0,1.0
7c4172a8-4363-465c-850a-afd544de1cf7,23.0,52032.0,15.0,1.0
19bd24d2-437a-425b-8cfa-e03c44247dac,37.0,103537.0,27.0,0.0
b1b976bc-b0ac-4a23-8f41-cc8bd0876e70,22.0,45303.0,24.0,0.0
973dae17-9c67-4937-b4c2-fdad7883c7fc,40.0,146003.0,32.0,1.0
ee5d5a87-6beb-480a-aa47-20f332f50723,26.0,111993.0,16.0,1.0
14ba76cd-6590-4921-a3cb-23101986a5fa,46.0,136979.0,29.0,0.0
6178b64c-438e-4472-8584-aef906fa546c,33.0,42303.0,3.0,1.0
057843b3-fa3e-41c3-adfd-3a38cdccf19b,39.0,80701.0,1.0,0.0
004234ee-d1a9-4c94-94b0-75a983d68848,25.0,80511.0,8.0,1.0
96d99ee1-2795-407f-b513-f46a4e1f712d,37.0,110664.0,30.0,1.0
dbee24b1-9a7b-45ab-bf56-7e96d7036dcf,31.0,48280.0,24.0,0.0
43940dd7-0dc8-4820-81da-27fc931c3446,56.0,69427.0,36.0,0.0
661221b4-93ca-452b-b199-f0e2d9cf2030,54.0,127180.0,35.0,1.0
f60607d5-aae3-458b-9df0-57ae8902d3ef,51.0,133550.0,4.0,0.0
a031f5de-7a71-4ef0-ae47-d32f1bf0a8fe,28.0,36967.0,23.0,1.0
ac34f2e9-6ae3-490c-8465-a805cadb0944,57.0,36661.0,23.0,1.0
49b6c511-2838-497e-9330-6aa0533d406e,50.0,107952.0,28.0,0.0
6b79fcdb-f712-4fe6-bfbc-374ba2bba348,48.0,96046.0,30.0,1.0
0c9a4759-7546-405b-a4a1-5cc65c77bc25,51.0,136918.0,36.0,1.0
b0804a4a-3402-4562-81c1-22b6b683e128,24.0,65200.0,18.0,0.0
7253d2c9-e9bb-45eb-a000-ef575a533a5a,40.0,97442.0,22.0,1.0
73f93c91-6f6b-427b-9d63-6e0fa24c81c1,24.0,91671.0,34.0,1.0
ef9663b3-a5d6-483c-813f-3454f163b3d4,42.0,121070.0,5.0,1.0
fcec15e4-d0e2-4003-819c-ba9bf9bb30f0,20.0,88168.0,5.0,1.0
f9fc8264-8ea1-4159-a241-46690edfde8c,55.0,78322.0,36.0,0.0
0b69c76f-e165-40c1-b49f-47dec83e9ae5,37.0,111984.0,29.0,1.0
81a5ec4a-286a-4904-b22d-25170ff34c68,51.0,67696.0,0.0,1.0
115c852e-2d77-4132-9736-fe5ffd1c5b5e,47.0,100246.0,7.0,1.0
03820d30-1188-4f4a-819a-e9993b6ebc8d,34.0,139844.0,27.0,1.0
28bd283d-416d-42a9-a678-3aada5f11909,27.0,68892.0,24.0,0.0
efea7d0d-ea4a-401d-92c6-e65c5c58b962,52.0,136141.0,32.0,0.0
7bbb2494-4a36-4d06-a830-e1c8b9e5267f,37.0,45583.0,37.0,0.0
a771fded-2822-4326-9666-df9e5b4cd44a,35.0,112720.0,13.0,1.0
aeb09b1c-c36d-4d2d-aa4c-ada5ca8e9df4,44.0,85215.0,10.0,1.0
afad34d8-bee7-4d07-9b1a-a160d44f7b75,53.0,54853.0,1.0,0.0
d0fb8d6c-debd-4854-b89e-474ac64a6c2f,40.0,36109.0,29.0,0.0
ff01586c-ada8-43dd-89da-9fc89f5bc263,49.0,138213.0,29.0,1.0
7e789e6c-6aba-4e02-a029-d79dcea1f637,27.0,89757.0,3.0,0.0
8289c88f-f3a4-4f7b-8058-0ed6cbe4f909,28.0,36659.0,12.0,1.0
0ebc72bf-97b4-4acc-a44b-ab02c0cf8243,55.0,31238.0,6.0,1.0
5cc80ad0-1073-464f-a489-142674b39322,23.0,149211.0,37.0,1.0
50ad5815-af2e-4808-8739-ca4a68157437,58.0,45064.0,2.0,1.0
4a8dbc01-828b-4a30-aa31-ef85e923925f,51.0,61115.0,8.0,1.0
afeca167-6419-4377-af08-988665b8804b,53.0,61952.0,13.0,1.0
af4ebc7d-6d99-4834-b70e-cb7e25c9a732,54.0,35620.0,10.0,1.0
97c8ab53-fdd8-46a4-82f3-da8b650b0286,34.0,129790.0,36.0,1.0
e4454b83-0235-4894-94c5-c665294146db,57.0,132985.0,13.0,0.0
c29e848c-6308-4f43-a86c-7a2b0a5120a2,57.0,74258.0,18.0,0.0
3686af72-9a12-44ab-8ef4-6844fd1a6d27,29.0,34470.0,7.0,0.0
b304129e-ea6e-4c99-846b-4a60f970fe94,38.0,52003.0,6.0,0.0
d63df6e7-9a1f-43ea-9660-580e53071921,57.0,57571.0,6.0,1.0
3e73b827-bda9-4c17-949b-409bb127dabf,36.0,54668.0,2.0,0.0
ca559e5c-3c03-42de-b47c-d44ba9437d36,20.0,107259.0,2.0,0.0
c2a0175e-0fa6-4adf-9aad-fa30012703e6,35.0,142192.0,17.0,1.0
ab8c20ba-bae8-43b9-8e0d-d40dd3b6a535,36.0,126576.0,32.0,0.0
a5025807-188d-431b-b33d-f44d04158735,23.0,135481.0,36.0,0.0
519adf63-f087-4e25-8541-578d2dad90c3,33.0,141505.0,27.0,0.0
ce4c41e6-16d0-427e-9e73-aad97d492c7b,25.0,62046.0,35.0,0.0
4305790f-4529-40eb-a186-82bfa8eece8b,35.0,100977.0,15.0,1.0
aaff3b05-75bb-4442-82a0-fa334a2d9d8c,56.0,146528.0,14.0,0.0
2b05befe-d5f4-4824-9b86-11244dc3b18b,29.0,107255.0,28.0,0.0
946ca5e8-84fe-4c3a-82d0-001a7f960d5e,27.0,35397.0,17.0,0.0
6291bec4-d91e-4e5a-abcf-491f08c39576,24.0,129925.0,18.0,0.0
7b1bb98e-ca67-4e4a-951f-f5729520f7ab,18.0,113481.0,28.0,1.0
125467d8-ebe3-4197-b09d-8d1c166eb091,53.0,52233.0,5.0,1.0
5a33b871-1607-4d45-8d5a-3791adba1baf,38.0,113336.0,26.0,0.0
c193bff8-35d7-428c-8400-8c342b546559,54.0,90308.0,6.0,1.0
1c9a200d-8a20-45ba-8828-1a8e086856c8,41.0,99726.0,26.0,1.0
9299982b-7bf1-4766-a8c2-b40a34c405bd,42.0,93219.0,18.0,1.0
bc748c71-3ef8-4c8d-9df6-c582c6ec9331,24.0,133358.0,16.0,1.0
abfbd7c6-42a2-489c-9ae2-7755cd7b3de7,59.0,31130.0,10.0,0.0
61dd36b8-6bb3-455f-bf69-1070553a5c5e,34.0,44071.0,4.0,1.0
24e3b5f9-4edb-44ed-8a8d-72116efb22aa,46.0,115517.0,1.0,0.0
1ba73887-6bbf-48c6-bda4-6c55ea3eb807,47.0,140240.0,11.0,0.0
fd5da0e0-320e-4e90-8b72-ee00ee8f62be,24.0,32118.0,10.0,0.0
217282b6-652c-4540-aa93-77a5d8d722c4,50.0,30663.0,9.0,0.0
056096c9-8463-4630-b3ad-5582e59a04d6,24.0,92408.0,27.0,0.0
66f8aa77-4d4b-458f-bc46-f0b9616d7c5d,41.0,81786.0,6.0,0.0
7c9d4389-c009-4edd-a798-d015e9b2666a,28.0,111271.0,13.0,0.0
167bddca-f9f8-4e4f-941c-5c0bfa03ae9d,26.0,49158.0,12.0,0.0
e6987fc1-f35b-41fb-a3f7-f8ba68007735,29.0,61087.0,4.0,0.0
3987918b-da03-4718-a864-ebb344c6a67f,52.0,118114.0,7.0,0.0
b668d683-9047-4c4a-a619-0a0df16d01f8,21.0,83121.0,0.0,1.0
9c890409-68f0-4ce8-8438-9bfd872a805d,53.0,49874.0,4.0,1.0
184796d6-b9bc-4520-88c3-5e6ee8adf8f9,45.0,138067.0,10.0,1.0
3a5ef3a2-a64a-4aba-bd73-242d46da620b,30.0,113443.0,9.0,0.0
bdb84880-bce1-45b8-9e85-43b0962cb03a,40.0,70821.0,14.0,0.0
cf861fdc-d4a0-44d2-b3c9-83d649cd4a8e,36.0,145675.0,38.0,0.0
680fe22e-0647-4678-9b8f-45d02076b109,59.0,90582.0,28.0,0.0
7a4660a8-0758-4db6-a811-5f98a5392c71,54.0,52787.0,24.0,0.0
eecc9cfd-a2b6-4d18-8c47-acff48cab8db,56.0,94703.0,5.0,1.0
ad19617e-173b-4012-b3bc-672772f2f33e,41.0,51705.0,10.0,1.0
970c86c7-8895-4cd5-9141-920438fd6a49,33.0,99381.0,16.0,0.0
78028e51-1d74-4cae-acd9-f7e81f8ede9e,50.0,141800.0,14.0,0.0
e0ff2bfe-c97f-42f2-b913-bdc284fbdb90,29.0,134605.0,15.0,1.0
61e334ec-fcfa-4330-893f-41c2d88e3e95,51.0,74653.0,1.0,1.0
bd3a9088-1e3a-47f5-99ed-2846cf4ba7b3,24.0,112018.0,35.0,1.0
d749a1dc-1377-4811-9176-a55dee72ee15,28.0,130592.0,18.0,0.0
e075c071-57d1-4f2e-ada5-2d458aaffe9d,48.0,121626.0,37.0,0.0
b678058f-4ec4-45ac-a2d4-d0ac844133e6,46.0,116217.0,20.0,0.0
5f86efd7-6c41-484b-aef0-2c2873b5be2f,30.0,62252.0,10.0,0.0
2a68bf59-957b-4b0f-bade-90d615fbc816,48.0,103332.0,2.0,1.0
3529e32f-e78d-4944-b3a0-55f963c96f53,19.0,102799.0,33.0,1.0
3ac4037b-5827-4aa4-b041-feed643deaa1,56.0,92185.0,17.0,0.0
b0544657-851c-4da9-bc6b-4121c23f3c16,32.0,108313.0,14.0,1.0
a390030f-68a4-412b-825a-e887b8812c88,28.0,71538.0,24.0,0.0
781b8382-d4bb-4663-a1db-02277e4d6bf4,51.0,50343.0,14.0,1.0
a4a8eaa0-d7f0-4c3b-b25b-ece3e817905c,56.0,135689.0,29.0,0.0
89e126e4-e3ed-4d96-9cc8-0484f0710171,21.0,110398.0,16.0,1.0
55e65faa-7839-494b-8673-7c1015048a1f,28.0,71232.0,17.0,1.0
eb6af067-ad6d-4b99-9f15-c9c06ee2518c,46.0,133185.0,30.0,1.0
5e755667-9f72-42f5-8535-b2f77764cda1,19.0,83106.0,17.0,0.0
76f7c0a0-4c45-4c13-ab15-70c499e82561,33.0,144322.0,34.0,1.0
0685c55a-306d-46d6-b863-ea7b544b4b29,56.0,111227.0,12.0,0.0
a8786b72-6557-4eea-b235-1a8c165069c3,30.0,83079.0,13.0,0.0
44b39499-ab55-450c-b50c-f52a2ed7f3b5,54.0,55028.0,35.0,1.0
68193c58-691b-4336-99e9-0609a180c5fc,34.0,72135.0,17.0,0.0
9d028f31-5381-4628-a4b1-9ff52fffc742,38.0,61066.0,4.0,0.0
fbeeea96-8aae-411a-a9a8-c26e7a7427ec,36.0,149599.0,13.0,0.0
1848a5de-59f8-4ae4-8b84-f697ea40163a,24.0,128717.0,24.0,0.0
ce8881ee-e386-464c-a876-e09a072869e9,55.0,113470.0,38.0,1.0
258aed7c-bb0a-413d-a96e-7e339c9e39b6,25.0,50910.0,11.0,0.0
4f172137-a434-4f42-b89e-c8d5ca89ad21,30.0,143018.0,39.0,1.0
722f68de-7c29-4128-9a6b-7458e27e6f75,54.0,37141.0,27.0,0.0
800a724d-a30c-48b2-8f5e-01f50c8cf5b4,19.0,75950.0,34.0,0.0
f20c25cf-4216-4a56-9624-aadb012e22e0,58.0,85723.0,0.0,0.0
5eb2604f-b334-4094-a098-207b6416979e,28.0,46225.0,2.0,0.0
2f10aa42-849b-4857-97a6-c469d5115552,41.0,130250.0,6.0,0.0
5c55998f-6768-4c92-8b69-61c9e36b72c6,23.0,117123.0,8.0,0.0
10598ba1-7c0d-43dd-9bc4-13b99264a3ba,43.0,62959.0,35.0,0.0
1f112b12-366d-421d-9069-7d946b6968d2,24.0,79192.0,22.0,0.0
ba66d7c5-3d95-452a-b83e-d4a0c04b21d5,56.0,109711.0,23.0,0.0
ba38ff86-dc6d-459a-94c6-994ca6344cda,36.0,40051.0,9.0,1.0
773a3a69-0a5e-43c4-a965-50803a1163a4,23.0,101428.0,11.0,1.0
4d8f6b78-f65f-4218-abdd-a5e8b129f8fa,46.0,33449.0,18.0,0.0
e8914c1d-22d2-45fe-a3fa-1bfb4a2d8318,56.0,71095.0,31.0,0.0
f904130f-a36d-4fee-bee3-3a883818121b,19.0,134213.0,23.0,0.0
dcdb6138-89e0-4a6a-aa97-cf9c984094b9,36.0,107929.0,21.0,1.0
716a4010-2373-4574-9c62-a4347c640c00,21.0,59190.0,2.0,1.0
2410cb81-0e07-4d72-aff3-8e136f3a8649,23.0,130245.0,39.0,1.0
063f0574-de5d-40a8-b65f-d0a846375cab,54.0,127069.0,26.0,0.0
0bf469c6-01a6-4859-940b-878519f182a9,45.0,56141.0,18.0,0.0
1ad4a09b-b976-41ff-bc6d-e76c18df315e,47.0,132525.0,8.0,1.0
3d2f3e8c-7030-4309-aafe-d53e01a7a29d,24.0,53908.0,12.0,0.0
99bc8d63-bd19-4428-b81f-ebcc05a34836,26.0,134847.0,1.0,0.0
ea284c67-8ea9-4ba0-bcee-961e73bddeb0,42.0,62322.0,35.0,1.0
09206ad2-80a3-4ff6-aed3-cb66a01f803e,50.0,80710.0,28.0,0.0
a782a77c-bf55-4696-8852-e8b11de37624,18.0,44012.0,10.0,1.0
a4cd88e7-8c7d-4a32-bbbd-99ca56dbc33a,23.0,64889.0,33.0,1.0
a183e407-9c27-4ba1-b970-ddd0b3dbe10e,35.0,47412.0,3.0,0.0
88e67de0-0ff7-44a5-be2a-270fde8c0339,27.0,126150.0,3.0,1.0
a2bd7311-6c9e-44bb-aab7-0daea96d8859,45.0,140030.0,0.0,0.0
90c07e19-a2c4-446d-a5b2-d8c91a95ad4d,28.0,54657.0,24.0,1.0
e2fe290a-fd03-4219-8b9b-d8ec5566c30b,50.0,35656.0,25.0,0.0
c7786528-28b0-4b57-9e62-0bc1da4f00b0,18.0,38967.0,10.0,0.0
81ca2f3e-0b06-45f3-85c4-c672cae0137c,30.0,114958.0,22.0,0.0
0efb8bd3-a5dc-420d-ab02-57e82016fbf8,54.0,45764.0,1.0,0.0
81686233-cfce-45ca-859f-61a5f26242b5,37.0,45873.0,18.0,1.0
f35dbf86-8745-45c5-a474-561a73862763,18.0,124485.0,28.0,1.0
70207abd-0f0c-4cd4-9ed6-7aa9fdb76343,20.0,139383.0,39.0,0.0
cb813adb-5be4-4077-9e36-675953f5415d,35.0,81030.0,3.0,0.0
880aa44d-fa18-4977-9727-72c125058a10,58.0,97807.0,15.0,0.0
7ec8713f-98a7-47a0-8970-3fcd24043f32,31.0,31607.0,36.0,1.0
e3967e07-1fb4-49f2-9685-64c5659eec1c,48.0,49523.0,26.0,1.0
f4d49429-03dd-456a-b9e8-86147e63c50c,44.0,78447.0,4.0,0.0
6f4e353e-bf14-4b82-adce-82d91d8bc92b,34.0,79757.0,14.0,1.0
081465a2-755f-444e-afdd-30754b73942f,46.0,149423.0,22.0,0.0
65ba14ec-dc7a-4d82-be46-e2bfdc6666ad,53.0,123526.0,2.0,1.0
8d8aaf31-7835-4dc5-935e-da325932aaa8,54.0,99201.0,17.0,0.0
0fd0746a-2828-4a0e-8812-18c056be93f5,43.0,111844.0,25.0,0.0
5cdb5f7a-3b9b-47d4-902d-49cb6861ed17,34.0,101388.0,5.0,0.0
b255784c-3f0f-48d1-bf43-0cf0a0ff1319,39.0,35462.0,16.0,1.0
13ec4099-348f-40ec-892c-511057f55477,42.0,146832.0,37.0,0.0
d1630421-7435-4d9e-b330-b4c50cbf04f8,19.0,61795.0,26.0,1.0
3ac5498d-49c5-441a-9472-f1c3094f8413,39.0,99806.0,19.0,1.0
a71db0d0-5156-4b25-994c-a509394cfe8a,22.0,78465.0,5.0,0.0
ab85ea3a-b969-4c8b-8cc2-cd4fe2663bde,21.0,91109.0,34.0,0.0
248a0995-73ab-43b4-b3df-3bd28cf07213,53.0,120027.0,11.0,0.0
a4dbca17-8f6c-40a9-aaab-26b498a1bee6,23.0,80528.0,2.0,1.0
b1ab5467-a124-4e30-82ec-da0d652e8e5a,38.0,66230.0,3.0,1.0
bd8eacdc-c08e-46cd-be09-e5ee5516e913,30.0,78242.0,3.0,1.0
cdd0aade-b8c8-44a3-b9be-2a3a302941b3,54.0,95883.0,3.0,1.0
500387b5-9588-445f-8469-e3e7092b9eb1,42.0,144688.0,38.0,1.0
84ede9ac-c32a-4557-a601-3e6bbcc7c853,43.0,128366.0,20.0,1.0
dc6a80c1-9d9e-471d-a14f-1a2dfb813968,56.0,31783.0,1.0,1.0
21d2bef2-322e-41dd-8d5b-43bc714ec232,37.0,58390.0,15.0,0.0
1c8b3bba-37ad-460d-9c46-f3fbb13f94fc,50.0,38417.0,6.0,0.0
b80175fb-9694-41e6-88e8-6a56225618d9,31.0,102102.0,18.0,0.0
db8548e4-ff91-4c2e-b9ba-b27d9d6433c9,53.0,47426.0,32.0,1.0
e6ee1dc4-6c5a-450c-b994-26154d8d26fe,34.0,60750.0,8.0,0.0
86bc6849-2256-4717-ac65-b41cfb4b9fc7,38.0,88188.0,36.0,1.0
55fa0948-641e-4a60-8381-112af34dbb36,33.0,40872.0,16.0,1.0
e2bd619d-8508-48e0-9203-663523d84aef,33.0,124231.0,26.0,1.0
0cea2e81-f58d-4724-9fc3-68010d609494,37.0,78086.0,32.0,1.0
e241351b-89b7-47b0-8733-e70c9d2fd31d,46.0,96770.0,11.0,0.0
cfb45df4-0882-4dc7-afed-ce33ec0a6f04,45.0,130288.0,10.0,1.0
7cf66dc3-1858-4492-91be-f2aefee4f29e,25.0,124368.0,12.0,0.0
db8b2dcc-ff9e-4635-a956-6461e6b5a5a2,41.0,113514.0,30.0,1.0
3fe3cd53-e631-4edc-b556-54b39651d680,20.0,118177.0,12.0,0.0
2fd665e6-27e8-494f-9563-bd3466c11c39,42.0,122663.0,37.0,1.0
6a3a93e0-8e69-4221-8ab7-c8334c29fb1c,36.0,64720.0,25.0,1.0
90f991eb-20e0-4879-94eb-89f3cd600aa1,50.0,48079.0,30.0,0.0
ef238b02-dade-4d04-b3b5-960f01bfa1ea,19.0,47338.0,21.0,0.0
38666ea4-9f91-4623-9ea7-7003ce566747,32.0,33291.0,5.0,0.0
f54bc247-fb0e-4d98-b72e-d7332ae4db3c,39.0,104084.0,19.0,1.0
b286c74a-186f-4e6f-9177-40bf66c6d268,27.0,142808.0,20.0,1.0
a01485d7-9171-429e-8f93-bbdd81788a66,35.0,140091.0,9.0,1.0
2ad5c2bb-8270-4527-a821-42559658aa11,39.0,129272.0,18.0,0.0
69f1b44d-ec8e-4582-9e2a-f0d53bea3664,44.0,79393.0,34.0,0.0
7b1658ff-30b5-48cf-a0b7-887315ae1ae6,30.0,123558.0,25.0,0.0
2d6901c3-71d6-43d0-b45f-9567e50b5304,50.0,99770.0,6.0,1.0
56e54ce3-5a99-4e7a-be2a-a627551c342f,22.0,56720.0,36.0,1.0
7df27241-3ccc-46dd-a1d1-7dc7b7eef625,43.0,136642.0,7.0,0.0
416361f8-dc05-4542-84f9-0b737b9d74a6,30.0,135653.0,4.0,1.0
d8a6ae5b-ecf0-49a7-92d3-faff42f75dd9,44.0,43368.0,35.0,1.0
62feac18-dd55-4994-b745-f19c7606d806,31.0,84313.0,27.0,1.0
31e12e73-2c74-4314-aec5-063993def6ce,41.0,77969.0,2.0,0.0
00756591-97d7-42e6-b07e-7d994d5cf5f2,20.0,78838.0,38.0,0.0
2b583b77-02fc-417d-9b5d-b2488799262d,47.0,38734.0,7.0,0.0
5a4164ba-145d-484c-aa8e-56d3c73cbd8f,52.0,137187.0,14.0,1.0
f2c5e08a-630b-42d4-a24d-796dffd44a18,31.0,129329.0,26.0,0.0
e12bf080-7d55-4c7a-8d9d-416c4c2851b3,29.0,42197.0,35.0,0.0
156fbe85-0dcf-48ce-81dd-7c363f234b0d,45.0,98895.0,15.0,1.0
fa54e77b-f370-407c-9ed9-249679e081d6,46.0,133561.0,25.0,1.0
46b16a76-cedd-40d8-ac13-d5f9e0c5cf1e,34.0,86831.0,3.0,1.0
bbca4407-3255-48d2-b579-cf9f0dc7268e,57.0,131255.0,11.0,1.0
f55ce9df-6150-492f-9087-5349c7291f44,38.0,88073.0,16.0,0.0
11d80412-cd07-4302-9446-9bdebd2cfd85,40.0,102925.0,25.0,1.0
0eb7d99a-e654-4e8b-80e6-45d2016c9e6b,37.0,142970.0,30.0,1.0
44edb9e9-2503-4bed-975c-b6a6be7d787b,28.0,110488.0,14.0,1.0
de9fcef6-f508-4de5-951b-90b6f71affb7,51.0,124611.0,33.0,1.0
52873e89-1c58-4ce8-9cea-db6c08a14eb1,27.0,114475.0,28.0,1.0
139d5822-ebe7-466b-aa78-1aaf22105c62,27.0,142531.0,8.0,1.0
8f1beb1b-933f-41e4-875b-11f646bd9b08,23.0,80302.0,13.0,0.0
ed3f9f4a-c60e-476b-bb11-38c968abdd6f,53.0,45624.0,35.0,0.0
cc6086a6-0118-4d62-9796-01be5c0a38bb,41.0,97271.0,3.0,0.0
f7b6b483-d4d6-4177-9c82-d68333be8c8d,29.0,54315.0,37.0,0.0
13896288-d32a-4177-a66c-b523a3d2893c,40.0,47422.0,36.0,1.0
b5f65922-6c10-4eea-b71c-f80a2c584c89,44.0,69137.0,23.0,1.0
f7172e17-780d-4387-b3fa-29fc7d08fdac,54.0,102663.0,16.0,1.0
8c374d1f-5c5b-40a3-b51a-43f42cd20553,23.0,131216.0,12.0,0.0
b2ce42c5-2a1d-4ba5-9b1d-d1242f3561da,18.0,78232.0,19.0,1.0
8cae76ea-4730-4913-8e76-64db05e1148d,23.0,149528.0,16.0,1.0
3365d200-9576-4686-aed5-586a60ff798c,39.0,108142.0,26.0,1.0
bd74e621-308d-403a-b66e-669697ec61c1,58.0,62743.0,32.0,1.0
978f7ff1-033e-4d26-8873-798e86bb815e,41.0,129546.0,20.0,0.0
8a82209d-cb43-486c-8e0e-07bc2c94342c,42.0,45636.0,16.0,1.0
480b3c69-e590-41e5-8354-55871a5c4e63,32.0,120884.0,21.0,1.0
afda7398-8616-4634-92fc-c8c5d0b4e572,43.0,40108.0,24.0,1.0
c8a53ae7-ac01-4aa6-b0f8-5365859ccee0,25.0,103634.0,2.0,0.0
54bf0e08-f13c-43db-a89f-9994c1671441,41.0,66180.0,26.0,1.0
5fcfaac7-c52e-443e-ad14-8acf84f647eb,55.0,48883.0,26.0,1.0
89a53d36-079d-491a-84c6-c40db1f7b25d,23.0,74400.0,11.0,1.0
a9a7fe1c-5b36-4450-bf71-63e3969ced9d,52.0,75999.0,14.0,1.0
dc45c551-3d96-43ab-ac3a-784c098b61d6,59.0,77951.0,37.0,1.0
1aa77c8c-d845-4f8c-9528-bcfcdfce97ef,18.0,37160.0,19.0,1.0
07ed9dae-df40-4ef2-b9bd-f51ef338eadb,53.0,85262.0,21.0,1.0
07c06fcb-7edb-4d89-ae81-9aa6938582f1,29.0,49929.0,1.0,0.0
51cfc248-50ea-4ba4-a8f4-6db4b44465e5,55.0,113133.0,3.0,0.0
52e43972-4b0d-4166-a5cd-9cef7701a789,28.0,41123.0,12.0,1.0
5ea10fa8-168d-4df0-b64a-dd2dddae5f5f,29.0,145106.0,31.0,1.0
b9204c1e-88e1-4a3d-b50d-4774b170a3f7,59.0,58357.0,21.0,0.0
9ae9fff3-b4a6-4645-86c8-19a61b8b4cae,56.0,100496.0,24.0,0.0
13a574c6-7af9-4e6d-85e4-35a3f957976f,24.0,63556.0,26.0,0.0
55c41f38-9c9c-46e3-831e-e116a410dd77,28.0,113791.0,16.0,0.0
af1a9677-3d7f-4b97-a4a9-c546cc931f59,53.0,91934.0,5.0,1.0
e402af0b-4d79-404a-8e11-4456979d1a60,48.0,108886.0,15.0,1.0
6cfc8efa-ea29-4356-a2b8-4098ddd33fdb,50.0,60881.0,7.0,1.0
e1007c6b-162c-4523-ba52-8dcc8321b0df,30.0,48409.0,32.0,1.0
73219061-f847-4074-b570-0ac85d7abcf2,35.0,85416.0,9.0,1.0
8ca0670b-f869-4702-b1b0-ac0dfc69917d,58.0,128171.0,33.0,0.0
bd30eef3-aaea-4530-8a07-9be99d27b305,41.0,97982.0,18.0,0.0
e63d3b7e-d36d-4db6-bb23-5d47e46e4360,26.0,60657.0,13.0,0.0
830b4e20-f52d-4cc1-b990-71c6224422cf,48.0,116743.0,2.0,0.0
33dbb0f9-73f4-48ab-b8c1-f6c2011be986,58.0,78951.0,22.0,0.0
9a6b2bfd-7bcb-490e-92fa-39dbc3c6320d,27.0,38752.0,39.0,1.0
3dc9d290-372c-4431-b4e1-faa6f741c94c,19.0,147339.0,10.0,0.0
d2f3c994-f65b-4840-9112-cc55680004b4,55.0,43440.0,5.0,0.0
bb6cc1af-14ae-4f57-bb03-abbee061ddaf,32.0,74864.0,33.0,1.0
7c74e3a0-1b3b-4e0c-be1e-9c89a390c0d4,20.0,79691.0,0.0,1.0
af765bec-13d3-4016-860e-40d10eaf20e3,48.0,102035.0,34.0,1.0
18ff56ad-44b9-46c3-a658-9b30e3a90231,23.0,116675.0,24.0,1.0
321500b5-10ab-4729-a63f-239a14d63f16,20.0,110303.0,28.0,1.0
2ca7b19e-d5ef-4bd9-98c2-7f3598d8eb0d,28.0,52343.0,22.0,0.0
10582bbf-6e57-4643-ae1c-eba8f367d88f,32.0,123248.0,17.0,1.0
72faab4e-29ef-4798-b502-a063cb69f388,45.0,49673.0,13.0,1.0
1fcea657-ff09-4b16-80f2-d340d53d84bd,27.0,89954.0,16.0,0.0
b13f5093-3965-4878-91b4-93d519c8c1f6,55.0,84698.0,1.0,0.0
a181b004-744c-4ae1-8cb4-a78a1f838ed3,24.0,125024.0,30.0,1.0
19030e94-fb1d-47fc-9ecd-1f3e9ea92c8c,32.0,56520.0,18.0,1.0
93d58dcb-58b8-40c1-9b87-0842eed4db57,35.0,139641.0,31.0,0.0
070d1854-ddd9-4e17-8d39-13c501fe3091,35.0,144123.0,27.0,1.0
204622b3-e841-49e3-b510-e745367177a7,58.0,45784.0,7.0,1.0
f8c5e19b-d4d1-4d5e-a07f-a022f2ab1c83,41.0,147446.0,39.0,1.0
1ce35186-6f7c-421b-9ab8-e8c1da9ad1da,19.0,68079.0,38.0,1.0
cdf4d43b-83be-4e48-a016-3952ebf0aece,57.0,74220.0,21.0,1.0
ddbec24f-db43-4644-9217-9a6e3491de2b,37.0,50491.0,23.0,0.0
2c5ccba5-73ec-4cf7-9f4c-7c801d5e48db,51.0,142878.0,37.0,0.0
f741b9f7-92cd-4d2b-ac3d-d33c4f93be34,43.0,146583.0,1.0,1.0
fe9bed36-05bc-4dad-ae8e-d6962a75934b,24.0,78720.0,18.0,1.0
af7d0ffe-9975-42f5-85cd-0cfa85b7f142,55.0,130804.0,1.0,0.0
18b3baa7-80cd-4d73-8b42-9d684cd991e8,47.0,44718.0,27.0,0.0
22fe0149-7e87-4f4b-97be-47a749c3f986,59.0,65597.0,31.0,0.0
cc2e4d91-c956-42c3-a385-ebc3fc7f423b,22.0,91217.0,18.0,1.0
3ad50961-45ae-44e2-84be-8a2ebf979a7e,28.0,128351.0,15.0,0.0
13afb3c2-f60f-4b99-9221-f84d0cd6f76e,18.0,130668.0,29.0,1.0
945fc3f1-b24f-4b85-9009-a38aaee3f800,51.0,56832.0,21.0,1.0
5ab1242f-181d-4d17-9bde-6904a3927a97,18.0,84818.0,13.0,1.0
55c99d67-768a-4993-acd9-82d419b62efc,36.0,127398.0,0.0,1.0
03001a34-e090-4ec1-a42b-45e7ecb361d3,19.0,42864.0,1.0,1.0
65a21aac-7833-4d24-9749-6926f4175f4d,38.0,118378.0,21.0,0.0
c500be66-7692-4f93-a79d-456ee5a99cfc,37.0,38177.0,32.0,0.0
ca1841e6-1d89-491a-a632-17d59cf6815d,40.0,76115.0,14.0,0.0
b508a00d-7c37-4a25-9be1-a9f076218b82,38.0,136235.0,21.0,0.0
39a8ab9d-1e72-4571-8536-a631cf65a7be,41.0,86210.0,39.0,1.0
d1dc4a2d-9ba4-4b0a-b2a6-ef11cedf74ed,21.0,81954.0,38.0,0.0
da1640f8-1f81-4b8c-b9b0-e42716706580,29.0,141145.0,10.0,0.0
a1f62cf2-cf49-4fca-a706-27b766729df2,39.0,41844.0,3.0,0.0
199cb6fc-18cb-4b83-8fd7-4db41ba9bb38,37.0,104130.0,6.0,0.0
a86f7341-7acd-4ec4-b0b6-31dc1acd910e,35.0,43418.0,20.0,0.0
fd40634e-7be0-4432-a468-c94c981b08b1,18.0,64854.0,6.0,0.0
444c29a9-b549-4713-9c2e-4661eb47b520,47.0,118644.0,3.0,1.0
0813a1cc-e4a9-49ad-8814-7653e0a2e594,50.0,105955.0,11.0,1.0
c95c56fe-f14a-49e5-a38b-35bcf850cea2,41.0,118075.0,26.0,0.0
876403bb-e096-4b5c-ad47-090fd48279ef,31.0,139906.0,16.0,1.0
a0ab8f40-eb8e-41dd-a7bb-00fb27ca59a8,53.0,73950.0,19.0,1.0
95a2f70e-42b4-4adc-a556-e25a7830745a,22.0,95227.0,30.0,1.0
64e875ef-c359-4d6b-b997-133fa9c3b080,28.0,42835.0,25.0,1.0
78eb6d1f-e46d-46dd-b9c3-2a39567a7a30,41.0,47533.0,30.0,1.0
d482cd9e-ce30-4a4d-b012-d12d55be1561,48.0,144750.0,34.0,0.0
eb699a28-c3b2-4c75-bbe4-3d6e828d1bf5,30.0,125051.0,8.0,1.0
3ed44092-fcaa-4a5e-a569-9033a4920aef,33.0,131457.0,4.0,1.0
943c7466-8af4-4f5c-9367-6fbe0aff0cf9,41.0,137504.0,7.0,0.0
ae24ff11-5798-4f04-b2fd-61a5ff96454f,30.0,117858.0,20.0,1.0
5087dffc-0ec7-4a97-b2b5-f44ca04f88f1,41.0,40223.0,15.0,1.0
ced98fcb-a815-4900-9198-a9b2363d64aa,43.0,40273.0,15.0,0.0
7350a164-5432-4063-acf3-910fe5052e0d,19.0,63519.0,17.0,1.0
09d461f2-ec78-43cf-8143-e2e8350cbadd,33.0,54160.0,27.0,0.0
a600e151-2667-4627-a712-f16e755eb995,55.0,104385.0,17.0,1.0
b458f5f4-f227-42d3-a3e2-384cfa3a9494,18.0,145388.0,13.0,1.0
4fa8c2e9-2255-45c8-9eb2-4c2f1fa44e96,28.0,121192.0,36.0,0.0
86cb1a4f-ef60-4a1c-a899-90276216a6a1,52.0,78988.0,39.0,1.0
fd69239d-5628-4240-96b5-439584032824,46.0,40348.0,15.0,0.0
b4946e45-316c-4e81-9a12-be4b9e30cf12,54.0,113460.0,20.0,1.0
26747e41-f963-4f6e-85d2-405f6b933670,34.0,147720.0,0.0,1.0
240415a0-2c91-4575-86fa-bf5830b4527a,56.0,134471.0,10.0,1.0
d5803bcc-888f-4ead-a743-1e6023868052,59.0,134668.0,10.0,1.0
a58976b9-5261-47d0-b459-1f5dc4f59b2e,45.0,97519.0,1.0,0.0
7d69c574-4cba-433c-98f2-43300697e798,46.0,120426.0,31.0,1.0
c70548ce-edeb-4570-b028-790c0ee5eee6,20.0,44629.0,18.0,1.0
c8a4eda3-bff0-4fbc-986f-820ec2b187fa,27.0,79056.0,4.0,0.0
1b371b54-eb21-4894-94a4-e5a42d4fdcad,59.0,41273.0,2.0,0.0
1b8cb5e1-5386-4d87-91e1-cc90de860241,31.0,127275.0,27.0,0.0
d745a5a4-b685-4b8e-89fc-957b7ccdfe17,29.0,70416.0,25.0,1.0
5d6a96ad-f0ac-40c1-a470-e086ef2367c9,59.0,37894.0,22.0,0.0
9c2dc391-e84b-406e-bbee-7d14a339bf8e,47.0,76073.0,29.0,0.0
086aa7b2-64c3-4ac1-ae4d-87c4867000b0,49.0,75693.0,7.0,0.0
9ad02c53-422a-4be5-a125-6f1f1e1c8e50,49.0,81466.0,35.0,0.0
11ec2bb3-97f4-4d3f-8bf6-436476560837,59.0,54343.0,28.0,1.0
44cd8ca7-5c93-45c2-acd1-62679fc822ae,49.0,73095.0,12.0,1.0
d5a81008-d176-4810-bf1b-0f04a3b09b75,43.0,61174.0,24.0,1.0
e35e8186-8c2a-448f-93b9-e69efc0b40e5,18.0,80801.0,21.0,0.0
973f2b94-298a-46c9-82d6-915e43ab9d13,59.0,139715.0,32.0,0.0
690cfe4d-f445-4a3e-b7c4-e9dce7fd2182,19.0,102436.0,36.0,0.0
64bf091b-bc86-42c2-be7d-87e930884315,34.0,144441.0,6.0,1.0
2c27a598-160f-4b79-8a39-3728296bb122,47.0,99336.0,22.0,0.0
8a178252-54c4-49f0-a65f-d373550663a9,56.0,130782.0,5.0,0.0
59ef4ab7-cea6-4e7c-b998-a3fb68e6576f,24.0,138271.0,14.0,1.0
38ae2180-7d52-43ae-a54e-419b8e950a3a,44.0,72926.0,14.0,1.0
f0d21f8a-74e1-4be9-98ca-dd2e34b201b7,26.0,102590.0,39.0,1.0
3a4298a1-58c8-4091-a7d7-2ca5d2446d3e,39.0,68827.0,33.0,1.0
20b13bdb-0941-48ad-a52b-df44f0fe8b49,51.0,138263.0,13.0,1.0
b3e93394-6208-4dad-9737-1b367ea462fe,18.0,74775.0,28.0,0.0
5054327a-1434-4ed1-be52-e2ff170bbdbb,26.0,71201.0,15.0,0.0
f6bab6f9-5c2b-41c8-8311-4a503a02d08a,37.0,59373.0,28.0,0.0
d33e3ae1-a996-4aee-b44f-2300fd84a57d,36.0,57525.0,22.0,1.0
c6af327b-b7cc-464f-8985-0cff3d67ea60,53.0,134513.0,9.0,1.0
8480d541-ac26-49a7-9aa3-07c792e02a7c,57.0,102651.0,3.0,1.0
4c9c0aef-89e4-43ae-8acf-dbdcfbd963f2,21.0,126643.0,11.0,1.0
61fe4acb-129c-492a-bcf2-5d4f0f3ae955,26.0,60486.0,33.0,0.0
d36ad275-86a4-43dd-a9b9-810bc0409104,58.0,108604.0,3.0,0.0
cbaf3a6c-9a64-46cc-8011-9a264bb5013e,39.0,48640.0,19.0,0.0
7f329f8d-7174-4f72-a749-c2d712dd0ed4,35.0,127694.0,27.0,0.0
e13552ee-b58d-4189-9a5d-264c33d373d3,29.0,91455.0,27.0,0.0
0b0d5200-7780-4946-8d94-e8390f8dc26b,59.0,66136.0,5.0,0.0
7dd01714-73a3-4355-abd0-2d6db96d151d,56.0,92425.0,13.0,0.0
c27def2c-c0be-4679-a474-71906bb23a2c,26.0,86539.0,34.0,0.0
7690988d-94ea-4948-8e26-63b0c2dc55a4,23.0,111664.0,0.0,1.0
9f363290-7f1d-4d25-a8ae-7c302bf5a9c7,36.0,54942.0,18.0,0.0
d0e513f7-3ead-465b-bb4c-b01e9ddd72bd,24.0,98363.0,0.0,0.0
3c5d9ab8-8531-47da-9b19-616e1ec71cd3,33.0,88596.0,12.0,1.0
a959edc8-066d-417c-bf3f-7dc935bc2dc9,22.0,111526.0,7.0,1.0
83f88040-7e4d-4fef-9b63-de75585dac7d,33.0,65255.0,17.0,0.0
0d888adc-17b4-4957-b047-185b150b3be8,18.0,92129.0,34.0,0.0
878589d9-3148-4aeb-bf64-a3945d7d7e05,54.0,115523.0,22.0,1.0
84c562a2-a656-4364-a6e6-c6526b5d3d44,56.0,148209.0,25.0,1.0
c9873fdb-98ff-46ab-9b93-9a69585c3883,36.0,141651.0,37.0,1.0
d9866be7-c4f1-4488-a8aa-b2684d495c7c,54.0,92286.0,19.0,0.0
52ade186-c800-4424-ab25-f4a0d1887a74,34.0,116437.0,1.0,1.0
71090745-a4cd-471e-a478-2712ffd6c82b,43.0,46277.0,25.0,0.0
7a0e6c08-0f99-4099-ba11-6bd12537b5a2,39.0,31643.0,35.0,1.0
749a7067-0b50-454d-8e79-f2a463e3f441,25.0,145900.0,24.0,0.0
c76b58b8-1809-464b-96f7-b02b06dbefa1,50.0,53729.0,29.0,1.0
e362c688-93c8-4718-a533-fc6f609f5550,19.0,116623.0,17.0,0.0
836502f4-0f14-4cd4-961e-a80a7f5e3b36,47.0,51818.0,6.0,1.0
a0c327c9-0899-4345-b3b7-034add5a3845,37.0,95555.0,26.0,1.0
3f14758f-41a8-4d4c-9edb-249b0d4c608d,35.0,128979.0,10.0,0.0
1ffb9d30-d415-40db-baf5-1a6becb3c537,27.0,83629.0,36.0,0.0
199ac5ad-188d-4260-837a-e1bbe8095741,41.0,145296.0,7.0,0.0
675216a9-ce75-4f82-9c06-b124ae1c62e9,21.0,85438.0,10.0,1.0
a66544cc-4091-40dd-87ed-1ff9438cdfb4,54.0,144749.0,23.0,1.0
f81f0b9a-e7f2-4dc9-87a7-9994bd707226,21.0,39457.0,29.0,1.0
858a1a9c-4c53-44da-bc8b-951c3da6f669,30.0,89629.0,29.0,1.0
1fd6a3b8-56f4-4499-a5c7-32df4d98d7b8,42.0,63922.0,14.0,1.0
40df6a5d-7146-4a4a-87d3-9a0e37652fbb,30.0,39820.0,34.0,0.0
c220a056-ee07-4f51-9311-0a9105be7297,35.0,62750.0,38.0,0.0
ff4b4bb1-0370-4952-b4b4-b126d60fbf10,41.0,138122.0,23.0,1.0
2abab4a3-25d0-4ec5-805c-03087b5f9869,19.0,132020.0,7.0,1.0
956482af-3f00-4d00-b9cb-3f61999e6be5,50.0,133546.0,19.0,0.0
a38b47cc-2d9e-4819-942c-b8a2ec87acf3,36.0,67790.0,25.0,1.0
1dcb247e-1505-4a88-acc6-64e1d4789aa4,26.0,118405.0,23.0,0.0
2475ee83-8fd6-4d47-b960-fb204d1de3f8,45.0,146130.0,21.0,0.0
4c29cd93-94ae-4588-a38c-adea7c594b2d,52.0,64421.0,4.0,0.0
73b5255a-cdcf-4fa4-8048-da15ae84cab3,56.0,98038.0,14.0,0.0
13194601-8a35-4833-abb5-f0a14bf5f418,27.0,147957.0,35.0,0.0
c7280ffb-8dc1-4b00-ac8c-8d494f0fc242,18.0,112201.0,36.0,1.0
062b4cee-ee7a-4c61-8245-2e3dae85f8b2,59.0,92325.0,28.0,0.0
0c6cf4f3-3d7e-4a25-844f-dd4763b58020,38.0,55600.0,14.0,1.0
b9d210da-c981-469b-8d1a-fb93a4471cdf,26.0,59394.0,26.0,0.0
13f0f9c5-465e-47d2-9d1a-46c2300aa19e,32.0,109622.0,7.0,1.0
adb9e974-467e-4333-a494-d4cb2b5fe5df,52.0,66171.0,28.0,0.0
a4a89577-ff80-4033-98a2-903ec47a2ea7,22.0,129539.0,18.0,1.0
7feabfe4-a697-4ba4-8f7e-59c5954cd38a,58.0,91526.0,30.0,1.0
d5e7cbb8-90e9-4724-948b-f36e3e86ad88,39.0,149448.0,8.0,0.0
1c0819ec-d86b-4401-a708-70cbe48418f4,58.0,43149.0,9.0,0.0
7427bc70-afb4-4b58-8be9-2a05cadba8dd,40.0,60394.0,36.0,0.0
7f85ef9a-5ccd-4e12-8641-eaf04051a806,24.0,44396.0,9.0,1.0
c3c41ee8-a91a-4946-a612-90b53bce87c7,40.0,53324.0,32.0,0.0
52940a1b-d28e-4525-8fe0-97dd4aeaf3c7,42.0,77198.0,24.0,0.0
cb351425-0ebe-4204-858e-63f8e520d431,44.0,112705.0,3.0,1.0
8dc64342-78c0-4e35-934a-d0b73855257e,58.0,142168.0,4.0,0.0
40fed702-b802-4a8b-b5ac-1b6192bdbdef,23.0,143810.0,22.0,0.0
7dbd0fae-a985-48dd-adfc-5dbfc241c938,51.0,139813.0,38.0,1.0
00ce2fc6-dec5-498c-bee8-5996dc1ed26c,26.0,121779.0,4.0,0.0
03bf7255-5b36-44a6-8c95-3eb362e24410,50.0,61016.0,7.0,1.0
f5a3680d-66d1-4621-8b88-6c2e1cd40195,23.0,33194.0,16.0,0.0
355f908f-f154-4d7f-b4ce-b3596a7373cd,54.0,62398.0,0.0,1.0
27191951-6970-409b-a8fb-5b80c37eaea5,48.0,34789.0,11.0,1.0
a4cca625-63da-4640-806c-42ccd2c91c30,51.0,115695.0,34.0,0.0
71eed292-6cd5-408d-abc5-51c5bc6e5c70,58.0,94967.0,13.0,1.0
6d6e1f86-ab68-4e07-b2f9-c67f5952c810,46.0,138942.0,17.0,0.0
39b3446c-0892-406f-af45-b1a67b6cb33e,31.0,91134.0,9.0,1.0
9c10882e-107c-4bd4-97c2-24ac2f762cfd,53.0,100886.0,14.0,1.0
5e95227f-cede-482a-8f4a-6ffe933c8d2c,53.0,128837.0,32.0,0.0
be39bb23-8813-492a-abee-ad4636090a27,32.0,54977.0,18.0,0.0
46ae9d2e-568a-4093-a6ef-6f2142053f88,25.0,131967.0,33.0,0.0
92ec81f2-224f-4c19-a724-f1f9374ca978,43.0,30129.0,24.0,1.0
bb3873f3-95d2-46de-858b-296462ba0c95,53.0,89683.0,15.0,0.0
bf7cf306-f47b-40a0-8d96-9c5d633d64f2,38.0,75331.0,7.0,1.0
97157d43-a89c-4583-9df2-26d68263f728,45.0,147647.0,34.0,1.0
250e5566-2a69-4ad1-891d-6b5b11c0429a,21.0,64626.0,20.0,0.0
4f3f2156-6921-4165-843c-5cab511a7ad1,33.0,78503.0,18.0,1.0
4af6297b-dda0-46b2-a8fb-24f825ba465d,39.0,57549.0,10.0,0.0
4fc40c7d-6791-42b3-a05a-542485b6ddd8,29.0,42342.0,10.0,1.0
bed619d4-9a2b-41d8-82de-ba4bdf53e507,33.0,66417.0,10.0,0.0
03c291e2-8646-41fd-98f8-0e89a2ca7d79,57.0,106514.0,21.0,1.0
330d7f4d-9411-4503-9796-ab4093fbd307,55.0,82249.0,20.0,1.0
99f491b0-5aea-4d49-97a0-572c5e811aad,59.0,82664.0,26.0,0.0
3fb41c07-1651-46bd-ae61-885a3cabd4f7,54.0,133164.0,17.0,1.0
af8042b6-cb26-4f9c-b63e-b9b55be38530,46.0,137716.0,39.0,1.0
0d8e39c1-904a-487a-b92d-23ca4a5fbfeb,35.0,38833.0,37.0,1.0
fbc423fa-69f9-4e70-8476-86b1278a4ccf,27.0,90658.0,29.0,1.0
6cd62631-2fe9-487f-935d-3772237b068e,59.0,142439.0,32.0,1.0
d8fced3a-0f13-4941-8927-54a2350d18e7,56.0,129027.0,20.0,0.0
f3d0b16d-64dc-4b89-a79e-db5875e88cab,35.0,59473.0,1.0,0.0
1719f3a5-a187-4c15-8f72-7cb18e984fd9,18.0,30737.0,12.0,1.0
e56c9c86-8f23-477b-ac03-c9fbd982b0aa,56.0,124965.0,1.0,0.0
3a2ef55e-f5e6-4b2e-8f48-1fc617ff9fea,38.0,76647.0,30.0,0.0
dc66de8e-17af-4513-8e31-98cfc3ec1f3c,18.0,94054.0,9.0,1.0
cc4c38e1-4580-40df-b65e-7434ba3041a1,32.0,31299.0,22.0,0.0
ccc755c6-faa6-4943-940e-8819c1367b75,21.0,93281.0,21.0,1.0
d2c23f9c-fc79-4536-a657-8ece89093987,37.0,148168.0,28.0,0.0
bbf325d8-d0ad-41e2-bcc8-461a9a3ce0ee,27.0,95875.0,32.0,1.0
0d182e66-94de-4688-a52c-54f26c495470,40.0,62920.0,30.0,1.0
07515127-6e65-4152-9064-028055ca60af,58.0,84836.0,13.0,1.0
18fc465a-71db-40ea-9130-5ebacf2c00fd,51.0,72381.0,9.0,1.0
d1b93e27-e0be-4270-90b9-37a141a3d9ef,50.0,142059.0,17.0,0.0
0b8ad5a1-e1dd-45f1-8862-c96a0be1345b,51.0,144286.0,10.0,0.0
50b0e69b-0780-48a2-8576-ea5f745a4d11,56.0,114971.0,38.0,1.0
530b4c12-0c97-4f01-abf7-e61df800e761,27.0,128730.0,2.0,0.0
01da8a59-0c3d-455c-85a9-920f99787cc8,37.0,86298.0,1.0,1.0
328fa917-43f9-418d-a834-48dda288cecc,18.0,54509.0,7.0,1.0
673c3593-c077-4ab2-8590-017386320209,30.0,72095.0,30.0,0.0
49807a88-5785-48d7-8b06-f7014d7cbb0c,18.0,81524.0,7.0,1.0
848736d5-adec-4075-a7e7-5e4194e09f0b,22.0,139825.0,1.0,1.0
8c90ba19-0aae-4f4a-82eb-2f9b1d26e0c3,33.0,145637.0,21.0,0.0
13698c48-9aa8-4705-878e-cb38a5e5a2d2,32.0,96909.0,4.0,1.0
e2f33cea-c37c-4960-841c-80a4e70ce585,45.0,102618.0,6.0,1.0
14ee6f9d-8574-4c26-aae1-1d68f531f96f,48.0,55532.0,19.0,0.0
5d8e648a-c9b4-4dc4-8726-494976b58f35,40.0,138197.0,27.0,0.0
b4c59809-dec3-413b-bd02-6033fa08ddb6,34.0,90285.0,12.0,1.0
2bef3cdf-86c6-42f3-9219-f6f755ac7194,51.0,48866.0,1.0,0.0
1e3d2358-94cd-4460-a957-4ee3321fb602,30.0,37593.0,31.0,0.0
34e06419-01d3-4fee-96e3-472972c32451,31.0,39495.0,25.0,0.0
59cd2c8b-2725-4090-890e-349d3bcf293d,28.0,145058.0,2.0,0.0
24336f00-5e23-4a12-8030-0ee5fc3b9b5e,45.0,37837.0,12.0,0.0
7b3b6a0b-51ca-41b9-86af-d7518db58368,59.0,106708.0,20.0,0.0
47973e8e-8b18-4654-9f55-f7372333258c,49.0,48680.0,36.0,1.0
50ae9f8d-bbf7-40ab-b111-40f09118ac99,52.0,85476.0,22.0,1.0
9c0c66cb-e089-464b-97aa-909d80276951,48.0,60346.0,6.0,0.0
792d3a1c-6d34-4f70-87e5-34b5b023af7c,34.0,138621.0,16.0,0.0
7a3a6900-733f-47cb-bcf9-0ac1ca5f970f,26.0,53412.0,27.0,0.0
fd7b91de-97d3-4753-8371-be7b021024eb,27.0,118399.0,29.0,1.0
a49e8101-f74c-468c-8efc-d0d0acc2f246,25.0,148833.0,4.0,1.0
40cacdd3-32d1-4ae1-9f7c-b0e4b14259e3,38.0,60804.0,23.0,1.0
e573c8aa-5a15-4316-a63c-570491e63094,30.0,95206.0,6.0,1.0
055aaf4e-614b-4c77-93a9-1843985f29bd,22.0,40934.0,33.0,0.0
8d669f4c-23d0-428f-b3f5-74ed8148bca5,23.0,60723.0,32.0,0.0
960b2981-cc9e-4db3-beee-ee1964603a24,47.0,50405.0,26.0,0.0
1555555d-f93d-4fa6-aadd-4dcdf5b21038,48.0,48748.0,13.0,0.0
c3fe3885-1cb8-4a9f-b7e2-3678e004019e,34.0,100766.0,18.0,0.0
246c03d7-87e7-4c57-98e3-a922f4b873c0,28.0,76413.0,37.0,1.0
01e8e36b-13a9-478a-a1f1-c86d09a15ff1,37.0,52354.0,11.0,0.0
da6b0a45-98eb-4b12-9172-b1c8b75afd33,26.0,104490.0,2.0,1.0
00af1a28-d70c-4848-95c5-119585834b4f,19.0,118675.0,6.0,0.0
bf313260-760e-4b58-8f46-11590d895ad6,54.0,140558.0,34.0,0.0
c9635642-efa1-4034-91fd-6b40d884f88d,18.0,47388.0,24.0,1.0
8d21fee9-2d0c-4f2c-801d-f5f33ea8f9f7,21.0,135361.0,14.0,1.0
5b92c632-302a-44ed-b11b-b4c0a6539fa4,53.0,66523.0,18.0,0.0
bc37d149-635f-4145-93d9-545f44b56193,42.0,131150.0,18.0,1.0
5a2c0ae2-e817-4fd7-9eb4-f53754c9ad5d,20.0,87693.0,22.0,1.0
d019a380-2c0d-4a7c-8478-9ec3d3ca27f3,26.0,65732.0,10.0,1.0
1ef81e10-566a-40ec-938f-ec6fa0c06816,39.0,71646.0,20.0,0.0
669d086c-c9ea-45bc-9582-39db0ea722b4,40.0,51021.0,33.0,0.0
31a50507-d801-4f90-bb91-4756787c1f61,29.0,123238.0,38.0,0.0
984789d4-7727-4ad1-bdb8-03510d9b76af,27.0,140952.0,6.0,1.0
eb425ce6-fede-4aa5-9d45-418178fa9c74,51.0,131059.0,26.0,1.0
17036679-51c3-499e-8967-e3483436a60e,27.0,82776.0,22.0,0.0
379d34fa-bab2-4d65-ad7a-ad00affcc8da,47.0,49116.0,37.0,0.0
bad583a1-10d7-4ec9-b6fa-9fb0b8e5d0b3,39.0,102009.0,19.0,1.0
4225f65b-33f9-4224-b981-d40affa963ad,23.0,142858.0,26.0,0.0
f3374b22-b341-4585-991f-59aac4e8b50b,19.0,118271.0,7.0,0.0
77b38aa0-0825-4183-9763-954a9d011f43,47.0,129997.0,36.0,1.0
f1b7a9ea-3e14-4b37-8afc-06d499105be5,19.0,106620.0,2.0,1.0
b56b98e3-c3f0-4ba7-bcd2-2e1cd6fc93bc,49.0,74771.0,1.0,0.0
cbb81ee1-b75c-40f6-9508-673319bf6493,59.0,58756.0,21.0,1.0
1b58afaf-1d76-4989-988b-278ffb30edb0,33.0,112604.0,5.0,1.0
4d5bc72b-e1ac-4a9e-9ed1-88f1781605a5,29.0,124452.0,38.0,0.0
469bab06-27d6-48be-8335-0d60046f6179,18.0,32919.0,39.0,1.0
0493a355-753a-440d-99c0-5ee6d57cea09,25.0,53550.0,35.0,1.0
ca168453-fd18-4d8a-8afc-8332f9e69df9,30.0,66524.0,23.0,0.0
2046c42e-3f64-4e5c-8f56-00e4c5724ea1,32.0,84606.0,11.0,1.0
baba83b6-8797-4087-a142-8e0a7eda735d,25.0,98819.0,16.0,1.0
89703c8b-8d24-4f73-80da-24b2cbb6660a,27.0,100227.0,21.0,0.0
030773f5-3644-4f8b-91fb-87c937d6962f,22.0,53212.0,18.0,1.0
b6fc6e49-d389-41e3-9824-90d84960e680,36.0,70118.0,8.0,0.0
30000dfa-856c-4b8a-b418-fa4c9e47131d,55.0,58602.0,11.0,0.0
83ea49fb-8c3f-4605-bf31-2b8df179672d,28.0,47540.0,31.0,1.0
612fc4f8-8fc2-41e7-816a-593bdb7bff42,37.0,65829.0,30.0,0.0
e8c08469-94a8-4a1b-993d-0f0080136cf5,37.0,86309.0,16.0,0.0
d1c1b66a-c2ea-44ca-ac66-51e3341d5a41,38.0,95403.0,22.0,1.0
2bc522c4-8ea9-44f5-b2ce-89bab92a3bd8,35.0,101455.0,9.0,0.0
65f33e57-9f6f-4c99-ab0e-857e4b980aa3,27.0,52277.0,29.0,0.0
7a1cfa55-7a20-4311-8561-903fb5928022,51.0,149133.0,18.0,1.0
aaa1d9c8-a286-4190-8711-d1773467f46d,43.0,89673.0,25.0,0.0
3f19776f-afd3-4330-9197-e0c77d0015f2,47.0,47676.0,25.0,0.0
26ac7cb5-a126-4894-9a09-739424fb9356,26.0,72844.0,10.0,1.0
99897305-cf61-4ec9-9e5e-2a72f450abd5,48.0,94708.0,19.0,1.0
4befa33d-6c02-48aa-916c-0c33df3b7df8,59.0,39752.0,3.0,0.0
ca31da67-6f34-4780-9429-7f6403f5230b,21.0,111548.0,11.0,0.0
68b40772-4c74-426f-a8f8-1f1cba99b829,23.0,104711.0,24.0,0.0
32fac511-4e3e-441d-aa90-38ee119c6af8,31.0,70670.0,9.0,1.0
fa12a33c-425b-44cb-8a01-123a8605c2eb,21.0,97603.0,21.0,0.0
17973542-b7c1-484d-83d2-57b1c90f6fd4,43.0,61478.0,6.0,1.0
c78881a0-af27-4384-b086-2ada3b9cea75,56.0,56439.0,23.0,0.0
06b47ce4-2462-4a95-aee4-f699778e0c17,34.0,64747.0,1.0,0.0
89cce05e-8979-4839-abb2-0a41044748be,36.0,146424.0,31.0,1.0
c1e8c80e-574d-45e1-9d32-ed33d3fa0c9a,23.0,59810.0,20.0,0.0
53ec524c-9f20-42f2-b477-de2575c3f924,46.0,48302.0,6.0,1.0
380c9fe6-d08b-4715-bcb2-01ea9fa66d18,28.0,96236.0,7.0,1.0
50777910-c7f2-4e81-9202-50037eb5fdff,33.0,94467.0,37.0,0.0
3cd5f0d3-3d09-4af6-b461-d1be5d9c4515,47.0,132350.0,20.0,0.0
0016816a-b194-4c51-8655-e71e14ca2f5d,42.0,64841.0,7.0,1.0
85d36735-231a-4aae-b393-e2b8c40f0f52,57.0,149349.0,24.0,1.0
67039c00-ce8e-45cb-816a-a9e6170de7b7,28.0,74713.0,27.0,1.0
30bef15a-4830-4b61-8c42-ed0891598bc4,24.0,79546.0,27.0,0.0
bdfd1a66-49d4-4631-b43f-a244a951e7ec,43.0,33048.0,30.0,0.0
c496950f-bf25-4f22-950a-52b2d3f8cdb9,39.0,148140.0,35.0,0.0
795036a1-429b-4dac-8187-316738b84d4e,42.0,63290.0,24.0,0.0
2d0dea8a-2f1a-40cc-8f23-fd816e88dd58,36.0,88906.0,36.0,1.0
901ff045-9586-443f-8037-c111bd8924fc,48.0,106637.0,37.0,1.0
56f78317-a664-407e-9102-979811460ebd,43.0,59778.0,11.0,1.0
917298e2-fee8-427d-8b79-ac060cc5841a,59.0,57425.0,36.0,0.0
5dd51d47-797e-498c-aece-ff3c59197981,58.0,137045.0,36.0,0.0
108c4fa8-d8ec-4a1c-9ed2-7f1fb346688a,53.0,113388.0,30.0,0.0
64b74f56-253a-4a61-99c9-cde2c432f1e1,40.0,120036.0,17.0,1.0
e801b374-62ac-4a88-b06b-4f1af665e855,30.0,88176.0,25.0,1.0
8aa74d83-26a2-464f-867e-289a520e83df,42.0,42674.0,5.0,1.0
075cbfb8-82d6-4822-8431-0b9565e6e32e,19.0,92402.0,8.0,1.0
0b461229-bce2-4bb5-b8c9-5978aea2c845,19.0,118731.0,10.0,0.0
7a09e47a-fda8-460d-aeef-4965b59e198e,33.0,146109.0,30.0,0.0
2b20a563-261b-48c7-af94-f124d85c3042,26.0,119907.0,1.0,0.0
bbdd8c12-0cc1-4458-9cb9-2dcb47a72d68,45.0,63053.0,28.0,1.0
f415edff-17c5-4f53-accd-b4303971ad6a,30.0,147433.0,4.0,1.0
6d3a8d08-a1c9-45c3-b0ee-c70d7cd667ad,52.0,41957.0,22.0,1.0
c213f47b-db4a-4242-bdfd-94fd0dc6e693,58.0,102644.0,35.0,1.0
c1a66873-74c6-4091-938c-f13353906de1,30.0,83616.0,6.0,0.0
201ac24c-45a8-458f-824f-5eb57c7acf23,48.0,143294.0,12.0,0.0
277400b1-3694-4f08-a599-af6e843d68ed,38.0,47829.0,9.0,1.0
7e13d4cf-1962-4aed-81f6-c9e1117713b4,49.0,35837.0,35.0,0.0
5ea5c47d-35fa-47ec-9805-81d415cea1c4,51.0,94141.0,15.0,1.0
338352a4-1c2d-4bf4-a153-d2b1bb766129,25.0,45032.0,14.0,1.0
462c4452-5387-4e28-beec-1e4160a563f0,58.0,129770.0,18.0,1.0
e9c0fc90-7796-43e3-950a-80107607c206,19.0,56352.0,20.0,1.0
06dee6ff-6560-46ee-9d92-3060b0bf6a77,55.0,60215.0,34.0,1.0
53f8736d-154a-49f0-ac9d-a45076a15cab,49.0,86319.0,14.0,0.0
f3798372-0f25-4d63-9bf6-87d3c6fbf7e3,57.0,104642.0,13.0,0.0
023c3e77-ddb7-4ec0-80d5-c74af0acaf05,45.0,71247.0,28.0,0.0
263ee451-c0e0-41e2-be62-a27f4568a3fb,54.0,124302.0,4.0,0.0
d965a84f-f5cd-436b-9cf7-5dddb7df55a9,58.0,73048.0,17.0,0.0
ebbdc023-9326-460e-8164-498c0c8692fb,18.0,149114.0,0.0,0.0
03cfaf20-3713-4c1d-91bd-8405530ea5f4,58.0,134236.0,26.0,1.0
57024558-720c-43db-8144-47dbd84e2f3a,27.0,105532.0,26.0,1.0
0945e6bb-5b2c-41b3-9de2-95127c34b1b2,21.0,96714.0,24.0,0.0
413905f6-baab-463d-bf8c-9e0bb27c2d80,52.0,65319.0,20.0,1.0
0a0e6b6e-391b-45a0-89db-8d496a8c8bc1,27.0,149058.0,13.0,1.0
757f3df9-4fbe-4e62-9fde-c1d8fa2b2c63,28.0,46025.0,19.0,1.0
b1f134c5-714d-4926-8921-146aaea810d9,31.0,39780.0,27.0,0.0
4149f82b-4495-4b05-8f36-acf43c06c20c,55.0,52706.0,20.0,0.0
c9250e98-add8-454f-9c11-df476efa236f,29.0,72916.0,22.0,0.0
17e9bf5b-e97d-47da-827d-3ab977c027b5,34.0,105503.0,10.0,1.0
7176e17b-6f5d-4e12-9960-9e58bc8c40fe,33.0,60856.0,1.0,0.0
62f57bbc-b1ed-42b3-aa09-dac9c97ddc4d,52.0,133166.0,19.0,0.0
c8dd4d4c-41fa-42b2-8752-0ad02f835ee5,19.0,39179.0,23.0,0.0
e0b3bff9-4877-491b-8fc9-325bed98af9e,28.0,68623.0,24.0,1.0
0e083612-b2aa-44d6-98e2-f4ed1c939993,58.0,47587.0,36.0,0.0
d50bbc40-d8ed-40c1-a5fa-001aa68a5048,20.0,53733.0,21.0,0.0
fd5a5151-4628-455c-909a-30c4e2d273c4,46.0,118306.0,23.0,0.0
88488468-3ab2-47a6-a1d5-3cfdcd564bad,35.0,129423.0,14.0,1.0
7312137b-edb6-4bdd-83ef-18f8f64bec8c,37.0,33975.0,11.0,0.0
4f4b24a0-1d01-425e-96e2-9a05c13eb0b8,31.0,108455.0,30.0,0.0
894fb07e-51e7-46eb-a096-ad491192388e,51.0,105138.0,30.0,1.0
068caf0b-c7d5-4de2-b100-09bc54e5ae0b,48.0,75463.0,29.0,0.0
8c59dd87-2f1d-4267-91cf-e4d99ad7b26f,57.0,129596.0,19.0,0.0
77829536-9e8d-4874-bbb4-0c7b8b8dc293,59.0,72154.0,7.0,0.0
3cdfbf42-8909-479d-8261-7dc77601e519,35.0,105676.0,29.0,0.0
66016709-4c56-42cf-a83d-d579e4b536fb,47.0,148343.0,34.0,1.0
42378344-044e-4313-b266-c6d761f6765b,42.0,116706.0,20.0,1.0
8e7a34a9-f90f-49c8-88f7-5ee90f23ab94,36.0,146905.0,39.0,1.0
3a18be46-8ab3-4b23-a13b-cb3369ffbd97,25.0,58830.0,27.0,0.0
3507a6fe-fc62-4112-a5e7-017d982914e3,45.0,140076.0,38.0,0.0
a20fb6bd-415c-4634-8ebe-2204588e0df4,25.0,102126.0,16.0,0.0
d2fee9c4-2889-41c0-8303-382c5a6dec52,48.0,76745.0,11.0,0.0
7fe26e07-2964-4b56-b5e1-5db18a9193d0,20.0,60609.0,17.0,1.0
fd162c88-eb72-49e9-8508-961773c850a1,20.0,47401.0,27.0,0.0
e1382f34-24c1-4b62-9375-b3cb3b99918f,39.0,57729.0,2.0,1.0
6bfb282c-ea5d-4824-bfe3-92f32ff7cee0,34.0,133480.0,14.0,0.0
a63b7b1c-622b-4b81-9762-09d729312e99,53.0,148278.0,15.0,0.0
0203de90-bfe1-46ba-9a64-43d61c1f86b1,34.0,75167.0,21.0,1.0
1351b644-baaf-42b4-9bb9-69b02a1fff68,31.0,124181.0,30.0,0.0
ae87738f-7c95-4ff1-80c7-549a0cea0dc1,26.0,87391.0,30.0,0.0
3750b686-4d68-4130-a70e-204c6db6e447,47.0,124583.0,0.0,0.0
a8883d78-6540-4c2e-ad49-c35381f51047,38.0,88171.0,10.0,0.0
5771b5ed-2067-432b-9224-d523efabf97c,29.0,118096.0,5.0,1.0
55bd4880-1812-4d24-a041-f390de19eae6,54.0,36647.0,22.0,0.0
59b6f68a-f9bf-4423-90b6-521d8009f83d,49.0,51106.0,8.0,1.0
e90ec4ae-d379-487f-97cf-d997ac44c439,28.0,36015.0,15.0,1.0
9ef82b31-d91a-448d-9ac1-92d6d20249ea,37.0,51506.0,37.0,0.0
8ed459f9-8b4f-4b1f-b887-d1bbe0915668,52.0,144149.0,18.0,0.0
94ebaf81-c7e7-4cfb-aa1f-c1ad984d2179,28.0,54067.0,12.0,1.0
0175706f-20b2-4128-b5b6-5bdcb37ce2dd,25.0,146777.0,31.0,1.0
db1d9cad-7615-4781-ade5-4fcd3588befa,21.0,32056.0,35.0,0.0
ba6d6227-3b36-4280-bcda-d95016fe40f3,44.0,127255.0,8.0,0.0
1915df0b-7a5c-4c4a-a903-c918c824f6b2,57.0,59328.0,36.0,1.0
5efc77d7-db88-4ad5-b8dd-b64e5cbb02fa,55.0,107712.0,30.0,0.0
74b22ecb-d3ee-4b35-9d79-a7e2b18820a5,47.0,82832.0,30.0,0.0
0a7dfb79-a101-4bdf-bc4e-054f5ff0444e,44.0,72771.0,18.0,1.0
e71533c1-1238-4baa-9884-658485f87a81,38.0,127421.0,1.0,0.0
af4b4a03-6412-4390-a3f2-3c14085558ab,37.0,116805.0,31.0,1.0
87fa48db-eba1-4284-b3fb-21ff08836652,21.0,76515.0,33.0,0.0
6d4ebcf6-9f6c-4a3b-b279-9bf54d9c3f15,28.0,94538.0,0.0,1.0
18c9bea1-f8e5-4ee0-806b-ec3a92999396,30.0,98650.0,20.0,1.0
72d801f7-d861-4b68-8ac8-9e8cd64aad62,26.0,108978.0,2.0,1.0
91ca467e-c345-49d6-a571-b35c0e8895ea,21.0,70151.0,26.0,1.0
d6e05ca4-1803-4776-8fcd-1eaf2782c567,29.0,31629.0,6.0,1.0
af2993a1-53d1-4925-a9db-48e89624d0ea,26.0,113463.0,32.0,0.0
e98031ac-2b09-4fd0-b50b-4f18b419e3a6,30.0,126853.0,8.0,0.0
7c0a06d1-5fea-48a5-b4e5-3c8101a09dfe,43.0,119432.0,29.0,1.0
fa99ebc7-61b0-4680-a482-c07020ed8a5a,55.0,58155.0,17.0,1.0
c8db7f57-2a9c-4a0c-ba1a-c2c7216cecb2,59.0,48288.0,25.0,1.0
ee273afb-8fe0-4160-a3c0-aa7fedcb65c8,30.0,80588.0,19.0,1.0
8db3dbc6-632e-4cb9-8b54-e35b24bac4f4,56.0,116951.0,37.0,1.0
e0fbafa0-ae70-4912-b443-5eea8c26ad0f,45.0,66085.0,30.0,0.0
7ace5996-67bd-4715-a843-c5ab35ef81db,36.0,41251.0,7.0,1.0
599f315a-baf4-40cf-abe8-4154fad6318e,41.0,132420.0,22.0,0.0
98397043-57f2-4483-a370-8898529ced77,36.0,55574.0,24.0,1.0
89138e58-c9ed-4fd2-93c4-54fd2a03c315,30.0,39623.0,0.0,1.0
f082a583-8935-465a-a2ef-d9bf0cd27e9a,30.0,116472.0,17.0,0.0
c9904b9f-f673-408d-8254-d0e2429d1ef9,45.0,84715.0,18.0,1.0
34395599-e6af-4e6d-9840-9877ca83f23c,19.0,36123.0,5.0,1.0
3c5e626e-9d25-4d04-9b50-2f3d95aef170,27.0,33061.0,16.0,0.0
6c1c0b87-5bf5-4999-887a-84a3a5a7629e,39.0,136393.0,7.0,0.0
86bbafcc-7b57-4409-911d-74c35352625b,30.0,132035.0,8.0,1.0
59bb1454-795c-42ea-9f68-4acdc340f923,26.0,69095.0,36.0,0.0
1eb2f542-6a7d-47bf-bac4-b9fbc53d6fab,50.0,89618.0,26.0,1.0
1f6c356f-73f3-4f89-b1dd-d91ac7c08c49,31.0,58451.0,35.0,0.0
e8587de0-71bf-402d-88f9-f187beb355e3,37.0,111897.0,5.0,1.0
95323014-cbcf-4109-b931-714889bde4bb,32.0,111443.0,5.0,0.0
a2ecfa56-baba-4126-a2d2-04fe895e1d8e,49.0,148005.0,3.0,1.0
e38e7f80-c1b5-4814-9ff6-de7ed17a9c9b,50.0,64814.0,21.0,0.0
3b94c008-0c81-424a-bb0e-c1be9bc28b76,34.0,147832.0,39.0,0.0
c3ea62cc-b4a5-43e5-bb35-f058a7a666cb,41.0,115141.0,26.0,1.0
170d2ba3-cf65-4e8a-8843-50b1a13c40e8,47.0,127792.0,36.0,1.0
4efee08c-64e2-4817-b694-1f5e587c82d1,30.0,106868.0,1.0,1.0
7af7d3aa-35f4-4613-a42c-3f4ae7b72d31,33.0,67832.0,8.0,0.0
5d49b4ee-48d4-475f-8ea9-054060d99131,19.0,125012.0,10.0,1.0
ad017eb4-85f1-48d4-9d08-a3d79c000eff,34.0,39445.0,19.0,1.0
436e0bd6-8518-4683-b5b4-4a0eb8ad9664,49.0,63490.0,38.0,0.0
33b13146-559a-4c3a-91e6-4fff62ff2b00,25.0,59767.0,13.0,0.0
34427cbf-f953-419f-8754-3594e8783ee6,20.0,76057.0,25.0,1.0
4e551a9d-47e8-4f32-a39a-fb24982e29f9,29.0,110746.0,37.0,1.0
bb7e2120-00ee-4e1f-9efd-a9625f774039,37.0,119695.0,29.0,0.0
2aba93f1-297c-47a2-b3da-596c8bd8c92b,33.0,103100.0,35.0,0.0
98ed0892-fcf7-4254-9d5d-a7a83644ccd8,31.0,71043.0,37.0,1.0
82ccf772-cbfe-4a41-8aef-2a3512051c81,33.0,116755.0,34.0,0.0
032708cc-4eae-4a1f-baaa-4ab7fd31111b,50.0,57946.0,5.0,0.0
1fde5887-e6b5-488e-af77-b042c3ca1f9d,47.0,66587.0,2.0,1.0
009ae531-1c05-4041-a07f-d7f040a4a81a,29.0,33364.0,0.0,1.0
2a7c27fd-f7d5-4926-9fd9-2b476cadc7e9,32.0,99854.0,17.0,1.0
9bf7c8e1-5eb2-4a0e-86cb-74b2dcaed5bd,35.0,86088.0,22.0,0.0
2f3f4740-6c89-4cb0-8072-1dd688622c32,45.0,147468.0,31.0,1.0
923f8d6c-418b-4280-bd5b-e12a4c117100,40.0,107015.0,28.0,0.0
01aebe5c-5040-4311-acf7-48d7a68650c0,31.0,37398.0,22.0,0.0
a8740bd4-49b2-4fb3-b652-ed21a20612d1,47.0,32452.0,35.0,0.0
156e5b8b-8c3d-43e3-9a0d-ce132e5496f5,50.0,117208.0,5.0,0.0
3667fe01-fa57-4561-9e66-f7fbb3b7e839,32.0,63193.0,16.0,1.0
ee027db6-f987-4aa5-88f9-1689bc8347e7,24.0,109401.0,17.0,0.0
6e80a5c1-baf5-4558-8053-1214c372f829,32.0,55345.0,30.0,1.0
d80c55ff-f2c0-46e5-afd4-23b0848d6e67,59.0,141811.0,5.0,0.0
29ec5130-ebf2-473e-9a1b-8f37e5b2a26d,55.0,115895.0,33.0,0.0
030cc553-0ea5-4ff6-b4d2-47133192df6c,28.0,104335.0,26.0,1.0
07aebc1c-c121-47f8-a381-6e0567065b8a,46.0,89196.0,35.0,1.0
27bf3913-2acc-4eb9-b79f-89835d13412c,48.0,53053.0,24.0,1.0
1c3525b6-e12f-48a2-9a2c-ce742ac252c7,42.0,130428.0,9.0,1.0
3a35a4d6-74e4-4587-a66f-d7d39dcd5b8b,41.0,113220.0,38.0,1.0
3e8f4356-586b-4ac0-a4be-4c2629532bc6,36.0,35015.0,38.0,1.0
2ab72960-deec-4437-a92d-30995038fd5f,19.0,127201.0,11.0,0.0
ab586352-dd0b-45b0-b319-3d6fbfffb232,39.0,38657.0,10.0,1.0
ee32bb4f-6bac-499e-be0c-9652eb575155,37.0,81116.0,2.0,0.0
2bfd0e36-0282-48da-84ca-5032dcecec37,50.0,51951.0,21.0,0.0
85198063-309d-4071-b1f8-c935963aab7a,25.0,127599.0,3.0,1.0
c933ae47-2b4a-4dd5-b857-df3b23391e74,42.0,128279.0,7.0,0.0
669c6da5-bf22-4bc1-b845-e0bae077f37d,26.0,56521.0,13.0,0.0
65ce3c2c-ae3e-430d-9f60-47ba635a2bef,51.0,84431.0,19.0,1.0
34c1f1d8-edda-43a0-b0e0-d9aa386b1737,40.0,40731.0,23.0,1.0
9641aa32-e549-4307-84a5-a8e38040fe01,22.0,48744.0,13.0,0.0
a545e8f9-a974-4ef0-84d2-de7dc94ea0f5,42.0,93094.0,27.0,1.0
4fda125c-c9a5-4806-964a-64f87dde044b,25.0,48423.0,15.0,1.0
1a9ef605-d74b-4e0a-9385-814d4a861b2d,33.0,144612.0,31.0,0.0
7389cc02-5380-4bb3-8b6c-5b22aeec2837,32.0,47568.0,11.0,1.0
14344980-cc54-42a6-9aec-719da026659a,18.0,77411.0,15.0,1.0
72aae488-8894-424c-a95b-d5f56c1991c9,39.0,33934.0,18.0,1.0
a0ebc4c3-9a14-423f-9b7b-c3c18497d9f4,20.0,106945.0,4.0,0.0
618be3e4-b2b0-4179-9c9e-7669984883e0,55.0,126946.0,11.0,0.0
dc7d8647-ae87-4706-bb5f-80b35216c24a,31.0,126344.0,28.0,1.0
e58451b9-68d1-43c2-82e0-b50f9a0792fa,53.0,38172.0,4.0,1.0
2a1a42c6-5a2f-4e52-963a-ff8b9d192955,35.0,57358.0,16.0,1.0
970b6c7e-5672-448c-b005-1d6ff96f80fd,58.0,96313.0,7.0,0.0
62529abd-fa8c-46bb-bb60-52709dae4ccf,35.0,49763.0,39.0,0.0
025a2f80-b1e7-4dd7-bc4f-83b4ecf3cb01,20.0,78673.0,39.0,1.0
b920a8e1-d4e9-4034-b82b-720adb44e639,27.0,130722.0,29.0,1.0
44e62c63-fef5-4bca-b0f7-6e668048c4fd,56.0,126706.0,9.0,0.0
ca956c73-1af1-4836-a393-8490ff87799a,18.0,115997.0,19.0,1.0
f3478dd8-eb8f-4a06-a8cd-c54c4ced45ae,44.0,140758.0,15.0,1.0
7068db6e-6ae3-4536-a2c1-1bc70e27ee0f,44.0,97975.0,15.0,0.0
f444d3cd-95b0-4c7d-9260-7f0aadf96ad0,28.0,37804.0,2.0,1.0
cc07cfae-68a0-4982-953a-d5f9f660dee4,22.0,141327.0,22.0,1.0
bc92a5fe-3d6a-4892-9308-b3e7f28cf753,24.0,77594.0,21.0,0.0
18d9d885-0839-45b7-b659-f1162eb25604,36.0,108748.0,27.0,1.0
568f8716-8c65-4c40-83d6-2c0b90f9b496,46.0,117189.0,35.0,0.0
c3935e1f-3f7a-4427-9795-dc50b726c1f9,32.0,117507.0,3.0,0.0
375b51ef-bf3c-4246-9d14-e10d2abb652b,52.0,97525.0,37.0,0.0
87ea42d6-e334-49c3-961a-e39dcb873ea3,54.0,103404.0,23.0,1.0
2165a6fd-0af1-45a1-bdc2-7be43a09c88a,29.0,137562.0,18.0,1.0
a915a327-f39f-4188-bebb-b60d965e48b0,47.0,129248.0,10.0,1.0
7650db0d-a115-4cf0-80da-c5a3f18c8faf,37.0,54604.0,39.0,1.0
6ed3abad-68f0-4b4e-9edd-2e6b81b0eab8,54.0,146585.0,39.0,0.0
471eea08-4477-468e-9ba7-8e23b24a28a4,20.0,52135.0,38.0,0.0
9fe9003a-f0ff-4fce-bf53-ba3de6bfc483,26.0,126080.0,17.0,0.0
2b1f6f04-9976-4e6d-b111-d434d39985e3,58.0,67918.0,11.0,1.0
2407e634-3f66-4de6-a5f6-8fc385591aff,56.0,80849.0,13.0,0.0
a760c9f2-df15-4248-9030-86b13a06239c,43.0,60847.0,17.0,0.0
7fa55194-dc91-4398-a3f0-fa3f87b772ea,19.0,73774.0,11.0,1.0
9ac63295-c387-4d83-a91c-e4ade9a3ca99,40.0,90709.0,39.0,1.0
cc8a6ccb-d69c-4466-b665-934b64f0e01d,40.0,40680.0,26.0,0.0
7215ee96-e741-4b81-b0b7-f60fe7b3e870,38.0,143508.0,5.0,1.0
8b8a04e5-cf25-4d6c-b26a-764699a297c3,33.0,125619.0,23.0,1.0
5d9f1cbf-63c9-4dd5-a3e2-e6d53904dcd8,26.0,85037.0,32.0,1.0
ea97ddb1-0388-4111-94d2-61d4ce3f691f,30.0,129969.0,15.0,0.0
2067ca1b-0ebb-4315-873f-48c37d06e602,45.0,141115.0,11.0,0.0
b80d1ce6-6598-492f-8bb0-3df278bf61b7,44.0,88914.0,30.0,0.0
3c5df2e9-65ea-47a5-9485-f4b53789075d,34.0,56309.0,36.0,0.0
d4877299-1a41-49d5-a18c-83c6870b5e78,55.0,137255.0,12.0,0.0
f8a030d0-ce4e-4e3b-9760-c83c4f3485ab,53.0,40349.0,7.0,0.0
1f9ef272-67bc-4d03-8392-64cae912577a,18.0,105079.0,37.0,0.0
785d16f1-4ccb-4eb8-85dc-498b2e5fe952,35.0,90820.0,2.0,0.0
5f36c852-13be-4684-b2f2-e4b524ee9ea0,26.0,104996.0,19.0,1.0
d47cb05d-7893-427c-a0e9-cbe7aa1694a5,30.0,64553.0,3.0,1.0
36210483-c291-4b75-97d0-7c2b80af1abd,57.0,58525.0,1.0,0.0
768700ae-e859-4922-817a-f949c51c9762,32.0,35948.0,35.0,1.0
0c270712-c45a-4777-aa7d-effc280ae679,21.0,44498.0,22.0,1.0
25b01e07-1502-4c97-87bf-65389a5fb850,50.0,48991.0,18.0,0.0
3f4a845c-bc92-42fa-af35-0bed27f91ffe,41.0,120510.0,39.0,0.0
14aade33-80c2-4df6-af87-c414d0f08bb3,53.0,130934.0,7.0,0.0
f91c9c05-0dab-402e-9946-3c01025f19df,58.0,89790.0,15.0,1.0
8a67c5b8-c17c-4c9d-9487-b68c4296aed3,27.0,37660.0,17.0,1.0
672eb939-5335-4035-81ad-60c1244e03bb,53.0,56245.0,35.0,0.0
4a04a7fb-f7e4-453d-9a36-d81110df7b15,37.0,30238.0,23.0,0.0
1795cf6d-c649-4859-ba43-ad7e21575c87,58.0,49920.0,0.0,1.0
f885726a-7931-401f-9c28-bd6ae7ff8812,28.0,76659.0,0.0,0.0
77e825fa-b567-41cc-b0c2-77c375dc2093,29.0,148549.0,35.0,0.0
f486ef39-cb98-403a-85a1-9e8ed1e2331b,35.0,104874.0,10.0,1.0
9f468d49-77d9-48c1-99f1-dd041549ea6f,47.0,72517.0,17.0,1.0
d9724672-681e-47f7-8ac9-7c96530bf15f,54.0,105885.0,15.0,0.0
b410e6d1-bbec-40cc-a4d7-6fd2368bf63d,37.0,76350.0,16.0,1.0
a08007d6-b2bb-4ce0-8441-4c176c4ab76e,42.0,107179.0,23.0,1.0
6c0263e1-e49d-4cfc-8ae6-350bc1c0c24d,29.0,58274.0,33.0,0.0
587b3ff2-b7df-4a85-aec7-367e447f7d39,38.0,75013.0,3.0,0.0
94e32df3-906f-4722-915a-dd12a5b25701,42.0,136203.0,34.0,0.0
6af06616-9149-408c-91cf-c248f2564af1,28.0,69913.0,14.0,0.0
06350c79-826d-4a16-8feb-5a38a36a469c,26.0,134165.0,1.0,0.0
56ccddcb-e91a-47f3-b34f-890c588836b2,42.0,75819.0,30.0,0.0
4ad9368b-e258-4a50-b200-85cd80ad28f9,52.0,112168.0,8.0,0.0
e6ee6851-9e5d-4285-b06d-61a82de259ce,49.0,122680.0,9.0,1.0
d94f7032-00ef-453b-80c6-5b38e020596e,31.0,107857.0,24.0,0.0
58fc6683-803e-40ba-abb1-2f147386d143,18.0,132627.0,4.0,1.0
e6f11b23-ba2d-48cf-bfa0-033da725641d,34.0,124792.0,13.0,0.0
850eef5c-0d77-4bbc-827b-161b3e5e9176,42.0,94910.0,37.0,0.0
832b0634-6a48-4d3f-a359-a527f52f7582,25.0,53485.0,39.0,0.0
159d1a28-1a80-4028-b5d7-305edd245c49,22.0,32860.0,1.0,0.0
2a4f30c1-bbc2-4355-914a-3357b01b2b86,22.0,79875.0,17.0,0.0
cf7c56a8-3885-4ec9-8201-8d9e50f95132,58.0,44919.0,28.0,0.0
0a7419fe-9989-4de4-a75d-6439a9a50f08,52.0,128873.0,19.0,1.0
cebe7cd6-4d46-4fb2-88f8-24297146c889,36.0,103947.0,7.0,0.0
b423ba0a-f04d-4bd1-95ce-d912706c8d0e,40.0,39586.0,36.0,0.0
0f827f50-8d02-4d02-bb51-69f11891346d,26.0,81986.0,25.0,0.0
a21d3c46-f7d6-4d0b-aef6-4b14b83772c5,47.0,119848.0,36.0,1.0
1f1e88ef-c023-401e-b889-79dd6b857067,33.0,53055.0,3.0,1.0
64f46670-0d2e-4942-8018-54521834cad9,50.0,64890.0,32.0,0.0
919a15e6-26c5-41c7-bf88-61558847bf3e,19.0,93081.0,21.0,0.0
7b8bed3e-036d-47b4-99d6-43db4fdd4919,31.0,58807.0,5.0,0.0
1c42d425-ccd8-4914-bc64-7fcb710de6a2,18.0,115920.0,32.0,0.0
1d208703-cbe0-40d8-9195-960c3df7d563,43.0,77177.0,27.0,0.0
cd5a0802-84f1-4967-88d9-1c77edcfaa59,42.0,124461.0,23.0,1.0
41da6b10-310a-4d03-8888-f96a6274b095,33.0,98625.0,3.0,0.0
13e3d7ad-1349-4052-8bee-b2d92cf7ced6,32.0,44242.0,1.0,1.0
2433acc1-4ce2-41a1-a674-6b3ae6b2caf6,43.0,86317.0,12.0,1.0
eba389c4-00e6-4c5a-a1ff-e93638f6cfa9,33.0,69978.0,10.0,0.0
52f322c7-cfec-459b-a2c5-06ad0df46456,31.0,46433.0,34.0,1.0
a17ba7fa-09e3-424d-930c-03b1a1793f47,46.0,63282.0,38.0,0.0
45d60545-067f-4825-8ce8-96bc10c1b260,41.0,106519.0,9.0,1.0
72f11924-286b-4787-a9ad-ffc0d8455284,32.0,139274.0,9.0,0.0
9104cf17-669d-4609-ab1e-08c4a51ab0d6,36.0,73578.0,7.0,0.0
b607638e-6ece-4729-90b3-66728884c618,25.0,138333.0,4.0,0.0
abdadc4b-2cfb-4b85-9cdc-2e4d8ae77c14,51.0,100207.0,22.0,0.0
80746edf-13c1-4404-b18e-0ce1b459f4a1,19.0,54133.0,33.0,1.0
dfe100a6-a9ab-4c47-8024-976f8c4f8f77,44.0,80317.0,31.0,1.0
d7798b99-f203-41ce-9824-b439bc422af2,27.0,138745.0,15.0,1.0
be132836-7bb1-442b-8c4f-7e080b6d36f2,52.0,95950.0,3.0,0.0
79f8b986-8a65-427b-b340-e3b04205812c,40.0,89612.0,27.0,0.0
33fdde53-0b00-46ce-9320-ba5063949117,25.0,94873.0,13.0,1.0
a0692194-d509-42e4-be2c-648973d421ba,45.0,143397.0,11.0,0.0
499d32df-0a6b-4286-9637-0d93fdd4d7da,40.0,145792.0,20.0,0.0
33005a61-cd11-48c9-9e0c-942d6c00d7c7,21.0,116778.0,15.0,1.0
a6d6d870-fdba-4b7c-85c2-2277c9950417,31.0,92002.0,1.0,0.0
a1eb78d6-5f4c-4028-9942-3a5f9a1eb9f7,59.0,82508.0,22.0,1.0
61519502-64cd-489b-ad60-8ed5d51f4d6d,46.0,130720.0,28.0,0.0
77fbf219-fdff-4503-a607-6f760af82797,18.0,68379.0,8.0,0.0
75ee800d-fd39-4992-8214-7ae4d6519cc6,21.0,45231.0,6.0,1.0
2b5aff83-ae59-41c9-8d1f-96dfc87e23eb,49.0,117385.0,28.0,1.0
8132e52b-953a-4f9c-8a24-918d6e633879,50.0,71163.0,16.0,1.0
6443fab4-0ea3-4868-b06d-4a5f2677b7e1,43.0,61676.0,8.0,1.0
494cf0ec-0dce-409f-a34e-70076142628b,34.0,117592.0,5.0,1.0
1b60a0fd-f75a-44b2-9984-0d9ea56180d2,56.0,136564.0,19.0,0.0
a725b54d-8453-4328-8fc7-29da5edc456c,40.0,115483.0,9.0,1.0
e8214c76-dcba-4fab-8292-4d454175b98b,49.0,85535.0,8.0,0.0
fa06c8cc-ee03-4dc9-9113-eb59144033e2,32.0,140952.0,11.0,0.0
fb97ff1c-556a-4eb8-b8af-734b4cda16b1,30.0,121576.0,32.0,1.0
6c54d97a-427c-41bf-a8c8-aa332bfa16d5,19.0,76110.0,31.0,1.0
ced52556-122b-465f-8066-93ec643e66d2,36.0,76978.0,33.0,0.0
bb69cba4-d7ae-4e1a-87d3-339d2bc98b2d,41.0,120818.0,18.0,1.0
4f735eac-dfa5-4c70-b101-92f813292c14,41.0,121737.0,32.0,1.0
b5daeddb-55b8-41e2-9f3b-425f9bdd4e8b,28.0,102369.0,15.0,0.0
b3860016-81c4-4091-9f9f-8b1cdc483fd6,39.0,34752.0,22.0,0.0
cf58717d-f448-4f98-9e11-5fef74a117f3,32.0,54507.0,25.0,1.0
7b815f86-3459-4613-b76e-124dc30167b9,27.0,115705.0,36.0,0.0
8db2150c-5b01-4fc5-a0eb-17b447a8352d,58.0,140282.0,8.0,0.0
90b440c6-4901-400e-83de-5c3daf6d37e0,44.0,71495.0,29.0,0.0
81bbb175-fa9d-4207-8549-9684bb2c43a9,26.0,120466.0,12.0,0.0
a89dc3ed-dd10-453b-8f2b-fe04e09ed3c5,45.0,90886.0,15.0,0.0
174f42cd-0fbd-4870-8534-6eb47de673d8,18.0,100559.0,1.0,0.0
7d30e486-25fc-4a49-8745-03958a72fd3c,34.0,30982.0,30.0,0.0
91f5713a-9e97-4a99-a1ef-ebd9e9248fcb,48.0,109841.0,18.0,0.0
28b89ecc-868c-47fb-9855-62b00b975b1b,27.0,46146.0,10.0,0.0
6e47be37-c9b5-4a63-95f6-3322ebaaa475,54.0,146033.0,13.0,0.0
0102acb8-e722-4d9d-87e6-cb20a39d8c91,46.0,84843.0,24.0,1.0
9b561100-7125-49b2-b10a-1b93572809b5,35.0,106737.0,6.0,1.0
2e12d9d1-63ca-4686-a59c-7121fc32a768,55.0,112446.0,14.0,1.0
1acc58df-4909-4c87-b0fe-33249e068c78,56.0,118567.0,29.0,0.0
e57832eb-7311-4f09-95e5-36638bd64170,23.0,53636.0,30.0,0.0
aa591d3b-0b57-4718-aeb2-25430496278a,57.0,112850.0,23.0,0.0
b6cdce5f-9d66-4485-8f66-7ad907fd0874,29.0,57332.0,24.0,0.0
d8bac0da-00ca-4abf-9248-dcaeb7f83d48,31.0,81434.0,7.0,0.0
cce477c0-04fa-427f-adf7-c941e6c9be11,27.0,113866.0,29.0,1.0
4fb154cd-9843-4a6b-8b1b-7c19c8a28570,37.0,91271.0,35.0,0.0
e21112ab-d21e-49b7-b791-7c331ffce3db,32.0,92726.0,13.0,1.0
c82a0474-782e-419c-ae09-241e718b9cb5,48.0,110901.0,28.0,1.0
8232ae74-651a-4358-b5a3-c4189f67ffc5,24.0,139037.0,26.0,1.0
9c67dd13-1b0d-4891-b797-dcf2f7d48655,58.0,40108.0,35.0,0.0
d2427b37-a956-433b-806e-5407609aa619,27.0,98896.0,33.0,1.0
d19f7df0-1771-4462-bf0d-b0db81403574,27.0,72553.0,20.0,0.0
9942c218-0d01-4ad1-8865-d6f481de8832,56.0,70880.0,37.0,0.0
f27a5795-8827-4f2a-99f4-5a4d26519c99,45.0,144320.0,10.0,1.0
51a52300-ed54-493f-aaf0-062e92a5ff4f,47.0,82077.0,32.0,1.0
292b6deb-4ec6-4040-beba-9e6d9953eaf8,54.0,33625.0,14.0,1.0
d5218272-19ac-4789-9cff-7dd979c3f22f,20.0,68237.0,11.0,0.0
2f727ded-ac61-4ff4-a38b-08f466e46431,32.0,31223.0,23.0,0.0
0f9e72b0-dafa-4d80-b3ba-debc15e120d4,38.0,89303.0,36.0,1.0
a8293121-0604-4e2e-94be-ee952ff3a2d6,54.0,95197.0,10.0,0.0
f0dea21a-e02b-4223-bc69-a5e94efbd97e,29.0,135414.0,18.0,0.0
6f9cc871-91ce-4934-be6c-b9ed51e0da7f,21.0,104693.0,0.0,0.0
dc2615d9-c01c-4139-a254-82ccd58a790c,26.0,141555.0,16.0,1.0
73cd5f90-e2de-4a2e-9f8b-e943a2185410,56.0,67760.0,39.0,1.0
6ff2285a-2f06-42c9-ad2c-97e1ff2a118e,59.0,109182.0,15.0,1.0
47de3826-ee03-4af6-be8d-4d573bfb6edb,45.0,140174.0,25.0,0.0
d5173ea8-c06a-49ef-9dd1-b22b0653814a,40.0,87966.0,14.0,1.0
371794ec-a67a-4ef3-957b-dd6a58cd59e9,57.0,59024.0,7.0,0.0
171826e7-cc19-41cd-a27f-cfdec5ed0760,39.0,100323.0,29.0,0.0
04d2fea2-eb3c-4fec-8138-11c48d917b54,41.0,53202.0,13.0,0.0
155b17f9-5b2f-4a10-a150-59fb5e290c82,43.0,149414.0,32.0,0.0
ad6ac60d-9a4f-43dc-8c9d-3399be3cafa2,47.0,81524.0,6.0,1.0
237d9677-d71e-4204-a264-e08f50e4c171,50.0,73908.0,17.0,1.0
6ba669ed-f8a2-4ba4-b561-8d6b809dee22,33.0,66067.0,11.0,0.0
24d0801b-290d-4d91-8706-efd4f7c5f666,39.0,39360.0,1.0,1.0
ea7fe192-e4ac-4777-bdc5-bba75f4cfd7e,35.0,128228.0,28.0,1.0
b451e446-2ac0-4550-9fd3-21aa4c6ba448,24.0,134755.0,20.0,1.0
d544003f-5577-4710-957c-b29fc531bd19,43.0,42941.0,6.0,1.0
db4e7f7d-2f9b-4288-8071-5595c8c2b321,25.0,45993.0,26.0,1.0
0a71717c-2298-4cb6-89e0-926c8bd9def5,23.0,44620.0,11.0,1.0
994e5b23-bc23-44d3-bbe3-b088ca44a6cc,47.0,50193.0,19.0,1.0
0c54b96c-dcc5-4c7e-9bbc-00909d3b4432,56.0,81559.0,13.0,1.0
307ff777-4969-4266-863e-126ad688d862,40.0,51248.0,9.0,1.0
942209a0-5437-4acf-a829-49d4db99f21b,49.0,75852.0,22.0,1.0
4bbbd1fa-b3a7-447d-a782-5d0ea55a65a7,39.0,35027.0,29.0,1.0
b94351db-1404-478a-a912-22f60a3a983b,59.0,93410.0,30.0,0.0
d388f031-92ac-4bd0-90ad-19247424c00b,26.0,34260.0,9.0,0.0
42381504-bcd7-4125-b17f-8f2691f79296,48.0,67596.0,18.0,1.0
56074d83-8689-4ed2-9d2f-76d1d3a02dff,24.0,137076.0,18.0,1.0
fff57f08-1557-4aa6-bbb8-98407792f780,26.0,39012.0,22.0,1.0
7f5e4b6d-c2d3-4f98-9d2f-2ed69fec2bfb,30.0,55823.0,31.0,1.0
95594a43-229a-4d9a-8d3e-099d8cfacc25,20.0,103851.0,19.0,0.0
4fcf0b0c-7c89-4c3d-bef4-3dedf68b6b9f,52.0,77027.0,3.0,0.0
e124fa2d-9df7-4303-843c-c3b01294338f,50.0,108167.0,32.0,1.0
393979c7-a8fb-49a5-8046-fdc0b601546f,38.0,113794.0,0.0,0.0
0240902e-5746-4a4e-9ad7-f249b8d3734d,48.0,55099.0,12.0,1.0
6ced4424-0f7b-4b79-8cc1-6393daab5f00,51.0,131427.0,2.0,0.0
9397d661-e1f0-47c9-b7d8-0f2fe083c297,49.0,66992.0,11.0,1.0
44dbeeff-99a3-4385-8c56-d1f10080175f,52.0,149942.0,28.0,0.0
de91ff3c-0a4f-465b-a5cc-9d15f229d0bb,32.0,126912.0,30.0,0.0
51b6fcce-31c9-4008-83db-3386043a567e,49.0,147886.0,35.0,0.0
fe01a458-5eb2-4e53-8eb9-0a949bac4c7f,23.0,40977.0,1.0,1.0
9fe8ac33-0cfb-447e-aac4-b78f87921b71,38.0,86234.0,21.0,0.0
42d4f76c-a27e-479d-b5aa-a27f4cd99dcd,50.0,122230.0,21.0,1.0
433d1c94-9fe5-4496-bfe5-6c0f30ee359e,49.0,77376.0,30.0,0.0
55276f8d-a2d7-4f31-8163-229aa36c71d4,36.0,63978.0,13.0,0.0
282b13bf-1010-42c0-add9-17e64c74712d,50.0,39218.0,28.0,1.0
a704615e-169d-4982-8016-bfd6bc6b0f66,45.0,51788.0,34.0,1.0
2703f9a9-73b8-4869-9ca5-2914e3ad904d,48.0,50501.0,8.0,1.0
9e5f7bfe-d252-4f6a-bfe8-bd482b22a2f8,38.0,107989.0,31.0,0.0
89af31b2-d882-401f-92a3-abb7411543be,51.0,133733.0,26.0,1.0
c3b1eedb-a911-4417-9821-8a1765ff2adc,32.0,45210.0,9.0,1.0
ee43f6cd-2441-4548-b05e-dd2096cde6e8,31.0,104225.0,24.0,1.0
a97d9f9e-543b-4bad-bbe3-c464469b82c1,36.0,75489.0,32.0,0.0
da5a204f-6a33-4320-a90d-00282292ac7c,32.0,122917.0,10.0,1.0
9a82b8a5-4c1b-4dfd-ac93-945d76ce8fce,23.0,93721.0,36.0,1.0
4a8f0b65-e6ce-40d6-955d-c427f5dc7e73,26.0,125044.0,8.0,0.0
95b94224-dbce-4156-b02b-12f8521cd40a,54.0,72653.0,6.0,1.0
d5227e3d-7797-4730-81a9-ffa6e34e7a6b,37.0,116678.0,6.0,0.0
2e4ad94b-193a-44fd-bd39-90fc417d1d42,51.0,70950.0,33.0,1.0
40b40e79-7851-475a-9249-94723147d439,55.0,38916.0,18.0,1.0
fc556018-c344-48ae-a96b-0e089940169d,43.0,95911.0,19.0,1.0
6b55b52a-e077-4f4e-90a0-13eb783125b9,35.0,61449.0,24.0,1.0
2cfe4440-2dd7-4583-974c-b11ba5bd75e3,45.0,119333.0,4.0,0.0
f7293947-9b37-44f6-882b-dbddff251759,26.0,50782.0,28.0,0.0
ba5e96bd-cc5e-4f97-a756-235e0a78d441,49.0,122564.0,26.0,0.0
f55c3f37-c81d-4ae0-86dc-8d39ca36509f,23.0,50243.0,24.0,0.0
0588819c-d17e-4fc6-bc45-72a65a997e05,31.0,146374.0,36.0,0.0
a0a28045-7d69-4cf7-85b9-0ae2b964a86a,45.0,59379.0,14.0,0.0
848dfb6f-31a5-41b0-b1cc-9c8c76eaecf6,41.0,67780.0,3.0,1.0
8457fb28-d08c-4989-b13f-9b9f8ae3497b,30.0,60740.0,13.0,1.0
ae0b3342-1969-437a-ad90-e8720e425d59,29.0,144944.0,16.0,1.0
e861fce9-f241-4d6d-9f11-98620eb73f2e,36.0,49984.0,20.0,0.0
384865e6-b42a-4a00-92a5-c696159e7cb1,38.0,30050.0,15.0,1.0
ff484c02-ec7b-47f7-8f82-443d778612a0,44.0,36590.0,25.0,0.0
d5a424d5-0f65-40ab-ba6c-bc9a4588d37f,36.0,70205.0,8.0,0.0
28f17e75-c106-4a25-8b4f-9dbb88b93d08,41.0,45162.0,1.0,1.0
0901e045-231f-496e-8183-b85c2a295db0,43.0,79746.0,14.0,1.0
61c831a2-2776-4dd4-8919-5495198f81f7,45.0,43105.0,34.0,0.0
df1257b4-4dc3-4ce6-87ac-4e2e8bce8ccf,35.0,67499.0,23.0,0.0
fa7cf341-d5d4-4477-9964-680183c984c9,53.0,66641.0,37.0,0.0
93c05855-831c-4d50-8ece-966c4384eda7,59.0,41628.0,13.0,1.0
a5666d5a-afd2-4b6e-baf6-044e0a3826ee,46.0,72032.0,36.0,0.0
78b2a81c-f64f-4c73-8e14-1e18befa5ff7,34.0,95029.0,36.0,0.0
aac2e816-8eee-4b65-8ab8-04fcf53d8043,21.0,68516.0,5.0,1.0
4f948a61-05f7-438a-88ed-95168a0966b9,46.0,117157.0,17.0,0.0
ab7ff96c-2b24-4a45-af87-e248ed73816b,21.0,31476.0,21.0,1.0
32607d82-69c6-41da-8293-3b34be132e06,27.0,149558.0,17.0,0.0
0a450d73-aa66-44aa-85ab-a7a47b2b86a2,42.0,70800.0,1.0,1.0
dd8e6cac-d50b-4690-b8ab-5b2f11e99157,48.0,65788.0,31.0,0.0
833f6d28-0125-4dad-88d7-3e9055c6f2f0,20.0,119973.0,16.0,1.0
63b146d0-273a-4dd0-9110-977a32d28b7f,19.0,56240.0,0.0,0.0
479a24f9-b415-4ad1-90fd-c234bb3f0bfe,42.0,140988.0,8.0,0.0
77e658e5-701a-4084-85bd-a268c157a134,23.0,40922.0,12.0,1.0
1eab0965-363f-4117-89d2-ad87205e6b63,43.0,143690.0,35.0,1.0
e1603d68-7407-4792-a964-e44528abc619,25.0,94198.0,36.0,0.0
18fabd00-bb67-4511-bf2e-6c9780fe7639,52.0,88739.0,29.0,0.0
df83652b-c2f7-4e72-82ad-f546dae9b796,44.0,103602.0,30.0,0.0
6f1100d6-2c8a-47ee-973d-21e157f06865,42.0,42089.0,22.0,0.0
c43f0126-e1b8-4080-a320-a7306ed45251,35.0,62600.0,27.0,0.0
64505089-6d76-449b-bd2e-82c042e4339d,18.0,76176.0,9.0,0.0
afa5a37c-8429-4369-a294-18b0b4c42d6c,56.0,38167.0,24.0,0.0
6bfae9ff-9775-430e-82d3-37486d22a84d,20.0,108352.0,35.0,1.0
336696f1-6ac7-41b9-9ea3-ce69b57d3124,21.0,51164.0,25.0,0.0
4655dd03-6b60-43ef-b633-d79d24d92c03,58.0,115965.0,25.0,1.0
4644f0ed-81fd-4eff-8d2c-38c48aeb597d,54.0,130537.0,12.0,0.0
a6aa6264-55ba-43a5-8a5d-5226e43c644f,32.0,61415.0,16.0,0.0
de951f70-f719-4d79-a085-91f5536b70ee,25.0,103653.0,39.0,1.0
2a282064-9323-4474-8909-beabafc488b0,55.0,142854.0,3.0,0.0
7cd89f34-a6f2-4bff-9b09-0948f7a6a854,36.0,101895.0,22.0,1.0
6b5bfbd2-84c8-4dba-ab6d-76201a98f3a9,43.0,109900.0,34.0,0.0
fbbc6513-7145-4201-ae86-22d4132bb471,56.0,132501.0,10.0,0.0
9f661b41-cbc9-4919-b8f6-039bab3d6046,27.0,124330.0,11.0,0.0
8b244987-084c-444b-ad74-1b95d2f885ac,55.0,105829.0,8.0,0.0
9d3a8098-341a-47d7-a0e3-777281362e8d,31.0,88650.0,14.0,1.0
25571751-b754-46f9-876b-9d4312f12f74,58.0,88981.0,36.0,1.0
7c9f99de-cfdd-4a42-adbd-da59fcd97db6,36.0,104868.0,4.0,1.0
7d2f0980-ff6f-4606-bcef-cf29f875e25d,47.0,30615.0,18.0,0.0
7487ac93-5021-447d-a61b-b2c346c0982e,22.0,75612.0,10.0,1.0
3aaa84ea-9aeb-416f-a383-208fc6836072,48.0,107937.0,8.0,0.0
230fda5d-a86f-43eb-b189-94e82b4ab1c7,24.0,146254.0,34.0,1.0
9ed9c0af-f366-41d0-b12e-ea0310e9c3fd,36.0,71936.0,26.0,0.0
7426f964-0b89-4fd2-968e-569a696b3ca6,48.0,59372.0,12.0,1.0
ddb43809-a84e-4db4-a12a-1bb917a5e2b8,56.0,137812.0,11.0,1.0
03b10049-16dd-46cc-b93a-0e8367a4d135,41.0,143858.0,8.0,1.0
880bcd88-fad0-4988-86b7-6d0ee787f301,51.0,97875.0,27.0,1.0
69dd5ea7-52a6-4900-a3fa-5986f3ab6b08,40.0,111782.0,12.0,0.0
bc3b53c0-44d8-4bc7-8ac5-33259d001a68,57.0,91700.0,19.0,1.0
99059a52-12f3-4438-8196-3752dc2d35e9,23.0,38109.0,12.0,1.0
1e65d092-a3c1-4bbf-a16e-d3f2de853a7d,55.0,53758.0,26.0,1.0
a7abfd66-9513-4897-a024-e68f6988e7d7,58.0,118627.0,25.0,1.0
e2fe2c18-2385-45a1-8161-bc1189ac18c4,53.0,138592.0,28.0,0.0
b04a1fc2-8a6b-42a1-bbe6-bb98e17792a6,44.0,43317.0,28.0,0.0
11ed2423-de9c-4a8f-9dee-a508a34250f8,28.0,112298.0,21.0,0.0
eeb50477-d3b6-4dfa-ba7b-b09f0033de85,22.0,99001.0,8.0,1.0
afe1b408-0d8b-45d1-93c8-50dbdc4e5df1,34.0,81423.0,23.0,1.0
a18f17d5-0347-4120-919b-115da5793163,24.0,55622.0,18.0,0.0
e4f41548-bca2-4da0-8b85-af97c6afc677,44.0,145695.0,37.0,0.0
5b77121f-d584-4071-bc55-a66685513ac9,32.0,36800.0,30.0,0.0
894505e9-5385-4835-bd13-5073e2a25062,30.0,144797.0,38.0,0.0
5c7d2bdc-8e71-4838-b42b-429c82a0ce18,28.0,65539.0,14.0,0.0
388c181c-cce2-48ea-afe9-e149129d277c,43.0,132187.0,31.0,1.0
781023e7-43fd-49bb-9fef-e2bd70ad34d0,39.0,32600.0,28.0,1.0
b4a2dbac-f8ae-4e73-90c0-6c31fa68b60b,45.0,101054.0,33.0,0.0
292f0574-a8f0-4ae3-93c8-621f2f56946f,41.0,115163.0,8.0,1.0
7536bdcd-262f-463d-9f01-df2e5764307e,46.0,145693.0,34.0,1.0
5d3d9c06-33d7-434a-bbe9-13d044dbe4ef,26.0,59369.0,5.0,0.0
c52bc13d-c82e-431e-b352-e00d715eedc2,59.0,126981.0,36.0,0.0
888c88c6-9d4b-48c6-accb-3e1ea5a00704,21.0,46689.0,13.0,0.0
76d1db50-7aeb-40cd-8242-6aa30046113e,35.0,111459.0,8.0,0.0
ff69384f-3966-4e65-81de-869eef8311af,33.0,68469.0,18.0,1.0
757e14f3-3855-4eae-9ae8-792723b262fc,50.0,125939.0,22.0,1.0
22219a2b-73b6-4436-80c9-9c053024e1e0,46.0,30958.0,27.0,1.0
f9240494-343e-4c75-a8a5-17b013e932ca,56.0,149958.0,15.0,1.0
5c9b07b1-fec9-4759-901b-6bd609ea0dd9,27.0,135899.0,25.0,0.0
7d11f399-dbb2-4075-8e93-ca1842afd916,26.0,90012.0,37.0,1.0
3ff03cd2-d31c-43a4-ad6c-c5accefb740a,48.0,99074.0,39.0,0.0
95518fcc-150c-42db-bcc5-f2e48499948e,45.0,90021.0,24.0,1.0
7117433d-fe6e-4d42-9b36-59a2b8bfe58f,20.0,118940.0,34.0,1.0
da342efe-abbc-455f-8740-2d3803e8fae9,31.0,80782.0,4.0,0.0
225ece48-7f2b-4076-9dd3-35e0e527c14d,42.0,105519.0,6.0,0.0
b7f43e4f-cba3-4e26-8829-7a9c8c1cbde0,32.0,130907.0,22.0,0.0
ddf1361d-61be-4836-b291-7b2072750f12,19.0,89315.0,24.0,1.0
15335976-fb7c-4427-acae-4c1e3cc6970e,41.0,54642.0,0.0,0.0
87cbf050-8a9f-45d6-8608-302079d40396,31.0,109003.0,21.0,1.0
37ef8226-f53d-4d8a-9c8c-82b5b9293b55,24.0,30205.0,3.0,1.0
5647ca98-7259-496c-a2e7-2f13f9519338,53.0,122945.0,27.0,0.0
794b0e4a-7a8f-43b5-b2c1-82bf88a19146,41.0,42442.0,13.0,1.0
37db6f35-0557-479a-8ffe-6f766321b765,44.0,121826.0,32.0,0.0
cee65a9e-acb5-49c9-9616-b45e0dc037c8,54.0,121644.0,3.0,0.0
683d96b6-cf43-4dec-936c-7cad4c52251a,55.0,35691.0,10.0,1.0
3a457655-556c-442d-a4cf-35ddeed430cf,47.0,68909.0,38.0,1.0
88f00155-6e76-4140-9cbb-221d4806b8c9,44.0,147833.0,31.0,1.0
459a6aee-8259-4267-b6fe-15519e6b9a65,56.0,49504.0,3.0,0.0
8dc9e1ec-f0d0-40c9-935b-67593469ef46,32.0,94270.0,0.0,0.0
341103c1-18c6-4e53-bdc3-93e0756923e0,43.0,125698.0,25.0,0.0
d81784ea-aa67-4168-ba4c-1ae28336f557,18.0,135032.0,32.0,1.0
769b4bd7-1ee5-4257-af6f-2fe5495eb3e2,21.0,88051.0,16.0,0.0
66fc2a9b-155e-42a6-9e01-4585c1db0f96,46.0,68798.0,26.0,1.0
4e4a74ee-4fa3-40b7-8c06-a8b67bf725b5,18.0,79330.0,4.0,0.0
c0811509-b15a-4296-b9e3-d3dd5c5883b8,39.0,117087.0,6.0,0.0
67398631-06fc-40db-90d7-990598708d14,28.0,108919.0,24.0,1.0
77358f1b-0ec9-41b3-b01a-423b9bb9501d,27.0,112032.0,7.0,1.0
33b23835-cfca-436f-b227-3a50415e30e8,34.0,71716.0,33.0,1.0
20f4b707-f3a3-4d73-869e-0fc7d02f10f7,53.0,104624.0,3.0,0.0
d6c77ea6-dd93-4454-9672-3a246f689f94,43.0,76982.0,11.0,1.0
071a5dc0-fb7e-41f6-9e08-e18a6c6f5c07,38.0,57444.0,30.0,1.0
fa087113-93fc-4640-ae82-c6afdc4701c5,30.0,54734.0,10.0,1.0
49d80662-385f-45e1-b63a-cfa33aaf2cb3,26.0,71745.0,36.0,1.0
b711e32d-d01a-4dbe-ad62-a456dbc7c3f9,28.0,64571.0,35.0,0.0
329a8bf9-6786-4e27-abd2-b5c280a463dc,28.0,121951.0,21.0,0.0
1f45eb38-1035-4811-b907-071f3c26aa95,23.0,45389.0,0.0,1.0
41a37352-eb62-4877-809c-450af5487445,18.0,123280.0,3.0,1.0
17be1c6b-0ef1-4e8c-80e0-ad6adc9240e8,23.0,114218.0,35.0,0.0
89fca6e3-cc23-4043-bafb-687341714a38,30.0,75038.0,7.0,1.0
a952d7d1-9bfa-404f-a931-a75cc80e1e33,39.0,129846.0,24.0,1.0
09bce570-ef7c-47d1-bb35-5c55ea68fbf9,48.0,102795.0,27.0,1.0
e182f60a-4704-46b1-a2d2-519b90b82c1c,39.0,75168.0,37.0,0.0
8955eeac-176e-430e-9711-abf3e709ba4d,54.0,108082.0,35.0,0.0
70a3b19d-a179-4d99-900a-b6336a4b0930,44.0,97690.0,35.0,0.0
bbebb0cd-0bf7-49c8-bd09-3ca3800c0644,31.0,104302.0,3.0,1.0
2685c3b9-3abb-4d68-9d8e-23f5d9cf0612,22.0,144053.0,12.0,1.0
7bdc2d2d-6b71-4fce-81c2-27d26fc0e91c,53.0,41230.0,37.0,1.0
c5faf431-cc39-4b17-a0ae-bcf4fd66ee7a,49.0,113301.0,24.0,0.0
ffd2c77a-d46c-4d0b-b7d5-815a0207f854,51.0,35902.0,2.0,0.0
7505e6f8-e368-49b1-97ba-0c8ba99601f0,24.0,96758.0,31.0,1.0
88648266-650b-464b-8fae-85e598e52294,59.0,57050.0,38.0,1.0
4295f9ab-e219-426b-b0df-c8f93da312e9,27.0,129805.0,0.0,1.0
f3b3dc45-af47-4e83-b59d-786a05c005a4,34.0,104586.0,10.0,1.0
921f9eab-369e-48fe-a50c-9720a9262f7e,47.0,144512.0,1.0,1.0
37cbda45-b488-46dc-a4cc-acbc3591cff4,38.0,99110.0,4.0,0.0
08623a05-322c-4d8d-91d0-f3c5d80ad47a,30.0,132033.0,21.0,0.0
d10b7efe-8512-48ad-bff8-d3420e17b0d3,18.0,106693.0,12.0,0.0
9fef9e6f-bc3d-4961-a689-7bafb336b506,18.0,49575.0,22.0,0.0
033a604f-d4d5-478c-823f-d0e56bf8a58f,50.0,88940.0,30.0,1.0
c9950354-bc68-47e6-9e09-eece919ad3d2,55.0,70244.0,34.0,0.0
829368d1-e33a-418b-a154-b42122f75667,42.0,113481.0,37.0,0.0
be72c3fe-ca51-4fc5-8a61-02e31ac622f2,43.0,44962.0,34.0,1.0
72db199f-5641-4316-a96c-47f627bb6888,30.0,130826.0,12.0,0.0
6d2a08c3-9eba-42ca-9591-e1da30684b10,45.0,130695.0,6.0,1.0
bbc7ffbe-96b8-4b60-9944-eb6e058dfed3,50.0,147363.0,4.0,0.0
0ed4d19e-91df-43db-bd94-28c7444c633b,54.0,146871.0,28.0,1.0
d075645f-c004-4646-880e-0d4f5ace02ba,58.0,120388.0,7.0,1.0
36c64463-9baf-4dc2-b538-f7546401caae,47.0,126220.0,7.0,1.0
46272d36-6a25-4e4f-86e9-fd2ead1065cf,25.0,140378.0,6.0,0.0
3a96df8b-cb13-40d8-a447-99b38be05c6c,18.0,107332.0,18.0,0.0
6d1d426b-b3b6-4b1a-91b9-8cd4244ea98f,29.0,54450.0,38.0,1.0
3d1511cf-5b05-410b-ad10-8d1faff3dd98,22.0,130382.0,22.0,0.0
6d1a561f-2e91-4f58-a769-f24d60fe1271,41.0,83494.0,35.0,1.0
758b3fc4-4c0f-4222-a923-f91596d4bce3,23.0,75037.0,31.0,1.0
353613e3-6fd2-4c53-9aaf-a3bec1df527a,42.0,142666.0,3.0,1.0
35ec008e-ec94-48f2-ab0f-b6ba77754287,18.0,113040.0,29.0,1.0
ffafe6b3-6c4e-43f4-b8be-288826c15a1d,42.0,141264.0,38.0,1.0
dc569a2d-02d8-4e7c-85d9-59415081fb52,18.0,60041.0,4.0,1.0
8f7d18b3-b795-44f6-a778-c09e24d2b155,49.0,40715.0,2.0,1.0
31e21df2-bc97-48d9-b95c-ab7c8e7145e7,59.0,51803.0,21.0,0.0
561eaf71-0d02-4892-965e-3dc295dcca94,59.0,98906.0,27.0,0.0
277dc1c4-16f7-42b7-920c-f6fec1ce021a,20.0,91726.0,21.0,0.0
13402641-688c-497b-9702-49b5263265fe,36.0,31908.0,21.0,0.0
3c2d3987-a5f2-4da4-a47b-8c8d4104f4aa,46.0,148208.0,33.0,0.0
d979f307-59ea-49f3-839d-cf78c2bc7f71,19.0,67075.0,28.0,0.0
7037b476-94e0-44ab-b9a8-bb6583d0216b,26.0,94587.0,12.0,1.0
312469f4-44c4-4a62-b47e-21d18b7e2d92,34.0,83648.0,6.0,0.0
31443c97-45e5-4aa7-9d40-904acb6ecddd,53.0,51134.0,9.0,1.0
89401bf7-e8a1-409f-9a6f-4803039d3a05,34.0,139601.0,27.0,0.0
5f5b4b1d-1e55-485b-9fa9-fc4818b89656,29.0,145185.0,3.0,1.0
b5f71185-a943-4a34-ad6d-c4d8594c4d1b,37.0,86143.0,31.0,0.0
c95201c1-3ed4-455d-9fdf-7c6f471c4c7d,20.0,99123.0,21.0,0.0
830cfabe-a16b-4b66-b569-d48dcfa1abd0,21.0,125559.0,19.0,0.0
24fee013-47b5-4c8c-bb7c-330933936d58,34.0,75153.0,19.0,0.0
db4c5718-5450-4b9e-9002-fa10fe4f6122,54.0,32413.0,5.0,0.0
5f70c290-f32c-416f-84e5-bfdbb014056b,59.0,148488.0,8.0,1.0
457094d1-2935-4bed-8273-b5f5913ecfc5,32.0,120574.0,27.0,1.0
c118cb1a-3e1c-49e5-8efc-8249d1acb4cd,50.0,52555.0,12.0,0.0
cf87a520-6365-4ef9-9a73-1442694af78a,33.0,40952.0,30.0,1.0
4982b69d-2d05-4274-94d1-dcb8a7883573,28.0,98993.0,38.0,1.0
b4ccd89f-68da-4fbe-9474-bf8017fbcab7,37.0,104000.0,13.0,1.0
9efd16dd-dd33-4a10-aa9f-26dd3d838e30,55.0,96686.0,21.0,1.0
77f85a00-a01c-45b4-a6cd-c882d8ca28b4,41.0,142841.0,36.0,0.0
afe69b67-834d-40ae-a3a4-47c5c2cca1c5,33.0,62264.0,23.0,0.0
56f93fc9-c6eb-44f5-bdec-93490a5b99e7,47.0,135758.0,7.0,1.0
6ea5be65-c684-4948-abf6-7755a1e77b24,51.0,77553.0,14.0,0.0
0a441c5a-1582-487b-801e-f8863ef5da62,18.0,84359.0,5.0,0.0
90a2337a-0bc7-4ddb-9b66-246c774ea9df,41.0,139885.0,22.0,0.0
8445b2ee-6fe0-4239-af43-37989b22894b,41.0,128322.0,24.0,0.0
9a6cb4b5-531f-43e9-93c5-75c559c66fc0,26.0,39808.0,30.0,1.0
e8d1ca36-2d18-4dbe-906c-d388f548446e,39.0,82330.0,28.0,1.0
fb755cf8-e9f9-443e-aa9f-7ffba36c576a,29.0,144672.0,22.0,1.0
c6fdfe2a-565c-4bcb-88c2-28c80821b2eb,34.0,68345.0,9.0,0.0
8128f77b-be6f-4f04-826f-83cdad970381,42.0,99617.0,8.0,1.0
9b615809-ffff-4382-8c4a-1dbe978197a2,45.0,69222.0,12.0,1.0
7120b8b3-0ab3-4fc7-80fe-a63417ff98d1,32.0,87755.0,31.0,1.0
712d9917-9183-4441-b50a-73ebde637feb,47.0,38933.0,0.0,1.0
facdc1fe-efb5-4919-a5c2-ee20c2c97216,44.0,98207.0,0.0,0.0
ab22eead-5fee-494e-a714-b30209529322,39.0,73739.0,36.0,1.0
6ce7a67f-bd59-49d1-bc21-27d4fd943616,27.0,77738.0,39.0,0.0
f5f05156-bb6b-48bc-8ea8-ebd3bc4a806f,48.0,126753.0,17.0,0.0
3349d3bc-ef50-4e10-8609-b69f39eff8e2,44.0,134691.0,35.0,1.0
3dba00b6-a82c-4347-b831-8788ea6a5649,29.0,135137.0,30.0,0.0
6cfd33c7-ff9d-470b-b336-5d9c1d9ebfa3,48.0,114544.0,0.0,0.0
6c8bd1d0-a4fe-4cdf-bfdc-8a7f35449dbe,49.0,51883.0,35.0,1.0
2502f0dc-5529-49d1-8551-444a15c9e036,49.0,128818.0,8.0,1.0
4c04ef0c-1ebf-4d89-8641-fff45369eba0,58.0,128510.0,21.0,1.0
1fa91006-cec6-4108-b6a0-a8b41864982f,52.0,129251.0,27.0,1.0
74fa5684-5370-4229-abe2-4ecaf077c63b,38.0,73401.0,25.0,1.0
a80eda86-5778-4365-80e6-885db5a9e894,27.0,45380.0,9.0,0.0
0a981328-521f-4613-9f3b-75c6c11a054b,33.0,48212.0,2.0,1.0
d203d50d-091f-460b-b71e-4deae624fa5b,24.0,58174.0,1.0,0.0
11c77380-9518-451c-a2d9-987208ab6d49,21.0,36861.0,36.0,0.0
4537e493-c952-4357-91ad-07dcd2c368d4,44.0,36094.0,30.0,1.0
ff811ac7-179b-411f-bd6a-abd3ed58cef8,42.0,134649.0,32.0,0.0
dfda4f0e-8486-4183-b57b-890cc2a983e8,48.0,81319.0,31.0,0.0
d9e6fd2c-3312-4618-9d7d-26872c4e9dbb,28.0,76728.0,11.0,1.0
c8494e35-7a8f-4e97-954d-2ebc48f375c1,37.0,54363.0,2.0,1.0
555ad731-45c1-4300-8071-c352069c5b08,53.0,117846.0,25.0,0.0
e379ded0-dec4-41c0-922e-7a7739e51212,34.0,69300.0,13.0,0.0
8e0fd876-3d04-4862-a7f0-ae7e019160b9,28.0,84808.0,11.0,0.0
d899ffac-f326-4a95-817e-a4a999b2e9f7,47.0,35943.0,25.0,0.0
17b10a74-24bc-405d-9af3-650a78f7d3d6,52.0,110105.0,15.0,0.0
629a6887-3131-43a0-9d15-129771dd36a6,58.0,72616.0,7.0,1.0
0a3800f0-5d4a-41d4-8429-05022ed047e7,55.0,104329.0,27.0,1.0
948ceb66-9ca4-43a2-b7ce-176dd040bd49,39.0,133743.0,6.0,1.0
bfee27f9-e852-47aa-8204-b759baf524c3,44.0,55287.0,14.0,1.0
8db0e03d-42ee-4d8e-a5c9-0781aba537bc,54.0,63971.0,35.0,0.0
7d088acc-a29f-497f-a7ec-e6619df5fc0a,52.0,86152.0,7.0,1.0
6c6fef00-4983-4e09-b6a6-6fcfd6b4c36c,21.0,72351.0,9.0,1.0
af94a168-0b57-46ff-89a1-3bf0b787cdf1,33.0,142715.0,14.0,0.0
4300fd44-d8ea-4467-b7e9-9b4c08042b21,33.0,90040.0,17.0,0.0
66bdf79b-7348-4319-8177-ff399ce72b45,38.0,126905.0,36.0,0.0
1fa035d9-2dfb-4650-a7b2-15beb650cb6c,43.0,118559.0,34.0,1.0
fb6c8a7c-49ae-4977-944c-10978bb75c81,53.0,90616.0,1.0,1.0
fc2ca0ab-3d8d-45bb-95ef-35115ef62db8,36.0,141421.0,21.0,0.0
417c6f08-59f7-42b8-815c-68da3ce9d700,34.0,53897.0,14.0,0.0
20affba4-38cb-4a2a-ad7d-9fc402c4df9c,43.0,53010.0,36.0,1.0
794c64db-6dad-4e3d-93f3-0564660e68ed,39.0,70154.0,38.0,0.0
8c572a8c-78c0-4bd9-b238-2d023951e653,45.0,131435.0,35.0,0.0
01f938c7-f919-48b3-a570-168b5bc030f5,18.0,50114.0,4.0,0.0
80835f53-6ca5-49c2-8009-414fa1fe85fb,53.0,49050.0,14.0,1.0
d16009c9-8827-4dcd-94eb-6903d81835db,54.0,145237.0,26.0,1.0
75e476dc-649b-4379-a4fd-13e046fed785,19.0,51125.0,15.0,1.0
0965c5bb-e7e6-4e3c-b596-5add8cb31753,34.0,124094.0,35.0,0.0
eab48e31-0e14-4bc9-92af-9a7ed68bff6f,57.0,80396.0,37.0,0.0
42f5d8e4-25d7-4ac8-8200-e0126b7e2e98,55.0,74846.0,17.0,1.0
efff3a85-163a-4707-a4ee-fa028f73c89d,38.0,50396.0,34.0,0.0
7eee62fa-0a89-4855-8d65-bd19ea09ab08,26.0,122661.0,24.0,0.0
ffb267f3-a86d-428c-b2dd-41e83b6b1893,30.0,118116.0,21.0,1.0
fa5e6c42-f7c5-4f7c-a950-e0122421f373,28.0,149233.0,30.0,0.0
5fe7eef5-2ec9-4f93-89fa-d6ac779b0ab4,33.0,68973.0,36.0,0.0
52a61c2d-77ac-428a-bf79-068d4497e2c7,33.0,53574.0,33.0,0.0
75b14792-a119-477e-8e9b-faaa5a8a9289,19.0,120155.0,22.0,0.0
9220a18e-1535-4925-9b22-17a07081ba29,59.0,43869.0,15.0,1.0
52f177c3-908d-45a9-8092-3fecdc02447b,25.0,96194.0,5.0,0.0
aa36badd-eb16-4659-b4b4-de67bc589780,59.0,92167.0,14.0,1.0
f0d7c1e9-a664-4f31-862a-b5f96d1a1294,30.0,86147.0,17.0,1.0
cb64b6af-c8a4-4138-b88a-a02293f2fd75,34.0,142686.0,37.0,1.0
a5fb21c5-169d-40f9-a631-fff9e487d489,56.0,42122.0,12.0,1.0
27c5886e-170d-43c0-9e97-a86550ed550d,41.0,73827.0,23.0,0.0
421ad9d2-d0a2-4c0f-a591-096ffdc8caa0,20.0,43335.0,12.0,0.0
a56d984e-113d-432a-99c4-c06713df5293,47.0,93576.0,0.0,1.0
1cdabdda-9d09-4aac-8648-032882207136,30.0,51677.0,35.0,1.0
eb7852bb-4f02-457c-b1af-b68e4eb9f1bb,36.0,58223.0,17.0,1.0
ec963e4f-12e9-4ae9-a5f1-449b5acf038f,24.0,59814.0,32.0,1.0
2ea9009d-bea7-4446-b793-48025e801783,26.0,113611.0,37.0,0.0
8f9473ef-a14c-4da8-be07-271f31150263,36.0,73185.0,5.0,1.0
74145e06-ec89-4c2e-b6e9-5edfc2500843,57.0,106794.0,16.0,1.0
065a756a-93ad-48b5-b979-5d23b99e2fd6,39.0,126063.0,3.0,0.0
ac38e1d1-1912-4047-b1e3-55a7c21d5a6d,35.0,105675.0,13.0,1.0
79193edf-b762-4e25-9e89-e866a77a5e6d,40.0,72325.0,29.0,0.0
bb72448f-12b2-40a4-938f-910fd7439e37,19.0,70503.0,19.0,0.0
9fa50e0d-4d13-42c2-acbb-1b16f9f2e714,28.0,49514.0,7.0,0.0
f55539ea-4150-4c9e-9936-a777b80ae701,48.0,86196.0,1.0,1.0
936fa0d4-fe18-4bfe-abe7-90f36ba56114,50.0,50917.0,36.0,0.0
74e0165a-ae5b-49dc-be2b-e2a8062c6023,31.0,84699.0,3.0,0.0
9845cbc6-976a-462c-8d37-4505051d75eb,33.0,124633.0,9.0,1.0
c5afaaaf-e154-41be-a0d4-d25e4d0c03c4,28.0,80119.0,19.0,1.0
e055b2c6-1e05-4b43-b48f-9ca77df9bb39,50.0,113324.0,34.0,1.0
bc9d38b0-42d2-4162-a197-91bc273b297f,24.0,55061.0,9.0,1.0
5546f679-d4ac-480f-9fcb-6e1aeee3b2b9,48.0,39947.0,27.0,0.0
1f6ddd9a-44fc-4103-a308-9c805da07d43,31.0,111080.0,14.0,1.0
69f9ba4b-466c-46b8-b9ef-070ef32822ed,45.0,115550.0,35.0,0.0
eefcbe18-e910-4a9c-b796-729b9c88798d,33.0,110331.0,0.0,0.0
09235c92-ff33-4171-abab-0c2b588037cb,36.0,62632.0,21.0,1.0
ceb838dc-2ffb-4f71-a587-be42846602fd,34.0,49352.0,26.0,1.0
8f3a9a16-56b6-4f58-8754-984b93182c9d,43.0,53653.0,28.0,1.0
91c323b0-331f-4d28-9b41-b0357d8b91ef,23.0,97115.0,14.0,1.0
a0bc4a93-b412-44cf-9c77-e3a97f7df1f1,26.0,127294.0,9.0,0.0
6dfc3dbd-7a3a-42c4-a72c-26f666e66928,34.0,73755.0,19.0,1.0
97567bad-9d91-448a-bbcd-83ab4025f728,48.0,134296.0,21.0,0.0
dd2fc7f7-d960-4abd-8342-0e384f3c142e,29.0,128354.0,8.0,0.0
1ec411ef-ce65-4e28-879c-4c10a84c0ecb,40.0,101988.0,31.0,1.0
8e08fa8f-3fd5-4694-bb96-7bbe05694472,22.0,67921.0,16.0,1.0
3c13585b-29c3-486e-8778-e63e6d7cbc5f,53.0,89003.0,18.0,1.0
ecdc9144-5726-43e5-a6f9-9ebf0482fae4,53.0,110876.0,39.0,0.0
4b3dc3bb-f24a-4acf-ad40-00ffbfd568f9,20.0,76668.0,26.0,0.0
ec43a2ad-9bbd-40df-80e6-9f0f4538bb8e,41.0,85175.0,36.0,0.0
02432f36-fe42-4967-84c4-63aba930325b,34.0,77738.0,33.0,1.0
9dd717ee-488a-4cb9-b95f-2b66a62625bc,56.0,83452.0,9.0,1.0
49ec540f-d3fa-4b2a-bf6f-4f6fdf2e1130,43.0,98323.0,29.0,1.0
41c7ecdc-4ed7-4335-8871-56d68256873a,21.0,76149.0,20.0,1.0
5cd948d6-464d-4b78-9ed5-a5a195195550,29.0,143893.0,20.0,1.0
f923b71d-1c27-422e-93d5-7d0e3c126f19,18.0,45839.0,33.0,1.0
bb60f80f-1173-4942-bab0-7d68c8aba21d,38.0,32155.0,8.0,1.0
99c1bfa7-46c9-40eb-9362-3e0284a4ccd8,36.0,37019.0,33.0,0.0
258dc2b5-60fa-460f-bdd2-91b954432ca3,38.0,84512.0,11.0,0.0
bdd3cfda-55d6-4f8f-a481-b2995f69e36b,35.0,91690.0,20.0,0.0
04ad0e4c-57da-47a3-8f93-d5c271aee416,20.0,116150.0,19.0,0.0
415b5553-a293-4ba3-b4b9-93552dd329c0,49.0,56190.0,5.0,1.0
162fbff7-ca82-45fb-b582-5041c8e69f5b,27.0,135911.0,35.0,1.0
0fc255ae-785d-4caf-b8d0-7b45837e784e,57.0,40928.0,11.0,1.0
e74c1945-1c8b-4828-92cb-b45d21819668,32.0,78425.0,30.0,0.0
a8bd3d8d-47f4-4fd0-9db1-6c84b2b0d2b1,22.0,104134.0,1.0,1.0
cbe21e42-711f-4ec9-acd2-bdc0f3246ba3,21.0,139875.0,15.0,0.0
678e3654-2b1e-4675-86c5-f17e9933c6b7,45.0,116117.0,0.0,0.0
6aa2634a-1b84-4b34-8de9-308a6762820b,21.0,78974.0,3.0,0.0
64514b37-2b94-4382-b036-13c097b80cbd,32.0,140191.0,0.0,1.0
b4c330ed-ef51-4c97-94bc-c43b7bdf8fa9,34.0,77796.0,34.0,1.0
4a7d8faf-1c01-47a1-9488-385ece294dd3,20.0,78743.0,12.0,0.0
18c121f3-ff8c-4737-ad35-1eaf39d7bcf3,27.0,142143.0,30.0,0.0
1f9a2c58-fad8-40ec-8e48-a9e613f55f1c,59.0,109455.0,19.0,1.0
fba5b00b-b007-44ff-9cbb-aa720ae3199d,40.0,133716.0,6.0,0.0
00ee6a35-4cbe-4cec-af2e-bb17ab19de2d,35.0,100035.0,39.0,1.0
412ed31b-9e52-4a83-813d-0166529bdd2b,18.0,67677.0,32.0,0.0
7469b3b2-f0ab-4ed5-91bf-c3d10e1d796d,52.0,86321.0,27.0,1.0
8ca06789-8a87-4b73-85c6-f218834f96a3,48.0,143782.0,19.0,0.0
d4856e6f-d067-47b9-9340-2725739cae15,18.0,139398.0,31.0,1.0
fef4fa06-ad8d-47d7-8c08-9b976f5ec4d5,20.0,88973.0,8.0,0.0
adf81ee0-594e-442a-9d14-3324d81ca5e4,20.0,82414.0,33.0,1.0
be3abfe7-7f3f-4948-bf8e-e94e9e53786a,54.0,55602.0,13.0,0.0
2b84e5e9-1c2b-44f3-85a3-997520bc43cf,36.0,147677.0,3.0,1.0
914f6f46-0402-45f8-a5ce-fbec34bf5aa2,46.0,59692.0,28.0,0.0
4fe247b0-dec1-45bc-b000-6954663f1228,42.0,135958.0,14.0,0.0
cddfaeeb-386f-44f0-b9d6-ed12c2388dc4,50.0,78750.0,16.0,0.0
4d1f4bed-4ee8-4faa-9ac6-bef9e4cb5ae1,53.0,146912.0,18.0,0.0
1d66b4ac-4f53-4bcc-bb19-d15936be4f6c,46.0,51760.0,37.0,0.0
cbe28c3d-3fdf-462f-b174-2aa87a0e17d0,43.0,98456.0,8.0,0.0
aba7c650-c934-49d0-9663-084908970de3,21.0,54085.0,26.0,1.0
6525f810-cb08-4815-980b-f0638feab8c1,31.0,93964.0,14.0,1.0
ab2262c7-7867-4504-b490-9658cbac6edf,44.0,52925.0,36.0,0.0
654ef4cc-12c3-4023-ab47-b8a82b3e75e5,50.0,35615.0,27.0,1.0
32b1f345-0f8b-4687-b4d1-f300e337bf73,39.0,67083.0,3.0,0.0
fc3425c2-8c98-4296-9809-869e0c5a8518,20.0,140764.0,20.0,0.0
989c96c1-d199-498a-96a1-2024ed088781,40.0,98319.0,33.0,1.0
8a76edc5-59fd-4454-99f6-b6c14b329e28,38.0,39605.0,18.0,0.0
1c6ffdeb-41f3-4659-a841-123d43b8318e,58.0,141093.0,36.0,0.0
85368fc9-9ef1-4340-8482-5622e6c94dfb,40.0,74608.0,3.0,1.0
7ec22255-c8ae-450d-8d53-b131892e9ab8,21.0,49192.0,36.0,0.0
0a70bbf4-c443-4084-a91f-6d7592b5294a,38.0,33331.0,31.0,0.0
5ae477ba-6498-495b-a4a7-0f44fed6d601,54.0,81330.0,11.0,1.0
b1f4fac3-4f96-4752-a99e-b6ff30204df1,48.0,127392.0,15.0,1.0
697411b9-9fd5-4bd3-a7eb-356e7afbb3f7,38.0,79949.0,13.0,0.0
7397682d-38ba-4c68-aced-25201374f6f7,43.0,98382.0,0.0,0.0
6af59975-ae93-4907-94ec-c6234d337aa5,58.0,129233.0,31.0,0.0
08638803-85df-438f-8ae3-dfd90870de35,52.0,67586.0,20.0,0.0
6f253348-b20c-4dfb-800a-b2391dfe4b52,55.0,82243.0,3.0,0.0
adfd2980-12e6-4f83-a518-98c075800e78,41.0,130566.0,8.0,0.0
4917aa4f-98ed-4c27-a4fa-13aadf9950b2,28.0,88618.0,21.0,0.0
861d8552-4712-48b2-88cc-362eee4315ba,58.0,108311.0,11.0,1.0
c64e7b5f-5d05-4885-b758-17824c174a65,46.0,37549.0,29.0,0.0
59e56e0e-fcd5-4c8b-a1db-4567d4827056,20.0,148168.0,29.0,0.0
86a6a04b-2f78-424f-994d-acfeb9f4a836,18.0,82494.0,31.0,1.0
43a0d02f-07ad-430f-9660-8f3d6a7061cd,36.0,117973.0,35.0,0.0
0f28e0de-7ed5-4816-9f72-11ad49e11618,39.0,53958.0,6.0,0.0
82b2dfc0-66a5-4462-9cf1-ff4dfcd42c9a,31.0,119779.0,16.0,1.0
fa6b4f07-483d-4c4e-90bb-ed802d8bd29b,31.0,137713.0,0.0,0.0
044bf52e-5789-46c5-b4e0-30a4719a3cd1,33.0,137960.0,13.0,1.0
e637b630-3e4b-445d-b9db-866b13b755dc,50.0,124520.0,37.0,1.0
d217c6aa-ecab-481e-952c-2b31674b4c48,30.0,132478.0,25.0,1.0
0824cd33-b1bc-4edf-9600-2096fb5569d3,55.0,67538.0,26.0,1.0
a031e1a2-6b03-4383-80f6-a73e46dca57c,29.0,35833.0,15.0,1.0
2e1579a9-2c3c-4d83-8709-8d29364d705b,55.0,53386.0,6.0,1.0
3506f503-8801-429b-9b00-831ac28b152c,56.0,146981.0,31.0,1.0
1493e8f0-0102-494b-9b0f-86babe05b48a,50.0,130349.0,24.0,0.0
d23fe0bf-6f3d-41a9-9a07-d5e97a8d3d5a,50.0,129341.0,30.0,1.0
c0aa620b-ed47-4659-a1fc-b519374a455c,46.0,101778.0,15.0,1.0
e4aeb100-3c30-44f1-9283-8775e767314f,22.0,124240.0,13.0,0.0
a6654ff0-180f-4ec1-8dbd-1df4af4461ba,23.0,137955.0,24.0,0.0
d0607b0d-9aa9-4916-9a5d-91361a8c582e,48.0,54832.0,29.0,1.0
9bc8555f-a49b-42be-9d23-35d80bda9079,33.0,107857.0,6.0,1.0
556aad41-ac34-4761-a70f-a2c2e84b8aeb,48.0,68930.0,11.0,1.0
4d21cf50-4026-4b90-bd96-cc950f95f16d,42.0,62407.0,2.0,1.0
021889a1-b87b-4c12-942e-376ee91f52c8,50.0,34073.0,26.0,0.0
0b6f89d7-607e-4b2b-aa53-b19a34124f10,30.0,47667.0,18.0,0.0
8269399f-1259-4bec-80cb-397816705570,27.0,46035.0,36.0,1.0
9078a672-27eb-4f18-9e6f-3f8f2c696ae5,41.0,36732.0,6.0,0.0
8a77cb28-b373-40e7-a196-a2b8b88cdf6d,27.0,85097.0,15.0,0.0
26745f73-9f86-4362-9b81-91e08496db6a,58.0,33487.0,31.0,0.0
bc285735-607c-4fa9-bb64-03623f6e8147,48.0,130488.0,7.0,0.0
087e2907-d50a-4e7d-8476-d8e4bf74e20c,30.0,87702.0,12.0,1.0
fb695c0e-08b8-4099-8c87-c18d7e8d4255,20.0,124961.0,10.0,0.0
23e91922-6f94-44e9-a8e6-4c5640f7d4f9,51.0,142194.0,19.0,0.0
82fd8f8c-9cc3-4d59-8229-c86188f4b3cb,45.0,115107.0,17.0,1.0
d5213b3e-a3b2-4bc7-af10-0c97d8f9b75f,36.0,59075.0,36.0,0.0
d3901e25-5384-4975-8aa0-b9d07b9399ad,40.0,137721.0,5.0,1.0
ce607bc8-2e3b-4621-8e09-4da8587398c7,49.0,101031.0,19.0,1.0
a018f141-8c56-4c5e-a83f-d4453d7cb318,30.0,114217.0,31.0,0.0
d7aea746-5ba2-4bb9-97eb-b8b6d743df6d,50.0,44781.0,28.0,0.0
e127d874-997a-4722-be73-a9c3b648e385,51.0,69865.0,3.0,1.0
67e67c4e-2cdf-4eb6-bf25-ba7b6c7a43ac,50.0,38469.0,6.0,0.0
01c5a531-2f22-44c7-a254-322c5517d7a6,22.0,75167.0,19.0,1.0
92c79973-0cfe-4f56-afc8-b9e2f14e88e2,20.0,111738.0,33.0,1.0
5ecfbb87-11ed-4e8e-8369-957fc0b794bf,24.0,49928.0,35.0,0.0
ade0a835-2007-4c51-a1bf-2686dd417779,41.0,106521.0,6.0,1.0
6e40930a-6962-403b-9d3b-71d2674e6941,39.0,69599.0,32.0,1.0
ddaabe49-23ba-4361-9040-6b7ff8c016a5,40.0,46775.0,14.0,0.0
66b2a172-d58c-4dd1-a074-65bf709514f5,47.0,96504.0,31.0,0.0
554a3053-9922-4804-a6f8-93c6ca769fe0,35.0,105918.0,21.0,1.0
fbe1d742-b166-49e2-86e4-98bdc1dcabce,49.0,100687.0,39.0,0.0
1718bdff-6c81-4534-9abc-700199867029,24.0,56804.0,28.0,1.0
6d6ce1fd-3027-4e08-a2f0-b80b1a1dfc0a,50.0,139122.0,24.0,0.0
9234b7d0-cc2a-4dce-ac13-68e2835abbce,22.0,62259.0,4.0,1.0
46dfd916-90c3-47ea-8eb4-a9fc9f363f24,45.0,116284.0,13.0,0.0
1a55e660-a1a4-4552-997a-8d4fb80920e0,25.0,115227.0,34.0,0.0
270e5256-2634-4d93-9939-2eb633c950a3,32.0,127556.0,1.0,0.0
a5dc4f89-2189-4a17-83e3-b1440d8acb4c,21.0,73560.0,24.0,0.0
236fb28a-6bbd-4dba-8700-b1d9049a3638,51.0,57256.0,15.0,0.0
13fe9320-129d-43b4-8826-7dca28e91494,22.0,36125.0,15.0,1.0
aca479cf-e718-421e-ab8d-0168cf714939,50.0,34370.0,10.0,1.0
3f3e5bb5-584c-4238-9843-8edd95d717a0,22.0,34838.0,34.0,0.0
9b66298a-dceb-499c-9a5f-3f6bc0717f98,55.0,144479.0,22.0,1.0
5de6e36f-5766-49a2-a7e4-ffb462fdfa8d,51.0,87429.0,4.0,0.0
e22bc8b7-55cc-4958-9eca-d6a3d0f16a15,43.0,33134.0,34.0,1.0
633f0d3a-d4cb-41cf-9775-9b2d250a5b5f,18.0,140995.0,28.0,1.0
9fe467d3-decc-47a0-906c-885934d5d14b,21.0,73199.0,4.0,1.0
0ff8b38b-a979-4f59-8070-60d3d6c4d03e,56.0,107092.0,2.0,0.0
e448619d-0862-43d4-86ae-65f0a6a80d31,43.0,63822.0,5.0,0.0
d08efadf-5ca2-4dcf-ba39-6c47e76b09ff,50.0,123513.0,22.0,1.0
fb5b00fd-30f7-4516-924b-be0ff52f2e00,50.0,50113.0,1.0,1.0
1da28dfd-c4e6-4660-9f3a-9e874ff10dd4,25.0,93594.0,17.0,1.0
33edab57-9113-432d-90c7-da7e6d7879ed,37.0,126102.0,29.0,1.0
67d67aac-0fa4-4870-9d25-7a1e2ebbbb38,33.0,32669.0,37.0,0.0
fec3a73e-52ac-4ab7-a179-1238de81310b,38.0,79427.0,4.0,0.0
8528ebd8-8b2e-42be-92a4-36248b5214a0,43.0,111617.0,10.0,1.0
de211323-7b9b-41eb-bddf-33e0a583f4fe,40.0,42938.0,0.0,0.0
85d0ef4b-1fb7-4587-8f61-d4230ea7773c,35.0,35717.0,9.0,1.0
6c18b3e9-7fdc-40ae-b702-4a33cafec455,48.0,107818.0,25.0,0.0
1d3fee4f-27df-4758-8d7b-c856960390e0,59.0,77659.0,32.0,1.0
24f54403-fee8-47c9-b425-3304f4e7dcae,29.0,137601.0,26.0,0.0
a43508d2-7609-4ddd-9a91-b7d65bc0ac97,18.0,94575.0,11.0,1.0
ba3910f9-5ca3-48b2-b4c3-5a6f50421fa4,59.0,109737.0,1.0,0.0
90cf3186-b21a-4360-a24d-7bf56016d739,26.0,46289.0,0.0,1.0
280a2ce0-dda9-4c3e-b850-0abdd413aa57,20.0,54406.0,0.0,0.0
49226b6e-987d-4cdc-9973-993cdd2ec9a5,43.0,126822.0,32.0,1.0
cbbd355f-7f31-4e7c-b381-b9d2b4c8b9d1,26.0,42873.0,21.0,1.0
7b2124ff-f667-4633-ad4a-931e97b5757d,59.0,112048.0,11.0,0.0
7b9cbb56-f8d5-4743-8218-5ac5bc6f0d48,33.0,124463.0,38.0,0.0
4b34f2a2-0593-47ab-b4c8-69ca8762e051,41.0,53461.0,35.0,0.0
87ca40af-51b4-4b21-87da-24deec849464,31.0,50710.0,20.0,1.0
4e1b3f84-b83f-4931-826e-e5a273b7ccf6,20.0,115488.0,19.0,1.0
0ee64582-7497-4b45-8e5b-3d7581652812,51.0,43448.0,35.0,1.0
d31d22b6-135a-4425-9bae-f49d125315cc,50.0,45198.0,25.0,0.0
bcdd1917-0e1f-4113-8c13-4a76025c6fe0,41.0,103158.0,30.0,1.0
668b3039-0db9-4859-b4e6-1dc1e9eee87c,26.0,136384.0,0.0,0.0
96fd3ac5-173c-4061-8f39-e224bec2bc9f,30.0,97938.0,37.0,1.0
fa383e58-8b09-4fcb-ac73-8722536ddb7d,19.0,80799.0,13.0,1.0
e422c543-c7f9-4871-83de-03def9d5cec8,24.0,131860.0,25.0,1.0
cdc39714-c7a3-4ecd-bb12-03f192db5b0f,38.0,124003.0,6.0,0.0
17228568-059c-4f66-aaa4-a97d3cff897d,36.0,64961.0,11.0,1.0
c80d9a8f-e105-4381-b69e-f0f36557b306,42.0,73007.0,23.0,1.0
b03a6cd6-4cef-400f-b789-9ff1be5d9659,39.0,95470.0,18.0,0.0
3de60487-1b1e-4e3d-902b-4df364984f4b,28.0,82256.0,8.0,1.0
68204c1a-f1f8-4639-90d8-b216e2a9b2fb,50.0,50739.0,34.0,0.0
619cbda4-873f-455d-8434-622277273f92,49.0,114054.0,3.0,1.0
8764851c-4ab6-4f3f-a165-21a05e5c8938,38.0,88186.0,31.0,1.0
c3b84336-160d-42ec-ba7a-19bd2b072194,56.0,56547.0,5.0,0.0
64174330-ccc0-4d92-aa42-f08347e89fbd,37.0,124472.0,27.0,1.0
b72cc4b1-83fd-4e4a-a05c-99537c3d99ac,25.0,115823.0,27.0,0.0
60b7af38-656f-43b6-8450-f0a9e7091846,59.0,148301.0,39.0,0.0
678fa35c-e444-4b6f-a061-e9e4a30a4b44,54.0,136887.0,28.0,1.0
d5f1c13b-a6a6-4b8b-a1cb-91595225732d,26.0,81431.0,4.0,1.0
df745304-574d-4f7e-87da-062399e71d94,42.0,55476.0,4.0,1.0
442e5698-8771-4c9c-9f8a-e06f6da8f1fc,42.0,108411.0,36.0,1.0
e4076f8c-bdb5-49de-8697-6713fa9c7af9,50.0,40686.0,27.0,1.0
60d9bd48-3b48-4c95-8ab8-62a8c11092cc,19.0,47536.0,8.0,0.0
62813b6a-6cac-4f17-baf3-5f4032a19498,36.0,64062.0,28.0,0.0
350ad6ae-a68a-4c62-86a7-9ab93e88469e,37.0,78216.0,13.0,0.0
d701c476-c2f5-4e29-af30-6651b455abab,59.0,55041.0,37.0,0.0
d9a27d5a-8ff9-4fe9-8ca9-2ac12da6f84e,58.0,61653.0,39.0,0.0
9b0940b3-9456-46f0-81da-5ffedbde595d,59.0,51673.0,33.0,1.0
cb02430b-12c5-470c-9103-930d6374eded,46.0,40367.0,36.0,0.0
72a5d16d-d831-48b0-af7c-15a035a33fb7,23.0,49629.0,13.0,0.0
745504df-09a8-4479-935c-b36d5c065db4,34.0,141641.0,17.0,1.0
12697f9c-daf9-4e9a-8c99-e644600e805c,42.0,118636.0,32.0,1.0
28334e3d-b537-464d-863d-b413d6b9cadb,55.0,102190.0,33.0,1.0
32a8df45-a85c-46fb-8213-66c6d5dc6bc0,21.0,55063.0,27.0,1.0
0983d347-7677-4cdb-90b1-2af7733b1a7f,47.0,49322.0,35.0,0.0
83ee41bd-8c90-42f7-b12e-d953ee44898b,37.0,114546.0,36.0,1.0
d1e3df32-a642-4cf8-9563-83d9d9741927,20.0,145637.0,22.0,0.0
786487a0-5e5d-49a3-b1dc-760234c73d81,40.0,42693.0,16.0,1.0
b3992a43-5a95-43c1-9550-49d03260cbf3,35.0,39241.0,10.0,1.0
71a84ef2-baf3-4394-a8ee-40c15a029fb1,43.0,59778.0,31.0,0.0
99e275d8-c3be-41ce-a0a3-3c3d02c5ce21,53.0,132379.0,36.0,0.0
8fe12bb4-d8e7-4e37-aae4-227aca74b248,25.0,42651.0,14.0,1.0
0f129b45-3f88-4479-beea-f0e46781248a,34.0,55966.0,3.0,0.0
ec5bfccc-f19b-4305-a233-d0f9ec08164a,48.0,39275.0,38.0,1.0
b1d64222-d01d-43ff-a1ca-82692221a3f3,54.0,75606.0,29.0,1.0
178cdded-4185-46ff-8375-3606fee67627,50.0,31658.0,9.0,0.0
5a95005d-ecda-4d5a-a05f-6ed05b8d013d,44.0,124499.0,22.0,0.0
5aeb349b-a4c1-4694-95f1-5f8dd3629c1c,21.0,102468.0,23.0,0.0
12229e7e-b249-43b7-a0b9-44843c4201f1,39.0,44248.0,35.0,1.0
49ff259b-53d5-49ba-bfa5-bb32c970be97,43.0,54437.0,4.0,0.0
f9503a9c-b25f-4508-97e3-4005cbd984c5,49.0,69727.0,36.0,0.0
1fb317d4-8687-4c70-8d26-8043823851db,41.0,48201.0,18.0,1.0
862b2557-8c91-461c-ada9-328cdc2052d4,52.0,71150.0,36.0,0.0
11e9aa52-1e54-4575-987d-a1a6307a5f4a,54.0,145148.0,7.0,0.0
853729ae-44d3-4b8a-9158-b4a9ceb94d08,49.0,119891.0,6.0,0.0
c98ededf-9004-47d5-b0b4-de02bb364b1e,24.0,44999.0,39.0,0.0
e4df0a27-6bc2-49a1-8b4a-0b1ef2f3d5ba,50.0,36376.0,12.0,1.0
b7c8430b-ab4e-4670-8111-7d2dae950801,48.0,81673.0,36.0,0.0
6b55ef43-cd91-4bcd-9c48-fd96ff26638d,29.0,33476.0,26.0,1.0
f2731949-8b7a-43e1-89e3-70636a988562,28.0,147393.0,17.0,1.0
cebfac78-3dcc-4367-912f-505a23d9d7d5,41.0,99902.0,23.0,0.0
3569e25a-1729-480b-990a-7f5d04685d6d,25.0,144510.0,1.0,1.0
1928d16c-75b6-421c-8598-a8e96435f9d5,49.0,121269.0,15.0,0.0
740d1004-c7a6-4701-88b9-39f78c35ee32,55.0,107994.0,13.0,1.0
4d9b2070-1a34-47cb-be11-f9db93263b82,39.0,92878.0,16.0,0.0
31fc3011-9fde-4ff8-82bf-c13ecc062589,51.0,128331.0,5.0,1.0
4aa6751d-8b92-4a52-8a65-65bb15b61762,36.0,50615.0,34.0,1.0
a12c773b-4d70-457b-ad9a-9b68259da2a6,37.0,41164.0,16.0,1.0
2b29b031-31d6-4b2c-8049-997640dc073f,31.0,69316.0,37.0,1.0
c9422658-f7d9-4a0a-b17f-ad1a9a818dff,50.0,98560.0,39.0,1.0
2bff6745-1468-4199-a866-557c8670c24a,27.0,59559.0,5.0,1.0
d4d05ccc-42df-41c9-89e7-e1794472e38d,33.0,92968.0,37.0,0.0
4ce1d26c-31c0-472e-91f5-40060941926d,21.0,96800.0,20.0,1.0
73af47e5-0730-4c8f-b7dc-23e6a23d0cb7,44.0,39047.0,34.0,0.0
47229235-442a-47d0-9571-00040e5b4fa6,45.0,74985.0,22.0,1.0
cf73281f-c892-4b18-8781-816f730f25de,33.0,102123.0,11.0,0.0
7c3bb2aa-8e8f-49ac-b058-8bd69ed421bf,50.0,36577.0,28.0,1.0
2cf68e0b-d11f-4de6-8c71-cc4404d93549,36.0,113171.0,26.0,1.0
96566db9-fef6-40b4-a455-b8edc3cee636,38.0,141100.0,5.0,1.0
3382e6ce-4451-4d3f-883d-297df4392316,39.0,33870.0,20.0,1.0
9f6c9fd6-f389-4cd7-a121-932aedc435b5,26.0,64094.0,6.0,1.0
40de6f24-d257-43d2-95f1-231333fca593,26.0,85329.0,15.0,1.0
0adde561-9bd5-4a03-9180-94eb5d68c397,26.0,39217.0,4.0,1.0
698e9b14-f57d-44c1-ae61-ada8ef831018,44.0,145049.0,14.0,1.0
c3b78e41-89d0-424e-8f1c-0e25ae3c3e5c,34.0,113138.0,20.0,0.0
f79c8e82-e496-4b96-832a-e488c65e1eb3,25.0,96141.0,3.0,0.0
a957d973-30eb-4f66-ae35-a66de5a3baab,33.0,52343.0,4.0,1.0
88f9f848-e2f1-410d-ba3b-dfe8f0a7c4eb,35.0,80822.0,6.0,0.0
942c2013-a858-40f4-9ba8-e2839741ee74,50.0,43003.0,34.0,1.0
effbf993-ac38-43ae-abdd-b04efec35c4f,18.0,138793.0,35.0,0.0
b15f95be-2cc2-4696-af83-911163a93819,29.0,89538.0,14.0,1.0
0999fb6f-23d4-4cb3-9faf-abce709a5244,23.0,62089.0,27.0,0.0
c9977f6e-7c94-4d37-b686-bed60bd843ee,58.0,83595.0,1.0,0.0
6973f6af-f651-461f-88b1-e4080a1c5ffc,22.0,113197.0,4.0,1.0
4950948d-3d75-49b0-9567-79088abf92fd,33.0,112318.0,6.0,0.0
b8ed7357-6529-4ef3-b63c-3b0a006f12cc,35.0,60029.0,21.0,1.0
48c4e496-65bc-4187-a55f-a7a235a89316,35.0,109023.0,30.0,1.0
1d86435d-c73e-4f90-b2bc-c4a1cdb8a178,18.0,81324.0,31.0,0.0
9702ce69-a675-4a56-ad38-9aa1dde8b9c0,36.0,81962.0,7.0,1.0
597898be-fa3b-4bc9-951c-1bd425be546a,25.0,143037.0,10.0,0.0
63cf7b5f-00c5-463b-a387-91840d2398b4,20.0,69042.0,0.0,0.0
fe382b62-5243-4859-b3d4-39e00ce9031c,42.0,117601.0,39.0,0.0
a6b85a2d-e873-43cb-bd48-aca3ac607cc3,22.0,106380.0,18.0,0.0
a1f002b3-690f-408d-92ef-33788cb0008b,57.0,114859.0,37.0,0.0
a5788847-372f-41dc-ae5c-11cf3ead4139,36.0,120933.0,36.0,0.0
b1c53409-79f0-45a5-bea1-2ba275071880,35.0,75957.0,6.0,1.0
ff74fade-a61c-4391-a1f4-e4f9ca2e9d65,48.0,112864.0,38.0,0.0
1943f926-a439-4a70-a5ad-659da4415173,50.0,73739.0,24.0,0.0
044160c7-d794-4319-9108-01408eb4e9b4,35.0,68733.0,21.0,0.0
fe1e1a22-43ef-4784-9ef9-0f609e67bfa7,56.0,75389.0,26.0,1.0
c80344f6-0446-44a5-bac8-2031f3cc9b65,33.0,59715.0,37.0,1.0
83cd77f3-1049-4d03-b249-68ddf8844f5c,33.0,69116.0,38.0,1.0
bd386ca8-6619-4e9a-b0fc-cbbfcf82dd13,55.0,86922.0,14.0,0.0
2a8d1dbb-c562-4f0d-acfd-1b2adb2b3c01,58.0,86251.0,1.0,0.0
f1a873ba-7305-42f6-a3b3-9831660c0ca7,24.0,91794.0,7.0,0.0
c2551c27-0c87-4d45-9404-c8bb72bf2b9b,31.0,47580.0,5.0,1.0
a81f082c-9eed-4fb7-a4a7-1bb47b1e0bfd,42.0,145900.0,19.0,1.0
45a61eda-4ead-4751-987a-c8e4b150719f,49.0,30823.0,26.0,1.0
f6f718da-f707-410c-a8a7-dab371eaeafd,55.0,122008.0,22.0,0.0
f5113f14-9c8a-4032-bc37-021e077f7bf7,39.0,37084.0,39.0,0.0
800ec25f-02e5-439c-b2ee-61555ce94e45,33.0,107991.0,16.0,1.0
450268c3-72d7-4966-8324-64601e029f0b,46.0,40607.0,12.0,0.0
4d581b7d-d910-49bf-96be-39b15b4acd09,33.0,112455.0,3.0,1.0
6adfce35-abef-4f31-8d56-6e1494a9ba77,29.0,142540.0,19.0,1.0
a16bb805-faae-4a12-8538-558738efbf2d,34.0,114930.0,24.0,1.0
15451cb8-8d2d-4ae1-bfee-28bf1abb6c13,54.0,144540.0,21.0,0.0
5117ed43-f353-4f1b-b397-6a74350dee03,44.0,106355.0,16.0,1.0
725efcb3-5852-4484-8fd9-9c590cdbcd2b,42.0,41969.0,39.0,1.0
2d21be2f-0bb0-427a-8457-c7a40cee6628,30.0,93059.0,10.0,0.0
f252b35c-09d5-400b-a802-808507bd928f,25.0,47333.0,24.0,0.0
0e711fdf-b497-4211-8e2e-4a3562a4cce2,22.0,107236.0,4.0,1.0
5d5e86b2-66b1-4d8a-b18c-50b336b474ed,29.0,127328.0,20.0,0.0
c6b771da-6cf2-4808-beea-fa51414fc2c9,58.0,128847.0,25.0,0.0
d530a94f-a3da-4516-b098-05870750fd8d,20.0,66668.0,15.0,0.0
9f296ba0-d19b-4eb9-a0fc-965f187f9d33,52.0,41945.0,39.0,0.0
54f0766b-18cc-4390-9210-0aaeea400d92,50.0,132528.0,20.0,1.0
0afcdd03-6184-44c4-a511-4cc9895aa3a4,39.0,76526.0,31.0,0.0
3d75676f-01c6-4411-b656-bc4f408f119e,26.0,77717.0,3.0,1.0
e35d8171-1da5-4770-9bc5-2bfea29127ce,58.0,89426.0,37.0,0.0
d428116d-067b-4381-8011-3731ed5bd466,35.0,131170.0,7.0,0.0
23f92fc8-37f5-41c0-b750-7ecb90b66742,46.0,114166.0,8.0,1.0
29d78b4d-901c-4881-a3cc-dfee51c879e7,56.0,146524.0,16.0,0.0
